2000
43,0.9262627549636349
78,0.01181114817369
79,0.9477519538268857
-83,0.8226874914735482
40,0.4184931823230509
45,0.7602772273397066
87,0.1416324286309938
60,0.7551995058601685
84,0.049286767698486944
-51,0.8117619587953951
91,0.7791887579921093
-91,0.02096537748904459
87,0.19704599313533333
-69,0.4982765636766676
-57,0.7702861872239173
81,0.35779745348036573
85,0.7813206677149397
96,0.5965162478986583
82,0.25371666908610746
-92,0.974153478135041
73,0.9818233119792334
49,0.19137341679990838
-66,0.048175126120233
100,0.08811138536940633
54,0.793749185000767
60,0.29138259316027915
88,0.999858171442914
43,0.9657269573563613
-68,0.4387186336151131
86,0.6775720308937656
52,0.3597728288371176
-68,0.13605139089797058
71,0.5735109475812066
-87,0.8666123463545082
-59,0.7623186148043168
-46,1.236590872032428E-4
-100,0.4428603886604804
55,0.9998160143939293
-46,0.596433614803337
91,0.6225432540245209
-59,0.6079367940283588
79,0.9314557110571857
-48,0.5615711315896685
84,0.09676657568092684
52,0.6487346582146913
75,0.783033767172012
78,0.9830003256549716
59,0.5090599290353555
74,0.28644597722116905
-59,0.7545484882893898
-93,0.024401141983076413
50,0.1910811688553682
-72,0.7009940194324321
-93,0.03946798695400866
76,0.2804495315930884
45,0.647350950872038
60,0.4292565422433223
72,0.2770355275844244
-87,0.35806658537029945
-68,0.2714133841284473
-70,0.12110851622330965
-89,0.09369479513022128
93,0.9622307824860749
-85,0.7232757495434864
-48,0.6032660905258626
56,0.9348374164255883
93,0.6907300054818127
-54,0.6307547845894138
68,0.1550152149161711
75,0.5687393073393773
-40,0.21195574236309533
98,0.0986473186824518
-51,0.6352592354736069
-55,0.35646624437287633
55,0.7508190375563001
-47,0.36218121867520126
-73,0.1169226147369613
95,0.6246933901501934
-69,0.8400939288389294
94,0.8049922449965713
67,0.9825978946269424
-50,0.2527971461894082
-70,0.10797116411071261
88,0.4769110082129814
-59,0.014426052563773495
-59,0.8912423919702084
98,0.46733075455562156
84,0.19313366043243552
50,0.8715508651591072
75,0.06520157204444754
-84,0.44821942919218727
98,0.2738889447385183
95,0.49009030475267756
-78,0.7855065969557177
-74,0.572244703939914
-76,0.9925029822418231
50,0.3634187011006714
-59,0.18844857932187054
94,0.6060748510380929
-67,0.8398026242437959
-69,0.3646558905764289
84,0.15660397398579895
41,0.25095933491130806
86,0.7840871592307365
94,0.7586102720360969
96,0.834780593299849
43,0.3261623049758823
-56,0.8084369836804268
69,0.31702498949699986
93,0.4483402898492235
78,0.7864268717845015
-87,0.14091725212748674
94,0.998827297335573
-88,0.8555695214486736
83,0.9770657282477295
-79,0.7582734725147668
79,0.4861835587704235
96,0.8214330171462113
-70,0.3749992503644025
94,0.9400047757778188
46,0.9775129748966835
44,0.08695985487699631
85,0.6900391876236309
89,0.8772402516524662
-71,0.03021560085779451
-92,0.9266751284055705
71,0.6079430163990152
46,0.5996321302922265
-69,0.9187209910085262
67,0.0359048130367734
-73,0.6452396242350452
-44,0.773519338938321
-89,0.927566025579885
-59,0.2704450504569822
-66,0.5555544375773004
-61,0.24590324337964153
68,0.2345613506878017
-42,0.9730016809294475
68,0.4781382709781705
77,0.5613172798136687
-100,0.5557083023583808
-73,0.3639691462304546
97,0.5515308055542121
61,0.0624606094316168
-79,0.521378815910594
-95,0.748532879211389
71,0.028766117334675823
-59,0.6005052995900967
-42,0.8323731016120355
-82,0.09774269254890489
98,0.02525439994872014
-97,0.3272753616812488
54,0.6048209349817456
-93,0.8981187301766218
-88,0.9064503499037592
83,0.5190355084711268
94,0.9544943665199077
-47,0.03251617557130615
-79,0.9796454111719876
74,0.8904159744050909
89,0.7939510257824521
55,0.8543883631573043
-89,0.5926976873857359
-66,0.3970390934289012
84,0.020028649141529575
71,0.5482523434611387
-94,0.9622397054356447
-67,0.09670256676843114
-85,0.754563163193206
-72,0.3310748638810229
84,0.05488090501167742
47,0.2415129563088252
-99,0.0678044724811383
-93,0.04246096459744986
-87,0.6271482428873907
50,0.4071525021397333
-82,0.661854883610003
61,0.19594110387478858
63,0.0933849365458802
-46,0.13050096323719063
-92,0.32055769404684864
-77,0.6193172747956475
-84,0.23555384595934825
-77,0.22312375528571438
-98,0.5426141576620404
72,0.3989422277949217
90,0.894868573184205
82,0.6556760784402204
-54,0.666309028994871
54,0.9609701752362404
-83,0.6924019575130494
99,0.6670624192756919
-95,0.9670766495226243
57,0.7720313614325885
-73,0.5142981996291296
41,0.5422295848024598
63,0.6632402374008756
-85,0.3224468723738054
-82,0.9669413913402835
59,0.3237602806142914
92,0.5006098362732587
-86,0.7670145257247536
-77,0.2584097729290701
61,0.5749738207351497
46,0.6032249772864134
-44,0.8415597905563977
87,0.9947716028449732
86,0.19602906539914444
-60,0.5753798194481171
-77,0.44786120776160254
-78,0.19325523849365456
69,0.20956430040637886
-90,0.41917083539307654
-96,0.6052221878573631
-62,0.40905231110195994
-49,0.37869727757208815
-82,0.6921574096694497
51,0.3038766560765864
84,0.248489641026567
-45,0.49774804178442233
58,0.47132857458521016
47,0.16357881993983003
-84,0.6985321714812154
-46,0.20483625441223874
-89,0.11241965177725655
90,0.7001423288584001
86,0.6410553259533234
44,0.20554364917109813
-59,0.49772483420237834
55,0.43335762797042154
-61,0.6400525013967152
-65,0.8681212187784164
58,0.4509028870760369
76,0.03163055492046574
-74,0.5909191687106309
-74,0.2532601162375794
48,0.26387477672781134
-91,0.1818491008762726
-47,0.10318225917959156
-85,0.775234035205684
98,0.8287639000815588
-72,0.8973998882212967
83,0.551519532948497
51,0.8562600228993658
45,0.6969306265213928
89,0.5329190569938933
65,0.5746407629225396
57,0.13221368033147196
53,0.4975050005212982
52,0.861277193419573
-67,0.4275786342414186
-50,0.9953737567667232
-44,0.5394225567305124
46,0.1864615624591872
-59,1.640885247734536E-4
92,0.5186605610613484
100,0.09381978913716693
-95,0.6154328016962712
-70,0.5029372264266542
44,0.09587076778342374
-43,0.8077481308976634
96,0.2926979921574884
87,0.7914717604443762
-73,0.45370141365622463
80,0.935515331384311
-60,0.6132550201968399
54,0.05106719030836371
91,0.04389421111861114
98,0.5905665393112725
-82,0.17272846629518668
65,0.09598965203559962
-67,0.20762031365402367
-54,0.018667375815886733
87,0.4879301480612471
72,0.850918874790392
79,0.9192653072995903
-81,0.9722537844645773
-70,0.3267421526995432
-91,0.6769854780099575
-67,0.3630627011709604
-75,0.6261646914248871
41,0.8231344090547645
83,0.08075889683634996
62,0.07356349897888537
43,0.1165751376254277
-72,0.4212922283240116
-89,0.0017732801864076553
51,0.8797184208820349
-84,0.7077988701602798
-100,0.09224387181092553
-51,0.31265510875874014
-67,0.4323886960704587
-81,0.795731415762593
-85,0.1970422806383082
-43,0.38564276007824605
53,0.6663897797056366
-68,0.44205573594375613
-83,0.832468655940812
-56,0.5802647447095846
62,0.1507120984303717
-89,0.8999345738170104
-54,0.4883901137439026
-92,0.28917026926393763
-60,0.9143514485063077
-86,0.6397645946456455
-74,0.3703177855927544
-40,0.7425819407842388
99,2.213290232322418E-4
-72,0.7126697203570991
100,0.7963750767924985
47,0.11656713972615562
78,0.6959077563551451
56,0.8997618463258994
83,0.6648008471555648
-59,0.6163011547009133
-91,0.11756683613628849
92,0.9867993123768949
-52,0.10627554264984684
91,0.11272196394057887
77,0.5820542856182797
42,0.6767247993179332
97,0.08477270093067879
-70,0.5994523739937805
84,0.9924149772075489
54,0.1066657357558799
88,0.8913024681179491
76,0.20659297628529316
-41,0.28314956228206645
99,0.6713322745164543
-88,0.186827425818071
-43,0.7589646312316084
-59,0.8242149290943007
60,0.871348898857191
70,0.4937954028876713
54,0.8986068102762221
-72,0.5665032953000126
-60,0.2029080257115763
-43,0.8101479778093147
-53,0.6048140802782487
-77,0.6265848895024743
-47,0.6842346658034714
-50,0.32532721381095164
70,0.5397197608476916
-86,0.9547873393496868
-59,0.474703482373965
91,0.05471758487045908
-97,0.023412593313373975
80,0.7082243791270955
-54,0.1840507643576289
-52,0.5771237203012708
59,0.5997980124480663
-46,0.9591757379270845
-57,0.8919756246664781
-85,0.9592991578424206
88,0.09289354241172676
64,0.40925848920388563
57,0.6025259725960244
66,0.3822045894079532
-82,0.7729728206085325
93,0.851119924309152
52,0.8430168174620077
-48,0.9455891646246528
74,0.7529506285417263
-58,0.22192063815309215
96,0.38382943536819103
-44,0.6206515299107764
42,0.017627159909030188
-98,0.2266654894660025
87,0.6032923609889254
-64,0.3449519119936656
-99,0.5518863100229867
51,0.6744798980824447
62,0.8509456390591253
75,0.8094103947507771
98,0.8786699526592783
-62,0.8672167062122382
61,0.27284230921235675
-47,0.5741407642785454
53,0.9435258646669463
62,0.6073192983681288
-97,0.9541420223081212
-45,0.7680330150768934
-46,0.6897541304485735
-77,0.6506549281062688
-94,0.9071036190464885
77,0.7764123103002728
-93,0.8566534811779691
48,0.7200710702231238
68,0.386684818255413
72,0.00176533797142997
-94,0.5030947397398577
64,0.5167175664770991
-71,0.25130893563697676
-74,0.994440015247567
91,0.5096265556001507
-47,0.5187154555386345
-80,0.602959889903762
-81,0.9933879668054679
-66,0.8445434852227637
55,0.7405431009858069
95,0.7386184865905913
87,0.19143324223618718
-99,0.6928245064308003
-46,0.04154897685273795
54,0.5241545490470241
61,0.845215400615722
83,0.6415757805401011
52,0.0182893262900804
83,0.6621408464987814
53,0.6868682174773212
79,0.9915881575259644
-51,0.9929288140837155
77,0.9666565764604477
82,0.9626602726196444
97,0.9218467671577227
-92,0.11873019336148993
45,0.6809993650072634
71,0.8232370696711512
68,0.6723062929916053
77,0.1636990582223229
43,0.07832690319131952
-79,0.7207686979957637
-75,0.12997228903584124
-53,0.1047382021547042
-76,0.07060008683354169
-55,0.9302211226704554
-48,0.20430529162476674
59,0.2672054950710494
-72,0.31780196947903083
-45,0.3051330384966372
66,0.1601913211246423
87,0.37855814376257935
-68,0.3772576515106574
63,0.9026947135913671
-65,0.6401983780431192
75,0.5698050245007432
80,0.7619822434949223
50,0.1685884994952105
46,0.45256596600213417
-78,0.05477860486394914
69,0.38733541104101077
-65,0.9589659910876326
86,0.32735034591314915
79,0.9447758095191116
86,0.7768628195734321
-68,0.7950995168546741
43,0.7503752559067575
45,0.4149075764904271
78,0.571055798753135
56,0.3956606753928442
43,0.6731145362845449
-79,0.22853478961269513
64,0.3368628239940683
99,0.7122424460801593
-49,0.3663591054506954
53,0.44745819993943925
57,0.4111374930190701
81,0.40565504858247714
51,0.9364979040893031
93,0.008068362084180047
-81,0.5278093468200503
92,0.9436906079999104
89,0.055468615013503864
-61,0.7274510589150224
-53,0.2764154910816037
-97,0.27546470055258854
-46,0.26891053113001395
43,0.21848276898910146
-54,0.018732605501399435
-54,0.34310809167556655
100,0.8417788987386489
64,0.1392392518892841
78,0.7506002268670927
-63,0.528494919187398
94,0.4766559029035866
81,0.17958043297805604
-75,0.5376282301116793
51,0.5008584805478992
-62,0.3972208830017294
-75,0.1965624376992221
65,0.576332228012744
-60,0.8305593023666716
53,0.22781816602384375
-45,0.9503682804595778
70,0.6363432492662935
93,0.16493470135196275
81,0.8197880779096204
-42,0.9637361256246999
68,0.6246883789288431
-80,0.724072517538031
65,0.6762026165340198
93,0.13040458596243676
-65,0.27974176344909074
-51,0.36751645238064734
60,0.9088747453475722
72,0.831882499819827
78,0.5502960392556475
-56,0.5073238088568529
-48,0.7249855837185273
55,0.4868903388596141
-46,0.04430656442021719
-97,0.6985612094649152
-87,0.28540169710149865
-48,0.6541090418929588
48,0.0422114794162074
87,0.8252371552671378
58,0.4027301310683816
-55,0.036411539672841386
-91,0.9613333058301575
62,0.417835184293323
86,0.9543859454068147
73,0.9935409807372426
68,0.8307184877440574
75,0.7880245826684656
68,0.07442370175674418
-97,0.4602386431867945
-70,0.2898729547216823
-80,0.3467905240117549
-53,0.15761032769234684
52,0.48811422828769846
83,0.8602039312620088
-55,0.6841388092138992
-57,0.46019397381678095
-40,0.9820893097226727
64,0.7545790619894156
72,0.7316949702637763
-80,0.6140496482456437
57,0.586034658943406
-57,0.28826590852414724
92,0.6039314065089877
-93,0.6843591492358457
85,0.08726080846011997
71,0.03361625948157787
-52,0.5194200803480183
85,0.49570930210601505
-89,0.15581017526394847
-95,0.22121137345481423
55,0.5404227675154395
53,0.8274690688180555
-74,0.7120384353228986
96,0.531785814008458
-100,0.7372945192256454
60,0.7365327972517587
81,0.7247618274606206
50,0.3460989207507412
57,0.7835902352929717
84,0.7039931758635886
-59,0.7822858199306922
60,0.7240248620090093
49,0.9184285027025746
58,0.5220343564547413
78,0.34992013871890415
61,0.8694833659109551
86,0.6745804226125828
64,0.8383118471766459
-59,0.2301237747050925
98,0.6044352967011541
81,0.7639156993538245
68,0.05731288820891922
44,0.375212941125624
-57,0.4230181904402339
-76,0.03625215853114361
-81,0.8616670026916957
-95,0.8676038065013065
-92,0.02599893891777194
95,0.48331873856988516
41,0.961103470853066
74,0.5788510008971578
48,0.8460721947180885
-90,0.8464563229285517
-82,0.8027286537909742
79,0.7462822509496428
-71,0.9661345983755065
-86,0.5048447887546799
97,0.8835229000646121
-93,0.46481759612107976
74,0.005516451430790714
-92,0.9704585804142489
48,0.9944333090534414
-66,0.8816019768927605
-40,0.0032541110637829274
-67,0.4966172412963039
58,0.19516500426060668
-83,0.7023683182570329
-44,0.06283805852061697
-82,0.01891158007815419
-91,0.5697505026273945
92,0.4709869878033871
-94,0.5394728030389799
53,0.890449822779077
-69,0.8452026133588373
-80,0.9674475511818517
-91,0.8487367025934407
-54,0.6477826548445501
44,0.7690340419697729
61,0.984556964426039
53,0.5546311757385018
53,0.3495295212353826
-47,0.7361519524903394
-40,0.6899275339462806
44,0.2553603901778101
99,0.8666433559359789
-79,0.5316137856589389
67,0.7573676492221554
-81,0.926783911300209
-96,0.8714142689262222
-50,0.21295595123556188
50,0.46057640887424833
72,0.806336707953935
-87,0.17172707227252326
67,0.09428445116642226
-80,0.9620831855396039
-61,0.6043122106909884
-64,0.4677519388123106
-96,0.5140426050538693
-94,0.10166166036094038
46,0.8147555297614625
91,0.5701608244443678
-64,0.5693476581751825
-49,0.09098710929809439
-100,0.16481613682462926
-78,0.6121268430737993
77,0.2820147677199373
58,0.6550950107245036
-75,0.7892598518794314
-47,0.81177790776611
51,0.7248633869549127
49,0.32623765162604224
-62,0.5459428637140767
-51,0.8974397022445876
76,0.48162741457917546
97,0.7920249624007907
68,0.9984006073320589
-42,0.39491707916994623
100,0.4397672883499376
70,0.4272742663072545
81,0.9833072430679062
-74,0.5942277576070478
-41,0.32270883739211953
98,0.39778353712371206
92,0.3534120289550422
-64,0.16261494009445832
87,0.5565097939222302
-75,0.014280943615432085
69,0.4406609395533805
74,0.05133104756718665
78,0.03568199684444284
-91,0.3360930810056425
77,0.019563598240542213
41,0.5555976050068988
-88,0.1038735894649695
45,0.3766131722407978
-97,0.06746631516793411
-92,0.1303110363683322
93,0.5973420390071118
-65,0.6464396489075447
-43,0.41624491872753266
-79,0.838477987340735
43,0.1126254972867129
-46,0.18509440145948763
-57,0.4690312468862211
98,0.11502795113949482
-89,0.7545466116052697
-95,0.6785192765975107
56,0.5159397670225223
-50,0.8655647850357683
-64,0.4966591144147672
51,0.7370883958634357
-97,0.8243615721146318
66,0.7877831869998445
87,0.943474829918178
-48,0.9176629015787464
-89,0.6022455186562985
-88,0.2026896986282659
49,0.7222842893707351
86,0.6132536998798395
-57,0.13688659361177424
74,0.6134326966311988
42,0.9521115952240286
-92,0.5051470233966613
98,0.8970942838180882
-68,0.6714587778139058
93,0.23832014974527127
58,0.874886596947358
78,0.15321473328759838
51,0.22287807421725048
76,0.42361297405092246
88,0.7072953800183484
-63,0.7173318980187214
41,0.6323344964861987
-51,0.889647159727995
-96,0.180758519807805
52,0.7350750720134627
66,0.6373410489957547
-75,0.5482093784007309
-89,0.8372787832481827
43,0.07081109527360996
-96,0.5729545490307334
72,0.7868752699968823
46,0.452354453242684
-87,0.7196012762599537
-49,0.9248281206741459
88,0.5413025308786189
-75,0.38351866544430546
91,0.8521551504181604
84,0.8180937220087523
58,0.35478382538759934
-47,0.9664185017801653
95,0.5531138200581125
45,0.23019135742860752
61,0.7554124557060445
-100,0.3486010707177871
-51,0.048348057376111364
56,0.4276752139900122
-46,0.5321898233605238
-40,0.0037127092164345177
46,0.23355730857468315
41,0.37019158954816656
-57,0.5236310085412383
54,0.05260700795768847
-62,0.6143077311590921
84,0.5992371988748916
73,0.34590055376436213
-79,0.4328956079508174
-46,0.3467485808290376
60,0.4349702653129953
91,0.0822377763030423
-61,0.9047657125992965
94,0.9285982780661485
49,0.14126163876505304
-86,0.33140698194611395
68,0.8584265924291894
76,0.23159231588600704
-41,0.08733637353184431
-60,0.17013497168082148
-96,0.8973367568304955
58,0.9894378293121149
-56,0.8337708213476538
-99,0.5229741813777723
-77,0.2114024829363702
-69,0.5594199318109819
-50,0.5012743491505035
-94,0.15275735469200535
86,0.825627488098327
-48,0.7611577813879038
94,0.7425983074774481
-62,0.985784842573383
71,0.9122323814825878
-40,0.8626085091720919
87,0.13107971653350248
99,0.7681135750019714
-94,0.48805198147985607
-60,0.33127025875655314
55,0.8037405611338997
-67,0.11279238053369223
84,0.9840572381787778
-88,0.7976355805298919
41,0.7525281260606244
62,0.8426150642253777
82,0.37013776971256207
-77,0.788299411220109
72,0.2441952843359716
-69,0.1589397494483893
-71,0.7458202670987071
-68,0.17772621222556062
71,0.46748453118986644
-61,0.5743487303626242
-49,0.566386484294306
59,0.9805333690117624
-40,0.6556927515434576
94,0.7354001963205309
-70,0.9638944437581713
61,0.06024880850390557
53,0.6133584223987409
63,0.23144979965738754
99,0.9438947832068031
-45,0.5658528330267654
80,0.7877266504152584
81,0.23649615910070287
-95,0.5911735137818981
-61,0.4240154905874751
-66,0.7688116490887129
94,0.3632311250841348
-88,0.8016418700360043
55,0.012792370737908287
-74,0.37629035837501734
60,0.4219528315681481
-65,0.47253237980995677
-63,0.2216435030898123
73,0.2971247831175704
-64,0.8717248075626592
-41,0.5293496745695128
80,0.46299110301423807
66,0.5747250202934906
-88,0.6271423248749345
93,0.6455637506997243
-56,0.8421341336835025
-78,0.11862854759394448
-54,0.5412929184951242
66,0.019822066699664243
-48,0.6151887108277679
-66,0.8030858410258018
-43,0.32397473192355486
46,0.11549648049094996
95,0.26882498001286104
-64,0.6536063316539991
-67,0.8739632069755573
-71,0.8386692705699427
-87,0.040923111790731714
-50,0.08243245892405726
45,0.005092613089898834
-77,0.2332026376521642
45,0.4678719529093617
-78,0.12707421799696028
-95,0.3281462151888356
-51,0.40532393274975054
-73,0.5920859962784553
-91,0.17045010463611687
-82,0.6140247698777345
-93,0.055199067352098674
-60,0.7924174981001687
-68,0.6768447152628597
-67,0.30838993121826097
-52,0.6892547357037202
-65,0.8104925805309777
-71,0.06480741876157492
-87,0.99395583246722
41,0.3145497347657237
-67,0.4376010156859377
-81,0.9562803016541944
-87,0.5038282761188969
-83,0.17528421150626228
-58,0.49962183354371925
57,0.6906575507193601
80,0.0777678481185482
-45,0.8815753944695329
-87,0.23156772861024877
-73,0.17314338166681198
-43,0.4229797854437656
58,0.1019166843204411
-100,0.8686831551607206
-99,0.8386882261334946
-49,0.7920099270066678
-52,0.8432765237583928
96,0.29763249348690124
-46,0.7559484568579186
-59,0.22255255111207561
-48,0.2265826911180695
48,0.9091662166661648
-94,0.6701277403675485
-44,0.8974526465382446
84,0.5803758637729117
-97,0.3727545293359489
86,0.08922316467058233
85,0.17791177635600186
47,0.6217064126571387
-49,0.9140297252208706
-87,0.35511254316258645
55,0.23888286094487288
-68,0.4708868862492538
100,0.8174795203418028
-87,0.009084098001339691
88,0.3928662406031832
-73,0.255501666981354
97,0.2996858904946922
-100,0.6608229622272107
64,0.12679572896241076
-52,0.09911446272513158
85,0.6025051203383458
76,5.339775738891772E-4
-40,0.5964297513599786
-99,0.3614035711525977
-82,0.14093615367583978
-81,0.5557932597257204
99,0.8236398075561261
91,0.098993644231966
78,0.8070264268930921
-94,0.2878861717618675
-42,0.12421405131600227
-85,0.8500415203386364
62,0.07901526268185943
-48,0.14680221933570192
76,0.3572717041265585
98,0.01067352121094356
-70,0.41401731113430806
-82,0.25972286025221136
50,0.43210922048207456
-75,0.2676598672605781
-52,0.512899097291094
-86,0.5147505844809424
97,0.1342764853330739
64,0.7792514383836118
58,0.4376041488413843
46,0.9197933353809984
42,0.7399080341315272
-72,0.05489277813684068
-90,0.23403326096413934
91,0.26593144855342987
-68,0.07580989538576377
-72,0.7745647652827368
-93,0.6676880997126939
-66,0.3052582383443704
-50,0.6525303834122267
-88,0.10979911913691598
-77,0.9146380889432756
95,0.8651002530064626
-80,0.248618932119949
40,0.46094581754903274
49,0.5669719662411699
-80,0.06368642528210988
72,0.856503943727773
95,0.909064140054334
-44,0.10974669451861763
79,0.06674995024024677
53,0.21389696036381467
66,0.0958464665978137
-77,0.10554845711466765
40,0.6302104467009881
-88,0.23935759263600742
-71,0.691273578244113
-92,0.6831320234239286
-87,0.010998322438129371
59,0.5666293223175674
-89,0.08623866606052621
49,0.5682053575801254
97,0.6962469850581648
43,0.02958362080225463
56,0.45616703149048676
88,0.8172796351083911
76,0.8004931250335579
-87,0.3880861236435398
-59,0.8816969781197995
66,0.6196044838426507
67,0.9111885096432427
-50,0.8048249322816309
-59,0.7837764687193531
-55,0.017561696559536877
-56,0.6247417851955906
-58,0.5841181326338952
-48,0.5330697230237417
86,0.1624902890169957
-41,0.008472262611258552
-44,0.46594377685674293
64,0.7273562280323375
-58,0.7707693023044058
58,0.7482714208705972
61,0.33191226998967793
-41,0.29564444001734735
-61,0.7740845879206188
61,0.7974330960755324
78,0.524627949934786
-95,0.28401082546233003
-88,0.7681587031216802
59,0.9290258288115875
91,0.10786261912728279
51,0.905714513944744
-64,0.7558235438972731
84,0.7123462070574328
88,0.3021908909716592
40,0.1969267376628756
85,0.8531679982983194
70,0.083405512606612
94,0.019213605909444542
-45,0.40945278242001215
-99,0.08159315399232414
-57,0.8600659102223709
-75,0.8872218766974274
-69,0.09311444467837271
-73,0.10396058176860112
60,0.26435700425690123
-76,0.4121313596732048
55,0.6729984786314065
-53,0.7796195321309293
-86,0.7576670688937831
77,0.9497425240439088
-83,0.2105670077661691
78,0.7109513381755459
-98,0.26891778128418353
89,0.9788594201642193
-99,0.9526639728772263
90,0.533170293675506
86,0.20149507840525882
49,0.759525925708589
-43,0.21874131195531732
-87,0.559472184666438
-41,0.44162293606030456
75,0.8366152865376032
-70,0.1541672283139056
51,0.5352231249467838
99,0.9590308658203806
-83,0.006234685409705731
56,0.8862683898741106
-41,0.6777327980002257
40,0.49018001109729425
-64,0.30088401028757816
76,0.6597964712674751
-58,0.8822579677447382
-62,0.22497700124610653
-74,0.26903388519405824
-52,0.5997990086852252
-40,0.9602332941418678
-82,0.3798180750346172
78,0.3257647694725755
-69,0.8524132225569644
-99,0.042328895003120204
47,0.03297133261519991
98,0.23333561693083893
47,0.9878907354949131
85,0.8267844689534116
66,0.6227173711053696
-81,0.8340271550892812
-100,0.7152000039163818
46,0.18257223427375002
46,0.06433429131760104
-59,0.0023309538908463656
-62,0.15384268542681523
-46,0.7272925087178999
44,0.5289258139838305
74,0.4095330101047294
-43,0.1360587244028102
-70,0.39130660539235584
-70,0.5452560942917293
-51,0.10096579337870137
70,0.2713843986948353
-72,0.6524639653704069
92,0.2351685550374235
90,0.07468045514238197
95,0.7955665004615083
78,0.07988189840870363
-89,0.17383017622012553
48,0.020016871000519965
-58,0.5471249093046139
50,0.060587391082240316
-81,0.5779568099291105
-76,0.12552579977026979
-100,0.7673946835675608
-50,0.09943274637409028
-54,0.26833902528636144
79,0.39792405715969825
68,0.8036683250581732
87,0.8805478219533813
-84,0.12740229525314317
-51,0.2472402788609379
-82,0.21009742443187085
85,0.3576932284963019
56,0.57819885299517
-88,0.18803524381384495
-91,0.18730215285462504
65,0.5012307364271956
-62,0.948143535205419
72,0.38255727571836673
-62,0.7791763300020004
-68,0.9710286637289156
-57,0.44896892133543675
-87,0.4089201332511917
-98,0.7541645772028042
97,0.9074709256738507
75,0.9037900645964018
-92,0.0758666808689692
-55,0.6383271324637214
67,0.23684110364517486
88,0.2828323973722634
-84,0.3254091102596466
-53,0.9387971867090401
-88,0.3727034156465314
-87,0.571291169187464
-73,0.26561223447634996
52,0.19877465080229884
-95,0.9615045858289933
-51,0.4859543573820648
-59,0.1580133678857909
59,0.15898891687167427
-94,0.36847219843185475
99,0.08163500339409757
74,0.7476487024426021
-89,0.9656026719345269
-97,0.9289862872467407
95,0.3441236690558801
49,0.6683828332354327
-80,0.060817979617017626
96,0.6009530259794859
-89,0.45328464438046134
49,0.7822144286820251
-42,0.11998430926422043
-88,0.5453101827247478
-80,0.5180847985679539
-76,0.21845769843456775
-50,0.15779774907403266
40,0.3346467018351891
-86,0.23475715355671056
-65,0.5671760018713289
-57,0.7162198158494715
-81,0.944018997818896
69,0.09996566753773883
-68,0.15097021496107188
45,0.868032725821921
64,0.4133991016105767
48,0.5227519288320979
-49,0.5502012571650422
92,0.6224876708046944
61,0.08779118786110018
74,0.42220810587127666
63,0.5889528172362947
80,0.20329133141886557
-76,0.6389039033283693
-89,0.6722348284172194
97,0.8025165092645831
-62,0.584215238122933
90,0.6513687101173073
-77,0.06040697335604395
-40,0.0019087493991398752
-80,0.6139011264548846
66,0.4168446085537215
65,0.2648837162290474
84,0.9269047216174484
89,0.03897531573035695
-44,0.7209523431935615
-51,0.7214640862132862
72,0.13630170073605907
95,0.7433732113876266
82,0.830832036616102
66,0.15230249828799058
90,0.2226005304867219
-90,0.5618149708159647
-72,0.5952202386683714
-67,0.9584635653743127
90,0.1580203182157378
-53,0.09666190259296648
-59,0.5542933587422202
95,0.6404091436984288
-66,0.07973850829239204
58,0.06992250986184423
42,0.22312661555012325
-72,0.903674422309807
-70,0.10447431766873905
46,0.875965809589877
62,0.2604690257678415
-44,0.1314045584362894
45,0.8260109798454512
99,0.16553924018733135
-87,0.06363608137209975
70,0.4610868725187569
-49,0.9939779652033348
-51,0.48797671134524323
-76,0.44067402132743505
-81,0.7897279470961414
-69,0.4981914555013005
43,0.24602213220273428
-68,0.40255063208487896
-97,0.6498887662007655
78,0.19007759824372694
-75,0.4764824395744798
60,0.7909793546052394
65,0.048405612777762785
91,0.26118001720517536
-47,0.2599633909854555
-90,0.41158489651505925
-80,0.04028793331434932
88,0.868479054639437
-48,0.8842300551849102
-65,0.5774702468984297
40,0.02219874830827029
-73,0.4472271610403703
-61,0.23827375417933472
81,0.4848463422739593
53,0.4730871976234362
52,0.6842316270779981
77,0.297955428920219
-41,0.6402373805613922
59,0.14395696781408962
-71,0.43799170954566
-54,0.9791350703446275
-81,0.6378764037660101
-62,0.5044179835945395
-100,0.9868245230084425
55,0.08048568371629095
80,0.9462570163812751
-79,0.5905836459289179
61,0.8620899456132082
-49,0.5157290418146696
83,0.004408973509004488
-56,0.2670388460637252
57,0.1808521567350715
-53,0.5438205427715225
43,0.8513168471427219
87,0.3150192399572507
95,0.8307911565502653
77,0.24564785754999463
-81,0.7160024185816001
87,0.689605256317783
74,0.07990458916512877
63,0.06709906319366032
42,0.4811432369697649
-53,0.7506490720615566
70,0.18451695618278574
-84,0.8508933690779565
-80,0.6997012579364336
96,0.2653167584418803
-60,0.351339300308833
81,0.4133577023687065
55,0.8918866024440739
80,0.5045414413188684
50,0.9727996704418139
-82,0.3873708404824293
-51,0.1788841168796611
-67,0.8113479115344964
60,0.3995905429601645
71,0.7489862639691687
-99,0.9201206968462493
61,0.6059228332875174
45,0.6403566402207052
94,0.17278359025550927
90,0.9124537591791554
44,0.9104690645866904
82,0.2856725297120888
97,0.11978784211054927
84,0.8825126056734169
-94,0.12629602987455357
-47,0.6419364347491915
-47,0.35183472733914356
86,0.4575257162446241
-48,0.9762633870770818
-84,0.5305327985921582
60,0.3875489603960637
-79,0.5353191179222663
44,0.23760752206612934
-85,0.45859331518229496
-97,0.2676422768168716
-40,0.9907717385249785
79,0.1333463436406268
-89,0.8999118381088203
-98,0.8810261808206754
95,0.9538661993344041
-41,0.024870512599128203
-62,0.23804617261809768
-72,0.018273994441148966
-41,0.47357417878427954
75,0.3539938346968944
95,0.518365339346117
72,0.26525568474824046
-83,0.24216755246812927
91,0.6196498887845754
-49,0.531778168483662
-91,0.8273079791919257
57,0.1961478974800439
77,0.5425853180557961
45,0.910105297458136
-87,0.3830915272381433
-64,0.23283860981389148
-56,0.4708150278780161
71,0.8515333089536903
88,0.1073254501071742
49,0.9857853454198173
-46,0.5092680216277622
96,0.8143162333433464
-97,0.07287946181599103
100,0.5874620714774088
97,0.8189669865707525
-54,0.017866352704573152
80,0.3452418934385866
-78,0.6143817342947638
-44,0.024248718718513085
95,0.8726027056961195
-74,0.21617201461300284
83,0.9575616540226731
-46,0.6909463914825428
74,0.523402097403898
-57,0.18838287931791142
-47,0.19039615143185784
84,0.3941191536836759
61,0.5362244959742759
-75,0.5193915336053089
52,0.11633955850179079
72,0.9808279638314628
-91,0.3834604218863269
90,0.360210701833084
-87,0.570404881162911
92,0.2516213733565572
43,0.7907755694247303
60,0.7833470334388286
55,0.22133479365046282
-61,0.4338082559318541
-100,0.19670328587810815
49,0.28460816405136447
75,0.07540333304440705
48,0.5002592978934827
46,0.5459631872555002
-79,0.6645114796145533
69,0.6181578548254735
-93,0.5993925699489635
-96,0.3884599673635817
-77,0.5476257140427006
-58,0.047012831875795524
-45,0.6051627044936272
48,0.7881433550525324
83,0.18196541447629133
72,0.8454584103752532
-78,0.07028758440713168
63,0.8593868065111688
-81,0.5755983204957537
-55,0.028748170561318065
-61,0.6716098905825215
72,0.8432688409685836
-41,0.4739134868193142
92,0.7512821740227154
-63,0.5734056514295568
52,0.5121175648888525
40,0.15853813751761492
42,0.6075028587658506
50,0.002615286773706371
-84,0.3479059860355115
-71,0.5576798099137028
-50,0.8809731753671826
61,0.7293873125582331
-77,0.3785609147557988
100,0.6977092205497782
54,0.20040751392442102
-42,0.07698836815410581
44,0.7759768456010181
-46,0.09708882151954146
74,0.5467777039421466
85,0.5470479886815072
-77,0.32050090638980355
100,0.3062908123779745
48,0.32221826050065927
92,0.13926978403030466
66,0.6188824297557847
100,0.43113736952208326
-100,0.23930601227580794
-56,0.9691553695661129
62,0.5261572933156662
-65,0.14203514079346913
-88,0.11839114284738339
91,0.842951360155105
76,0.5666635743014582
-43,0.36786477872042045
67,0.2910084631730723
-48,0.03594345107054564
-40,0.2753611834145627
83,0.6008260159154274
-92,0.198998724660585
-83,0.6383860500337387
65,0.28785581362246015
-49,0.4973267341564923
-78,0.9518218564886619
-56,0.48276985729534616
-74,0.6960028436254552
-71,0.25004481693246416
97,0.05864534976659308
-99,0.8467938858320836
-86,0.6556942282185296
52,0.027579594956933184
-44,0.2871424939501498
-43,0.8383222392849616
-75,0.48440778932028505
-50,0.6306495229736276
56,0.6175370658703273
-68,0.6117705940821272
45,0.5183246159092307
-94,0.3975811007344635
-81,0.5582821270825052
-100,0.3397804843943032
99,0.8122972186541835
-82,0.306873713143065
69,0.6688626934549997
-97,0.16970478514599374
50,0.36067735434810944
-44,0.17091383865216592
-94,0.9955631456272848
-71,0.23134050558292507
85,0.892989228446253
-64,0.7924510935710686
-42,0.26764212341756344
44,0.13051013576461945
67,0.4556600579885687
89,0.964237738671154
-47,0.12420906955166966
72,0.2625062776947179
-72,0.9294969985520224
56,0.23227246906517096
42,0.34619813936575106
-90,0.7100786450157442
98,0.3523253449850815
-74,0.41437786822742995
-64,0.053186783996870046
41,0.4525561358552037
-75,0.417180224820936
-64,0.968380903478504
72,0.09140801952435507
80,0.10586155437066092
-40,0.7986699140293626
-49,0.4379536224950813
40,0.3871566175140012
-94,0.4375895783612289
-51,0.023605935445916493
-64,0.369211621300638
63,0.8688912961329819
-54,0.45698370670058275
79,0.44672131366033907
74,0.28745575284496905
-89,0.6716866209805636
75,0.9665609542735935
87,0.5182751570628774
-68,0.550982610654955
42,0.7292895473033184
86,0.08029803177962014
-95,0.9375684177830285
59,0.15767738181012325
47,0.5318873040078269
-97,0.3627061812298634
-63,0.4748714983519974
57,0.8701426515711274
79,0.7817950388023988
-47,0.9237861343009033
65,0.21399219110084167
-87,0.3464052161989951
48,0.914622880758443
72,0.016768866237325653
-54,0.7186878120248295
-62,0.3157823348359814
48,0.9700838597619137
90,0.4287114111825189
-66,0.15835254212957772
-69,0.22327739724042917
-56,0.09445558745839444
-75,0.22843183340230044
-85,0.7418876213472467
-65,0.18091513056744513
56,0.035810302724821996
56,0.24193063692689765
-61,0.9033880933667919
56,0.5107139535323435
-99,0.35347911607202165
-83,0.9623606176202842
-40,0.5592570623003639
-44,0.6415339898584753
53,0.7048184077007894
93,0.46977085359225135
-77,0.4135844502179654
85,0.6308263627332058
-83,0.4951973166423024
76,0.33526495053488237
88,0.7271038114626
90,0.12235029276649922
62,0.38122711516791186
-71,0.41487709435776343
66,0.18476788020954316
91,0.1222122548235206
44,0.6026048758668021
50,0.9003845221185204
-44,0.49795927970624343
92,0.5781210357772025
-51,0.8845451637590829
79,0.9874377697905522
66,0.15958015545362347
76,0.38054180012931726
-66,0.7006254911121137
-100,0.04580551356947138
81,0.33374032572484746
81,0.0694707367420705
96,0.014972006207109811
70,0.23219367047920536
69,0.20649100050778812
-50,0.2268416584726618
43,0.23306459761449794
50,0.07301358138116032
57,0.25002658322030236
-52,0.2621142260899956
64,0.9820410506502929
65,0.6626369010518409
-88,0.7600045616965299
-83,0.05738311459756806
57,0.5142322351247657
80,0.7720903172695052
-96,0.7141097973269437
80,0.7283864074315884
78,0.9817614487185061
76,0.34380603451962277
62,0.469715647133769
51,0.5790801942799457
94,0.5653927317655028
-40,0.5599587520555454
47,0.06947149506954153
63,0.17998573005121
75,0.4574145959404642
-89,0.91508373490846
71,0.9558726825041404
-41,0.3843046917437656
-56,0.9961971266348075
-84,0.4980844737037037
-64,0.7093449607494362
-88,0.010836852908333361
61,0.8291617521567283
-46,0.9944029210529792
85,0.019103005182671717
-82,0.8690235079113061
-54,0.8412550312763818
-98,0.7560386503192473
-99,0.47201801241901853
67,0.7789795630182198
46,0.7276188953250713
-42,0.6552681441985961
94,0.9019570915732451
-68,0.24816535676953233
-55,0.5120015907798238
-49,0.33732899931407345
96,0.9805327366033357
96,0.506389628999193
-64,0.016555104644046414
-64,0.9179978425038396
93,0.44992792884133215
66,0.6721225001507942
-44,0.2740163265873531
96,0.13390522451238285
-85,0.899438535867989
-90,0.9256381087641125
-60,0.139870817349377
41,0.44659431645211034
45,0.26960164163365397
63,0.6982940690209929
-51,0.9099497527388125
-99,0.6257448506466582
67,0.3312544750287508
94,0.0522951870241013
49,0.578011919832887
93,0.8926471851225745
99,0.23159577122477149
72,0.62157710095998
75,0.4782142868608559
-64,0.7919259844660922
-60,0.8252974668665828
-88,0.711985039230389
-47,0.4489764272205211
-63,0.5776768767567299
-63,0.9159414294419683
-57,0.4177117252674696
-88,0.32759538488507156
-40,0.04959313307355484
-83,0.7215324545068348
53,0.9009977156659363
-75,0.5390693320795633
56,0.4553243531546036
68,0.8475654491369466
57,0.30338633480658395
82,0.7779395772631409
51,0.28722224363480076
-54,0.8021007364455368
47,0.10936443055399403
-72,0.2985626371619242
82,0.5447932115551816
49,0.6195290143260207
94,0.1670095112944392
63,0.1270751643004292
-92,0.30859150485793485
69,0.47318279254723783
56,0.9853024808632623
78,0.5874160559960593
58,0.27695046039257953
95,0.2516788098109429
-49,0.37405459530595586
93,0.8941222558266889
46,0.25386370930838886
-51,0.9498518389536911
83,0.969936067918093
-80,0.20621525467335555
99,0.4444922392424263
-82,0.38236695733520687
-65,0.7008831983137245
72,0.4593481586944317
81,0.8141869181231044
-60,0.16657434356797018
69,0.7811992241416585
81,0.4974834837199975
-60,0.6975808762075145
99,0.14089623257338202
56,0.4009541813294607
-62,0.5107243875417166
86,0.3062193240467217
-88,0.3860138120097013
80,0.8758271105899518
-83,0.5525230636182196
79,0.7763591730775802
82,0.7983464351275504
-77,0.657323838676335
-76,0.9573416524871987
53,0.922984629670376
-96,0.7287940086507703
62,0.2683419695609247
54,0.8089429081440807
59,0.9217484977767822
-91,0.5444384877847874
-60,0.9253441616350007
-100,0.21983894273199422
59,0.7274643359848
-54,0.09687787047312668
-94,0.33593991598024375
46,0.07402828831534713
-57,0.15593680540174115
86,0.9880922787707889
73,0.9194647640304113
-55,0.05800306718678505
-56,0.2053332059742713
-95,0.21321837521559095
-52,0.48818496360668073
-41,0.2591091775788136
57,0.3739628022852569
88,0.22933475619836008
79,0.2480453668539948
99,0.3456948530551063
-41,0.4432436948660754
100,0.7503378376181232
-62,0.8304162238894562
92,0.3600833288765828
98,0.43780269476353484
65,0.6002141617859993
60,0.9500846251539496
46,0.4532582070290482
99,0.24906627486369348
50,0.7704913513380778
53,0.19977496409319662
86,0.4692504614735372
-62,0.7143654465093925
-51,0.42237705460632335
80,0.437771695099332
-85,0.14756845609515157
-45,0.7804914832312916
-79,0.9500712452276724
50,0.202757380566436
-42,0.8536136411302984
79,0.7488030680656639
-49,0.37896409389595387
86,0.5987669428488872
80,0.16987588203408566
45,0.4983999584560458
98,0.3109082938989386
54,0.13319963220829456
-82,0.3848043134602921
-97,0.014542078508114065
76,0.3484808517070005
40,0.06211770884255652
73,0.90160114228337
42,0.5114069117540697
-87,0.4311263500997058
-90,0.8996011017679697
-75,0.8557869920988311
-94,0.9314424915087228
45,0.7983001385218222
-73,0.8817157303122899
-92,0.778238498697309
-46,0.6279870229749974
47,0.3582062654867556
66,0.34069240767993325
-78,0.9695000391710898
44,0.5934902943652979
-66,0.08545180713739853
-65,0.14120232189460769
45,0.3615231519926303
-77,0.6825862901273735
75,0.6969156555609911
-66,0.5581542309270174
-97,0.03458880045720336
-77,0.8974301224455667
74,0.2623564061822814
92,0.23422740305148293
43,0.2300191622075387
83,0.9521269333386135
56,0.594760576516432
-98,0.14539335297441225
-85,0.6533871676629182
46,0.01374391134719044
71,0.23515896894742627
-71,0.8239689713708875
-40,0.0982837537737784
51,0.7293114130851082
41,0.5976154537010434
61,0.4412819171126937
-56,0.9373039568538944
63,0.3913821025619769
62,0.37231918223400406
-53,0.7358189539913795
-55,0.8247648953113477
90,0.36913240111371426
-55,0.5981875306068871
93,0.1877664806162589
50,0.03477036172660464
70,0.7376535202218678
-67,0.9111140495361356
-81,0.2871418499575613
54,0.2185876472716528
-60,0.3749941156896931
-75,0.3499718577126356
70,0.22025289240702906
65,0.0069046547070887865
-80,0.6646801594388475
-96,0.7597095093284908
73,0.8080124161257517
-97,0.8053862047916517
88,0.34085210546149947
-57,0.26935349987787005
48,0.06967322835366985
-97,0.3360504318034149
-98,0.9438232049820228
83,0.5424570855237901
-55,0.3568385039528956
57,0.9623374790620582
-68,0.8157770798419967
-66,0.49851281024885097
-56,0.6051411988758009
63,0.6023446263571706
-57,0.559486483551122
47,0.9860718595067957
41,0.8847755158548943
50,0.0825526900867436
-73,0.4073495498215348
-64,0.4517902035060215
-73,0.09610213432357229
93,0.1134716099715739
-86,0.003703601334435147
-73,0.9943482058882802
-59,0.35283853631331297
-79,0.6789828960927927
55,0.6902909888711781
-48,0.31816668619486443
-96,0.3228839255491789
83,0.5227595536074666
66,0.502914992462185
98,0.009069111998983415
-80,0.5556185542625859
-44,0.58799519323867
91,0.7367383747090643
93,0.2425162416942479
45,0.6145549282831414
43,0.7207752404649072
-46,0.11834116729625499
82,0.5047658138396871
69,0.6555087648814513
87,0.6827754438247311
-53,0.3345677843352799
-44,0.15828672244465114
-92,0.9429954396999232
56,0.5355738240165923
-75,0.9113585128271336
46,0.7149837249696099
99,0.6813476280910545
97,0.7567139611797278
-53,0.2101737317448802
-82,0.49426486270266645
-44,0.45208864402700355
88,0.026759447139343306
48,0.6152836286451959
92,0.9377108769591942
57,0.4953844558166176
50,0.4869302105932183
44,0.8221102709017273
51,0.22808217620287752
45,0.050937613230234824
95,0.4085133721720776
81,0.5049726774170525
45,0.017625302374900453
54,0.9824740935564018
80,0.6380932003366926
-52,0.5420000690950346
97,0.009117955490540175
-75,0.9500142074755392
-76,0.8867453366808249
-83,0.40564187489511927
-99,0.8528175267680185
-40,0.4654069078991183
69,0.9166932123613902
-58,0.28911794264786783
-65,0.32345525068707326
82,0.2691465880596431
-80,0.9455249859248863
84,0.03231557603939372
64,0.023644265358983674
-83,0.600280146344614
-60,0.13592176278245693
-53,0.935054948340786
-63,0.9235464542337181
91,0.09625115025700115
71,0.86794916385992
-91,0.1013078513115947
-55,0.8913699006711399
-67,0.2558172163451119
-51,0.6013154342868386
-74,0.0448690978367734
-74,0.9952446450468575
-85,0.6257155217203846
78,0.5266016081982478
-64,0.9051440767758769
-56,0.7642517399478902
-93,0.13054077855848223
76,0.8773202694088825
88,0.7711294366711616
-99,0.7848567598368082
96,0.25533854564099234
52,0.7287610176266803
-87,0.2923288567493688
-47,0.9787252933310508
70,0.11170632789069268
-78,0.3449328361976206
-97,0.9672591304095978
88,0.6588751697066705
78,0.7707337229422068
75,0.6515141484608654
-43,0.2433661246339136
-55,0.9933459814162806
-47,0.6299020008567212
-65,0.2105741858331287
-71,0.8365844112964644
81,0.8190435733208565
60,0.9961022785820142
90,0.15192961826381302
-44,0.4844381653553548
-87,0.8431434312070148
89,0.513221379694627
72,0.8763528509688386
75,0.6834950950520372
-75,0.14541365810001228
57,0.5402820654678868
51,0.9874493642802448
-85,0.8301493975911648
-86,0.552044612620586
-88,0.09491517332309618
-88,0.8318734843368073
-99,0.5831233348762673
84,0.8900488654150477
-90,0.516978597719021
-59,0.23165330755455193
-51,0.19674162195985656
83,0.35102207142550523
91,0.5784281953998687
-87,0.4777469213143719
-87,0.03594658308779608
-59,0.1940311375422834
-98,0.3680845236372734
-87,0.42055404392413953
88,0.4771862529780091
-51,0.799623518214168
-73,0.9137278101440051
76,0.5409583330444188
88,0.9237211964880924
79,0.6504273176285567
56,0.16899368856065888
-79,0.21457744803206646
-87,0.7195607997518936
81,0.15853894733357177
65,0.6888301544206934
89,0.9922494251710497
-74,0.3331527974403491
58,0.38587120708816447
-61,0.04481609051017288
47,0.6113854974606985
-54,0.30011477793340335
-94,0.6108617167416639
47,0.7904303738067782
48,0.6256710731113917
74,0.06370971499432176
-89,0.38341764620668195
-81,0.5763998564520574
68,0.9946979109354419
-98,0.03243220614856457
-48,0.1796996956566801
63,0.8375431438828083
-57,0.710462714003782
86,0.8859858192124208
70,0.019324719231082033
76,0.32506684756008064
67,0.5542681700927945
83,0.4040962494079431
-100,0.43979263529561097
69,0.6420595282052735
81,0.3754144913723043
-79,0.8670187824555984
53,0.03642051677641922
49,0.8549675966168544
77,0.8621709732471973
91,0.3822627976287729
-78,0.37079236875805677
-85,0.20012689869024003
-53,0.6358686589124211
71,0.32897028195001676
66,0.4267106536860521
93,0.8819623722032726
-70,0.640556653398022
-75,0.4795487876472838
100,0.9498615706685133
45,0.9682575153766397
-100,0.22351635119638769
63,0.25757419974478035
-56,0.9458825951960566
52,0.4279341994749679
-45,0.006029333239696566
65,0.02164179608073069
82,0.3312479136013481
-58,0.42807260305913264
74,0.6291461010433245
-58,0.22675913321604368
-49,0.23236336952041503
57,0.10944031179990299
-91,0.7258048188028776
44,0.8080371659030199
-42,0.7104893593520911
90,0.19358785703492343
74,0.018500114495082265
-68,0.15585156280041923
-84,0.7535867122570521
-44,0.9396083771460528
-41,0.27080441589380877
-75,0.6073086352998897
-94,0.2209071017043318
63,0.1649466566609068
40,0.9313948545061324
65,0.46576574424383843
59,0.052125915257498656
87,0.2721832805893024
-64,0.7008412744568009
-97,0.1783190520425051
-43,0.4600424277470695
-49,0.4825073138462953
48,0.9242619219368755
64,0.45058659009240354
63,0.014348537118963556
93,0.7666313507228975
88,0.6670549756403947
-56,0.758777268605297
-62,0.4936935599063943
-100,0.28519064262768323
70,0.5662657328045353
40,0.9309521963072503
41,0.13424967262468845
-63,0.5032078783937979
41,0.06675109335201268
-49,0.21254737658380807
-94,0.43520894691202006
72,0.5269939459837031
75,0.4491539133258059
-84,0.5056414815178355
-47,0.9951192453873697
66,0.6268940779397945
66,0.13580183996243167
47,0.2771167109145053
-71,0.9476931329177712
-66,0.355577773091453
-43,0.12099702346412855
56,0.9677739747752789
-98,0.441700386099972
49,0.14911021107066613
57,0.013763730732761381
88,0.6026288495075456
83,0.2667813675227424
55,0.806831684742883
56,0.1039736273733135
65,0.7020276142009466
97,0.1654946065178775
-72,0.7861106435876288
-46,0.06686909933157581
97,0.523887718419489
-94,0.591639495694165
53,0.8193252981669326
-84,0.40635704577890164
91,0.12928066106933078
-73,0.6758702280796672
76,0.9629673539186769
63,0.5040471680468837
-63,0.7567390803310101
-91,0.9418450593706995
-85,0.8225508564261863
99,0.18885990554652887
40,0.5150845379441465
79,0.8796302893805384
92,0.3620480883471634
-81,0.07113128899375087
93,0.46023592623853427
72,0.8278060081861589
60,0.40286342227048855
71,0.4954930673478466
76,0.7083730919096753
-40,0.7416962051411409
91,0.644895287030446
-64,0.858408380297224
50,0.35599356383711245
-86,0.33237334597315205
-41,0.8010252321889256
94,0.20909471139713653
42,0.6268152032749824
-54,0.7495633338306102
-79,0.2264123556655575
-84,0.5066670170891755
66,0.8461410342621674
-76,0.4513037603093636
-78,0.24526025838855303
42,0.6416863782360084
-41,0.5552166505749715
-74,0.15418482344412898
-64,0.230262997116795
-67,0.3469001044411737
-90,0.32127504554819986
72,0.7902287033269934
-80,0.37372514936282597
5770
