3100
25, 0.4141296969511894
-53, 0.20422353020834227
68, 0.8792109280052758
54, 0.8334609903769526
-72, 0.51909799021566
-82, 0.5314256642949042
16, 0.5428982512800765
31, 0.6168372449596581
-17, 0.04634639149288322
-73, 0.3860848386029704
-18, 0.9607918514081734
34, 0.7784343761270289
3, 0.180030168922108
-20, 0.021258256443176693
-79, 0.967334995087533
-46, 0.9366232302131233
-64, 0.7500845098511163
17, 0.5914290782625564
12, 0.3891002542287425
-10, 0.08087658069728576
42, 0.44112278645730607
-15, 0.9065125436468857
14, 0.36565920313628897
97, 0.9669507425374392
-93, 0.28175171182037007
-77, 0.15273753143529922
-59, 0.1812438676986916
-86, 0.20659870386235824
-15, 0.36153023845472043
12, 0.04091672017156822
-74, 0.2511122483188031
-89, 0.21159424725448606
31, 0.13453492456560878
-64, 0.11637267168568077
-79, 0.2150599790328538
66, 0.25788321840131356
91, 0.9561811561670123
13, 0.7897764625675835
12, 0.915709363827035
-7, 0.2524566048365172
-62, 0.25639734153852345
-38, 0.5130955203556855
-41, 0.15116769652678996
-40, 0.6654076020915018
-41, 0.9419920788772479
32, 0.25483727482826357
9, 0.8818470614655392
-2, 0.77124963243999
22, 0.26989289667150107
-76, 0.6747905402904778
13, 0.16402475257235538
43, 0.9755090481435694
91, 0.8016420104658092
-98, 0.37136575655004633
93, 0.32959441153712643
84, 0.6249752180921903
-54, 0.04429917983874032
92, 0.20803635022944433
-7, 0.9629491270747499
-35, 0.624311075730733
-88, 0.7749713413066198
-33, 0.6798634629283121
-97, 0.7227953964217733
-60, 0.9341354267194506
17, 0.09704042597409535
18, 0.6339428005566489
-28, 0.29006249141185303
72, 0.1587470925730744
-44, 0.6837167531043441
-94, 0.38783336857881623
-9, 0.5798761399174885
-3, 0.33517631778965506
70, 0.5615807083892685
30, 0.2563046905004436
85, 0.5101137961687192
11, 0.6245797104371621
79, 0.24164759650665668
98, 0.3034832999744018
73, 0.27925174288739496
15, 0.9999746826578039
-56, 0.19090098963153912
-46, 0.009570494948204722
10, 0.9883615788282991
-17, 0.6878171872302511
7, 0.4074038751144997
67, 0.7191246034474043
-31, 0.9613487648065209
24, 0.7207513327144921
-18, 0.1770890806047014
75, 0.2685773032126406
11, 0.6953056801295298
40, 0.9512967860792324
-47, 0.46264737492193875
16, 0.14799026312979846
-13, 0.05595522259733565
-16, 0.041725871335732356
85, 0.34751238347456326
-90, 0.09934225818831843
75, 0.06143055795722796
-15, 0.362463312036423
82, 0.9226021474457895
-8, 0.32792147342214606
89, 0.7089020821034422
-78, 0.40358628128408935
50, 0.12858017637078845
72, 0.15951515493756907
-14, 0.531635584147746
-100, 0.6591639784413424
-71, 0.7558475693065899
-87, 0.4236059414041473
32, 0.09828841449250136
3, 0.8533568752649429
-73, 0.22430006508292588
43, 0.567707037934829
30, 0.07112650480079163
50, 0.8529293131875285
42, 0.5654174717342146
60, 0.3433993276474041
13, 0.7759936392678325
65, 0.6654839685375696
69, 0.2747300966006395
4, 0.15154280125085107
96, 0.5774010654710345
-51, 0.043261776367855775
-23, 0.3759160589523942
33, 0.057176840085512604
76, 0.22223088146769465
-99, 0.9851324719485814
-25, 0.24323263240024617
8, 0.6562504629351937
45, 0.9170884826671803
-25, 0.31638167640996584
89, 0.97765093262271
7, 0.8380238283271371
98, 0.023001543342043074
-24, 0.7156272601204735
71, 0.7731211355795009
82, 0.6372247100293083
-37, 0.07632030475636487
-30, 0.35057481546546576
61, 0.1710178431659941
-65, 0.8944099053722778
57, 0.6351850427205209
48, 0.6245537227462182
11, 0.2643226032140349
-52, 0.11412027897885713
88, 0.8474324776809729
57, 0.14007813530426638
-55, 0.25008963177119947
36, 0.041201935112738064
-19, 0.4293748913630375
52, 0.4883823512157044
13, 0.8060407169758919
1, 0.4909732539291116
3, 0.4625860351170563
-15, 0.7378705383994635
-34, 0.47619843468135103
38, 0.2906043561500714
-97, 0.8804957775541595
53, 0.22650197678848671
95, 0.9577455343560307
-74, 0.9102896367711767
65, 0.898358129201798
38, 0.0386338509198918
37, 0.6994570594428297
-66, 0.7168378220979725
27, 0.8485403905853399
-63, 0.4334553684631708
31, 0.06471575998937962
-3, 0.45157622296644484
35, 0.6216386700430522
-27, 0.7536466531770953
-57, 0.5541039882203407
-68, 0.3766213664162109
-73, 0.2541023678608263
86, 0.3486103232976182
55, 0.9897130615892287
-8, 0.46036540299863116
38, 0.5383892148853259
-10, 0.3205870658302856
-16, 0.13345449119834352
-28, 0.8798110646347983
73, 0.6805147797037263
52, 0.09800091890116991
-78, 0.032457031638684075
40, 0.6434953472067629
-82, 0.2871712357939489
70, 0.7019569620196209
-68, 0.09769742601966813
64, 0.7502906911083272
42, 0.7875039437379517
19, 0.06041000357838788
-7, 0.1551748473688488
-18, 0.7036586951182913
84, 0.8394090207369107
95, 0.3113025376797529
76, 0.5416427353666851
48, 0.9662440619618564
-87, 0.47820121730952625
-70, 0.5348014579287401
-70, 0.9909322663289936
-47, 0.9837498542306217
-34, 0.9053444675697504
-65, 0.6989658688621936
13, 0.26488147836747344
38, 0.652808895207966
67, 0.9764585787939521
9, 0.8205007559181126
-100, 0.26465697484915995
-64, 0.11212673288971331
-31, 0.11360105436080681
-39, 0.3418394498181285
-63, 0.5393602374322902
45, 0.5169906930147273
-76, 0.38725455316383195
74, 0.3145911298738143
-66, 0.2909589369058374
-60, 0.7176848752603735
-80, 0.15689563810155505
-99, 0.8912773912976004
26, 0.4455111346182624
-69, 0.8624245174241287
-25, 0.42866416618085057
92, 0.10877051570865359
95, 0.3672101651439229
34, 0.1216195477907186
70, 0.8528219120600425
-61, 0.7761004083048265
86, 0.5978641203326472
-42, 0.1829258887001023
2, 0.7656603153068994
-28, 0.6451473172629346
27, 0.46560072866657587
44, 0.164247806998981
48, 0.9309137695358501
-89, 0.8340074919914676
-5, 0.9294894893744291
-75, 0.4390269016161027
-5, 0.5799195228928584
66, 0.14281268845741069
-52, 0.3332226040184616
-67, 0.9310924071159039
74, 0.65558514380354
98, 0.4598822205871308
-51, 0.8226004653981608
-6, 0.9205829852659666
4, 0.2656006414663864
94, 0.7894686997218915
40, 0.7834323234914692
97, 0.48483581334332715
-49, 0.36235546148069564
-65, 0.3127733718458652
33, 0.2897799092643394
-34, 0.2992477466816391
3, 0.7240676241140304
-16, 0.39556933235728564
-22, 0.5233394977678523
-4, 0.03998536165902433
-4, 0.30240265466235694
-75, 0.29514647543547556
83, 0.9800451796730175
-75, 0.8312612336898576
61, 0.075014034088838
-85, 0.6227940858070683
99, 0.6127211014343934
36, 0.6678666905464123
66, 0.4174233791222932
-18, 0.4233361968449608
96, 0.4872334346446433
57, 0.8114691108751431
7, 0.5368826085972508
82, 0.6571055584868909
-59, 0.40040546359139517
1, 0.6343432967768257
31, 0.09275361232392532
-89, 0.9728630032291461
71, 0.8009389717036055
-81, 0.17935690696043782
34, 0.03421176854050323
-36, 0.5399581020329943
63, 0.09593009743756109
24, 0.9015346084300032
100, 0.9445163696426793
29, 0.9851801553491009
-73, 0.8007510630460829
-6, 0.2090559177914788
-48, 0.20142203557540816
66, 0.8104536354467339
-37, 0.11417349412711308
79, 0.4595071235708086
-92, 0.294928213308855
93, 0.5672510821026981
-57, 0.8968549744417365
11, 0.891213764298111
-73, 0.4533900636935605
83, 0.7628818718056187
48, 0.8176618443605878
82, 0.23203309322819232
-71, 0.03740435174338763
-57, 0.03781538110276028
51, 0.982960813465086
51, 0.48206947930368005
26, 0.5278547515288872
-19, 0.2500697764195047
-37, 0.5202480212761483
-49, 0.1632881443887907
-95, 0.5539021925521694
-19, 0.2863079838377879
-27, 0.37548090024742387
-56, 0.7195598079581634
-85, 0.10026908136926149
-99, 0.2645584130543145
-46, 0.9391995628645339
52, 0.8841791748481607
-41, 0.980304321583068
-65, 0.8035673044894648
25, 0.01874478788321776
13, 0.9513158717652938
-29, 0.6619526163613124
-24, 0.1992621834521856
24, 0.5113109756670674
28, 0.07919787614809215
-38, 0.8525693051970348
70, 0.2642956318076194
-65, 0.83269773937902
96, 0.022418490612969078
36, 0.5256994506681558
-41, 0.423137236659188
48, 0.31524398464459447
-77, 0.3250387770450175
57, 0.9311747526569788
-91, 0.9823779166017463
100, 0.43126529361186783
91, 0.553886848483244
3, 0.9517404070295972
-88, 0.2765544520960279
-4, 0.9042858144688436
-97, 0.8399761137021678
-93, 0.010105790619576616
80, 0.47323659638028936
-88, 0.5663361475804679
-6, 0.462033647194362
13, 0.7587587319368271
-100, 0.26821196553925986
-18, 0.013172695060045703
-75, 0.49457748104562105
34, 0.06614685300437428
-36, 0.5223593739710567
-30, 0.9333009060425194
100, 0.9948224411071219
16, 0.9351957682371507
-91, 0.06243597451389071
12, 0.9266720756507892
53, 0.8267328814720879
21, 0.5431837336676224
-43, 0.32995816021312474
10, 0.4269072759023197
-27, 0.914616206495473
-36, 0.8347451095063078
13, 0.8027465345440952
49, 0.45790751036575505
-88, 0.279007756088417
-87, 0.07952037340620122
34, 0.42461470665121825
-27, 0.7394073317542361
-14, 0.6087632022915688
66, 0.494320202220341
-30, 0.9867869109809765
-35, 0.12050609514834465
97, 0.8822062599016421
-83, 0.3655168848606113
36, 0.07292451125736832
-3, 0.7559563374060277
60, 0.03161630811299776
-15, 0.06477408158042408
-29, 0.15743643546481945
-21, 0.8607848583465127
-5, 0.5719724102915988
-25, 0.10591867582707482
-43, 0.49721208587404786
-9, 0.8925802971127378
-83, 0.2494139173314306
-70, 0.11791282938947112
-49, 0.1130876165201915
-10, 0.882519584136605
82, 0.5936331951667224
-88, 0.523179316344818
71, 0.27386750096069123
-13, 0.8047399373815555
-90, 0.9280742948817813
-73, 0.5199255417669462
46, 0.22548845956537134
3, 0.5471364573389647
-78, 0.5515411267959069
69, 0.043525341072507495
32, 0.36193432676473214
-9, 0.09191129604022097
-53, 0.5139097713273287
59, 0.7574563559425948
92, 0.18087737233953116
35, 0.4250246232472551
31, 0.852336794711493
42, 0.6687034075843326
89, 0.12856881969059641
59, 0.6522467879839661
0, 0.25314674581860186
-32, 0.20045754171486918
58, 0.8462267348550156
-31, 0.5508548719750277
-27, 0.42671056778533234
40, 0.011211441179540427
-41, 0.8013782464836315
20, 0.518675953819786
-56, 0.8551950889289601
46, 0.9921715990849741
54, 0.9332834349270936
-53, 0.4924214305898028
81, 0.08348564741974562
-68, 0.11908376139851917
-90, 0.7156335735681101
83, 0.7311087056981203
-33, 0.4018979907194006
-62, 0.18822161932652703
82, 0.5138951497601653
12, 0.025069740762321047
13, 0.05041771753989377
-92, 0.4607874752441473
44, 0.5854148337783628
-50, 0.7243801809677666
-78, 0.685531457450231
-30, 0.07226051435958825
-2, 0.06374466682124169
86, 0.4431991893183109
20, 0.21285477961071508
97, 0.4883965782216789
27, 0.9845719123684431
36, 0.22903304500698207
-56, 0.8646300542563985
9, 0.37489270371217875
62, 0.18286694741189735
-64, 0.19796634785172096
-1, 0.3061142965929784
-56, 0.8311183573591879
17, 0.45841650120308397
-36, 0.5321583308581352
-22, 0.05733848536969277
-55, 0.18282084753623962
-52, 0.06172380941446942
52, 0.6851322298656519
98, 0.6173496757904563
-55, 0.6500627979725232
-92, 0.8080375512395468
-66, 0.24319687614451158
48, 0.5849509063937504
22, 0.04174019627219683
-19, 0.061026696498801325
42, 0.8050230761499443
-38, 0.9482755850165634
-21, 0.4036695910928514
-42, 0.3503257480864149
27, 0.03696459651773898
-90, 0.7673424613074014
-89, 0.1662923687212644
69, 0.2296784862252974
100, 0.21870546911769084
88, 0.6797072933726584
69, 0.5430975750950013
-16, 0.08911192921047062
70, 0.5944818950484956
-22, 0.7977031350588548
36, 0.3632823565999691
90, 0.04881129610687973
30, 0.4055283518800624
9, 0.20824604955539094
-100, 0.6426651687066692
-97, 0.8380923846156181
68, 0.7163004742236292
35, 0.35984785267510677
-8, 0.11983185364447924
30, 0.19723988074990362
-83, 0.3321016833839182
-19, 0.651146074636377
-30, 0.11623046728097741
16, 0.9560352987281694
-54, 0.5843707467259992
-72, 0.141272510576547
70, 0.634468923341982
74, 0.9507034127959418
25, 0.4675597072959976
-7, 0.5085587804324782
-48, 0.2184341548791825
50, 0.5768536270780886
39, 0.2781127320865634
45, 0.1292870943361496
55, 0.8221948177362551
-20, 0.75385213954328
-46, 0.9366317147732167
20, 0.5896546928104417
93, 0.7799165102591775
53, 0.38645524556879973
-45, 0.9812713538726809
-50, 0.33546499865190804
-77, 0.9184355222106279
-5, 0.06444677654228015
88, 0.43973989018477344
-69, 0.4584327841071104
-11, 0.5065644047148219
69, 0.17203217219703082
23, 0.5681646467517814
70, 0.6086671255487857
90, 0.25429672595687114
14, 0.652381555327179
-10, 0.2614462980298583
-12, 0.06433437751987758
-48, 0.3593462872261697
87, 0.9289137311334832
60, 0.2611556137298613
-99, 0.8754036606602711
97, 0.22825691859297226
48, 0.47370968569032024
-1, 0.39110941623547246
-80, 0.4125728373805505
-87, 0.37481393066644353
-58, 0.10224924976078653
-26, 0.7229321534606947
-16, 0.6674817559647928
-41, 0.7157313951012229
-39, 0.29807054634813657
34, 0.13979142342190476
-40, 0.19170174763492487
-67, 0.7362692935495523
-93, 0.5186947841763632
72, 0.10983871678409962
99, 0.99589683885698
-71, 0.9756368563347328
-79, 0.17006527870795574
-28, 0.8707791800560203
90, 0.5177242339579212
-62, 0.35474283175361754
-5, 0.5040357895339393
-20, 0.8253829665679255
-53, 0.44013409110181456
18, 0.47368857150397536
25, 0.3520664055389706
69, 0.5463934374284071
70, 0.22544311566510755
66, 0.745260991386968
16, 0.8444583645537923
-76, 0.3772850363376494
-18, 0.8048755829763876
25, 0.19772532975599544
78, 0.45493407613352443
82, 0.09502486329407778
94, 0.5102625527570521
-95, 0.9072360774992493
-19, 0.8785797797033799
45, 0.6766251737895608
26, 0.9016779543384655
82, 0.13629367277424753
-44, 0.40709316913449867
1, 0.16327906990703722
-89, 0.025257368630983268
-81, 0.7397289036875461
-69, 0.741525373069521
-30, 0.1689342470756401
-85, 0.6694503843496488
55, 0.41717196769865594
76, 0.27833316247892004
-92, 0.37014168107082523
95, 0.9398685895152492
12, 0.531662636447758
75, 0.4401914252235951
27, 0.9907247089956702
85, 0.9079611296775536
-96, 0.5690295609910865
70, 0.4450199334628323
22, 0.7993565348630688
-32, 0.34044556176151075
-63, 0.016643123676032823
-18, 0.457091440483106
-91, 0.5261597027877654
-62, 0.6024415962435098
-63, 0.15162676420315568
51, 0.8657731766023168
93, 0.5482652886064362
-30, 0.037732043250995884
-76, 0.9084596233863989
-44, 0.06186540116691752
100, 0.36261047091685383
-8, 0.9100322186178105
-34, 0.7460383874411374
29, 0.06237198240469788
-16, 0.8545332752167742
7, 0.2595422491126268
41, 0.9574280541908098
-89, 0.4077431803897541
32, 0.711444506415987
-31, 0.8623029199595451
-14, 0.04735854563801778
80, 0.18521144725393235
-70, 0.8814247897561115
-43, 0.14515615628762957
3, 0.6553047938014623
16, 0.6051218840096692
-42, 0.7644004038447736
-11, 0.1974571845366132
-22, 0.2688445999424631
-57, 0.7380619514053021
92, 0.42198832838597033
25, 0.28665396128422427
41, 0.30191173945715366
-57, 0.42748720241645943
-32, 0.4512520974154719
14, 0.1658960200519437
-83, 0.45940855460351415
11, 0.5690932926483447
-49, 0.2455983008513477
99, 0.6577455285787986
81, 0.18076549143202025
93, 0.888292088495659
-34, 0.11767521180109142
-61, 0.2978346093913157
14, 0.3099063940423614
-11, 0.24696041809667335
-19, 0.6307645232831924
66, 0.6242680453007453
67, 0.6432479157409142
54, 0.45090354419611156
-17, 0.39349104686834635
-57, 0.9203867627966296
12, 0.11704361215533354
-35, 0.3563177727371808
-82, 0.268408588637024
-4, 0.1038716633649932
71, 0.3292961771404862
13, 0.05834696562032138
96, 0.10497694545159764
-67, 0.29543658866759026
-82, 0.18108484021563565
54, 0.5131424542779671
19, 0.7737811309379821
100, 0.9171489850936078
-82, 0.4014227022039282
-27, 0.4532294780466577
30, 0.4588566833336729
-60, 0.3456517162190462
-11, 0.8999062215565242
-94, 0.0811655605422128
-79, 0.6094042277329977
57, 0.22493395936622518
17, 0.20901491124628735
-8, 0.28105766546935684
-13, 0.33764040295074194
-11, 0.2534270040410317
35, 0.9958490883630938
-72, 0.20279798808560612
-30, 0.23500788669893136
-48, 0.24783807668948776
85, 0.7067167907560892
-2, 0.2682794342268934
-22, 0.6767914775606249
4, 0.8061289449663133
-21, 0.9188266977666689
-55, 0.843761058955256
7, 0.005361414697863109
50, 0.7841321946389466
74, 0.851882760832758
-73, 0.10711043613618343
1, 0.5227850244892519
-69, 0.8635512416174739
50, 0.30302188796308127
79, 0.7369470085358608
-45, 0.5005899353296853
23, 0.06426049031167413
50, 0.5026962953046714
-12, 0.21236552432121103
-38, 0.23633157092841817
-6, 0.189361512696811
40, 0.6740009542369291
77, 0.20244043170016557
50, 0.43335526126195845
63, 0.9018673799935377
86, 0.9114060818365722
-84, 0.4230065168615216
-50, 0.6927050380863244
-14, 0.013122389731336392
-92, 0.5135825164445169
37, 0.17411159087533956
30, 0.8179495065136073
-38, 0.3447639849215981
-67, 0.1080430942639169
-25, 0.31117584321640324
-47, 0.033513824549132876
-77, 0.12970873152173357
-48, 0.7418751626331587
24, 0.013791026283536234
26, 0.5918100714117179
39, 0.30580930250575356
-25, 0.8990023823285608
70, 0.6229374461800594
-16, 0.6034279716743921
-46, 0.9753724950214734
-90, 0.5258908401252523
-68, 0.7448040889480467
31, 0.6560991557211759
96, 0.40598468435265667
-24, 0.32142763209741787
45, 0.23346042056437522
23, 0.6376571069617019
-84, 0.34927992168564104
-57, 0.22973341520029722
-5, 0.6843979587946787
100, 0.39459502527462875
37, 0.7420946684099843
-77, 0.5690107750515375
37, 0.6432294723266998
36, 0.8449662222472741
43, 0.4631616860109631
-24, 0.6186102540226949
100, 0.08290364250077353
30, 0.9060424052575738
-16, 0.9534433747210479
-74, 0.2050715386221822
-98, 0.1952338363366487
98, 0.28583609494538187
36, 0.4186325828556512
29, 0.4013697232491238
0, 0.6037996945716787
-35, 0.5274225072858975
-75, 0.9288982409783066
17, 0.8915631382633479
52, 0.5786096428510811
67, 0.49634355221581195
-3, 0.5939163405735615
-13, 0.8207545653747451
-24, 0.17105278538026802
-23, 0.12047927448485984
-18, 0.35306123715345283
-93, 0.43466936090872876
-53, 0.0005801811353809416
46, 0.9714833101070581
38, 0.1476266152655158
-84, 0.4112385053644956
-43, 0.059404427746283406
1, 0.799701905622366
-21, 0.2185360450473025
-15, 0.12317845219127121
37, 0.009915918115413036
-5, 0.019081541985429995
24, 0.76415842534073
-67, 0.7289449449369004
37, 0.3596222252756376
-54, 0.6151833396470221
-83, 0.9234484732195221
27, 0.350538471776493
91, 0.7036881165784467
-29, 0.5684489166817441
67, 0.834429763765019
-53, 0.8129223805995045
99, 0.7034858511681619
98, 0.4159405386017463
19, 0.189030278277581
40, 0.37374007560563705
89, 0.24719368658052854
-11, 0.6564718773599736
-54, 0.4435881270104487
54, 0.5608550556336996
-9, 0.5553565325155064
86, 0.5793584815295243
75, 0.577334514743394
-20, 0.22392584481646405
-68, 0.40311557033949985
32, 0.8301574526176949
44, 0.3700265019679858
28, 0.13377115649913895
-84, 0.6654444938243025
-52, 0.36981353166905173
38, 0.2848769760869163
46, 0.5688584061345422
90, 0.30890807801289555
62, 0.4953452040814683
-40, 0.2777662787072367
-11, 0.6745702146650286
-53, 0.89021608729168
-93, 0.070638133363636
-17, 0.4904720313845955
49, 0.005217602953732747
56, 0.33597238701049326
29, 0.55411558592949
-79, 0.09212133068465811
-50, 0.40696667501157013
-42, 0.1781172418351824
4, 0.536065179164498
-11, 0.841178193926323
27, 0.04422648511421079
31, 0.6264953033401027
-69, 0.8277472314308437
-45, 0.8292466025128368
-42, 0.26643203900267953
-18, 0.6777592021510959
73, 0.6474157345843853
90, 0.7520933859820144
-32, 0.0033345289811270717
71, 0.19685147468623976
-41, 0.39617814400563944
-70, 0.10923869969152589
-11, 0.20000891151129385
26, 0.9867533457371364
53, 0.2803753235776626
-76, 0.9809948670454516
8, 0.002237061839930554
55, 0.20573186860513826
-96, 0.4273289309636472
46, 0.6391910218076522
66, 0.21082701666816084
-99, 0.6171428103328461
-45, 0.44695337909160104
94, 0.3258999485937195
27, 0.28724674430214947
-17, 0.04468395741549824
-76, 0.4484338305508029
100, 0.04514770827096448
-69, 0.7970179111141682
50, 0.8025200217964745
-28, 0.3019060036927924
67, 0.2843365025194097
-17, 0.772942176443021
83, 0.9225435724243664
67, 0.19223325664086977
-33, 0.16393097824290215
19, 0.20600150080513902
60, 0.8695672466226516
13, 0.6739216067384017
-92, 0.2476972199736669
10, 0.9297342256625039
59, 0.3869597835972979
-25, 0.400432004947305
95, 0.8343017108006651
15, 0.2622611903066434
-33, 0.23184464720408626
-76, 0.24729849527780945
63, 0.4595628670529046
-62, 0.9115600323937798
39, 0.12276757001409011
-67, 0.10173346971784081
-68, 0.3319428397675783
-64, 0.31568550538576756
-8, 0.09430430079929253
81, 0.056935762942221024
-1, 0.34197389245215704
-70, 0.9515086014542008
-48, 0.9353665573458982
65, 0.7868957282387282
26, 0.15162866918406304
52, 0.5117314013078443
13, 0.3728358558900472
10, 0.3093600850352316
96, 0.22953127208153756
-87, 0.5451822552398143
75, 0.00503497238662165
-19, 0.10955956793176291
-16, 0.612263726253962
25, 0.6557480261985661
57, 0.003384896099869139
-17, 0.6660141350337295
43, 0.8681268966343646
32, 0.5468265947003227
78, 0.603858916684992
-98, 0.6158902075799961
-21, 0.07045792567475473
93, 0.7003655627426755
60, 0.08089477673834589
70, 0.9711220415115435
96, 0.01876800444344029
43, 0.9669805232029054
-39, 0.5193766485574874
-84, 0.4061893901968934
-52, 0.6101629357238797
17, 0.14461779893677607
68, 0.05244155450189114
45, 0.3212187037780889
78, 0.7415510067381322
-79, 0.708444980152014
-99, 0.013522569517237182
-91, 0.9068558303920573
17, 0.6071035763988726
-77, 0.7118127465895518
-51, 0.05960290596694329
-7, 0.11817318415809908
-71, 0.984755601479684
-1, 0.05479868151277645
-12, 0.2989380266259274
-34, 0.7416884139473755
20, 0.7541697917521204
-52, 0.5608952429533081
-69, 0.4182095273431108
63, 0.8130584188146
6, 0.48702394164499385
-25, 0.033960238905258344
-48, 0.4366295736201885
48, 0.9329645330474702
54, 0.5232126450956264
-66, 0.7228352498390768
-30, 0.8812622998318161
2, 0.2330674437964838
-91, 0.6416537537500381
-39, 0.4976715310061627
-7, 0.4072445861738825
-98, 0.023553763440390174
-90, 0.4801695299978125
72, 0.08764423804495536
-58, 0.8058849733897516
-96, 0.6828638135454023
68, 0.9558916839357933
-20, 0.3074448402613936
-58, 0.9686464980346918
-64, 0.6378896185109124
-49, 0.6879683263900573
-90, 0.08176017563112536
88, 0.634741796798763
31, 0.9297303850555032
-80, 0.37862817610138444
46, 0.8303607210203193
75, 0.34675216279735777
48, 0.9981353455357741
-61, 0.7809740301145504
-51, 0.015153536477495733
15, 0.8855352747566507
-11, 0.9480023496867842
42, 0.03395816487544334
-59, 0.4680432787958473
46, 0.5135915904269379
44, 0.8619920517071707
-46, 0.6731312633339361
-96, 0.039334731674357526
97, 0.8997417131448913
-24, 0.9207036130851833
-10, 0.6816579589532331
13, 0.8552873836056205
66, 0.5908318727480029
-72, 0.03543759822136927
-44, 0.6908923774583091
81, 0.9070096705989148
-57, 0.0963245604261711
55, 0.5384996189522372
-13, 0.7388782116750533
94, 0.7950034101939879
49, 0.2464249091882751
-23, 0.1991486597118448
91, 0.06235370793520745
-9, 0.5314302561173445
96, 0.5243989059216022
-32, 0.9465131275752119
-97, 0.09627532584800402
7, 0.6147808747278687
66, 0.80842890977125
22, 0.05708300841346148
-87, 0.7083665557129325
-19, 0.24502321599477261
45, 0.8446379929378571
72, 0.8451170906445481
51, 0.5349703966525402
-69, 0.9482832484041583
-22, 0.06891293098235651
-96, 0.2926357971302197
66, 0.13228494978713246
-38, 0.3581011016045308
57, 0.26833375739185983
3, 0.1069659767730059
-42, 0.9915582149498674
76, 0.8261284958980606
-21, 0.9237611073819698
-74, 0.8153731756449734
27, 0.5885416986168229
-65, 0.5609813493645429
-7, 0.4270395160834779
64, 0.3430722765389318
18, 0.5433692424068718
39, 0.6712492677346658
-45, 0.37808278610972823
-93, 0.7057097632939611
-76, 0.7175407616584378
-43, 0.7934752960256939
-78, 0.5392552511906836
-52, 0.9269480001274446
-83, 0.9372898278962742
-66, 0.9502912698918612
-64, 0.5538931814116931
-94, 0.8939763763673562
9, 0.15467107205898756
-69, 0.19411299058277787
33, 0.2608402060801983
50, 0.015088767842718731
-52, 0.28823294829296997
-49, 0.3692881163147874
-37, 0.43414058325662863
61, 0.37822223974552593
29, 0.15228216388048899
97, 0.5978317808017574
-25, 0.23994450449654248
5, 0.27724478346302917
-54, 0.9265359447811536
-75, 0.2609416930059706
-11, 0.7286627551585946
-34, 0.34894738180976315
-22, 0.05570324580859354
-86, 0.05556428711236505
54, 0.741055038398153
9, 0.5565175984276662
-2, 0.07999630144662062
-15, 0.8594422490035714
-50, 0.643752602819446
40, 0.45322174364807233
75, 0.7838397418997602
50, 0.16507982783248
35, 0.2714867042886081
14, 0.7103837843564957
54, 0.25109132715565596
47, 0.8934319983474717
-31, 0.8206308284529028
-86, 0.8958395842702593
-51, 0.07690107584990014
26, 0.24141704500485972
-93, 0.36863887696471354
-57, 0.6673863934887352
-90, 0.07479006159455226
-27, 0.19742360391862812
6, 0.33743037732476133
73, 0.8904026170762949
49, 0.9956640673999767
35, 0.42877376781179033
48, 0.44427509460016923
-79, 0.0439569116950822
-65, 0.9042302112569937
31, 0.9093376389365485
-14, 0.8189979919083243
29, 0.7018302227744643
-82, 0.6231726435532448
-71, 0.3993475427460734
9, 0.08923711267415435
-94, 0.8504575713915802
-30, 0.322646469595804
-47, 0.32586072456683446
96, 0.5913512775850823
-31, 0.2817850937186538
-90, 0.11685786423725819
93, 0.7114574881530307
90, 0.44004401642593627
-54, 0.5929517883347238
34, 0.4398466354153594
50, 0.7375695156819722
50, 0.5652156464021282
44, 0.9751212581211716
19, 0.17572133078736674
-67, 0.8077641585350814
-50, 0.043575664487095156
-84, 0.5276299173282368
-85, 0.825768336879395
-36, 0.5597754829740148
-61, 0.6317432336005225
-52, 0.8256582481071885
24, 0.8726602994376939
41, 0.30636424392169914
68, 0.030958353533291905
-53, 0.43630727317989126
-65, 0.46101247324975303
-30, 0.3009124725780339
-2, 0.35002761519811754
30, 0.5523409259105634
-94, 0.34014382987635117
34, 0.5697573733079698
-80, 0.6480301734741555
-79, 0.7268958455962683
68, 0.8782352774166414
-21, 0.4951061785008948
52, 0.5995207812523561
87, 0.8165252225288485
91, 0.7276229325514235
18, 0.38078318190593163
0, 0.3142394802065466
41, 0.5042944505658695
5, 0.6539167335078102
-68, 0.20666927326299567
99, 0.14018768049758534
32, 0.7850788898728432
2, 0.8822601376216599
-1, 0.4862539137689207
-23, 0.7997864612846949
-32, 0.8869693143060298
76, 0.16271140559458996
-35, 0.08088417903446854
79, 0.28144239990798336
-31, 0.04846971616876139
44, 0.9108183696375393
56, 0.21601188716867936
12, 0.7551174320090175
76, 0.7774833671463469
82, 0.36589966196383783
-35, 0.9847574306398588
49, 0.9692833897620071
-15, 0.34431088770126717
-67, 0.2305028249676545
18, 0.8949782712195993
-17, 0.08789459490770235
-84, 0.4615649842929448
-7, 0.6704569478907035
68, 0.19476983831528438
-54, 0.12455707459306553
83, 0.08776001891774965
95, 0.9024658474569576
99, 0.16087350883721985
-28, 0.47634112829647834
72, 0.06660357671344508
96, 0.26652057505028326
71, 0.8179849898363862
23, 0.6146783175616405
48, 0.44389073043698446
-47, 0.8683380588087791
34, 0.22140902642715532
-88, 0.014900052295584776
96, 0.8719760107705978
40, 0.7235446196084975
19, 0.6457596342865052
78, 0.2743823597551216
-39, 0.5439037576076251
-94, 0.6831570915372501
-99, 0.03702018803896401
-74, 0.13596428079459832
75, 0.8976636722986083
-23, 0.6090842050549062
80, 0.35459677923637156
13, 0.7247479070983934
-63, 0.47112969532103255
-28, 0.12360025053103818
-26, 0.729191162780408
3, 0.1933766758890938
9, 0.7424656359386771
-28, 0.20691884855447606
-1, 0.5969977888203002
-37, 0.7605610957446094
51, 0.055623536832878684
9, 0.8452768145126276
-94, 0.3713759271349304
-89, 0.6859080063702437
-88, 0.5407672985880865
95, 0.33571977474065273
-12, 0.2438006617857773
-43, 0.8853463038111798
-41, 0.24375545169403612
-98, 0.3144465791115081
-69, 0.9874236602631317
4, 0.7277135809800918
65, 0.34198996169544504
-21, 0.061479620895868003
-98, 0.13533070447774276
63, 0.20650956506074136
-54, 0.5066446658372321
40, 0.4968128689179214
-82, 0.9894969563333986
92, 0.7908889201968713
-25, 0.4562908067629128
49, 0.5708829583111886
49, 0.17866391282980465
-67, 0.7089046265345127
0, 0.41304207396024506
0, 0.5277028012516948
-86, 0.3100107782150776
86, 0.6263780502729964
57, 0.25049428067011226
63, 0.7685124500541196
62, 0.5860930249206615
64, 0.5763136591973342
-95, 0.0008354183343038946
-20, 0.1404023931240257
36, 0.8291655787608
-47, 0.4767454635836538
78, 0.6268748384647564
-91, 0.06335705910285128
85, 0.2731742674938532
25, 0.5028031890365372
-34, 0.20862266908224303
23, 0.7518104396959597
87, 0.6517672706697913
-5, 0.16285391195426258
-97, 0.6022820900162594
-25, 0.9794932096604879
52, 0.7863153608756491
35, 0.594395908338218
83, 0.26056370606492174
-100, 0.4381357158985726
78, 0.9055822220396842
23, 0.7764371978803125
27, 0.07263134034924956
-79, 0.08686331344529219
60, 0.27171360497832764
67, 0.07458421691235906
-16, 0.08881168469225076
-61, 0.7695320856001402
-77, 0.7832297200991439
-64, 0.37945653448674743
-5, 0.06316257845846329
-54, 0.5723027933789908
-20, 0.6840884515223614
-61, 0.25163612363309673
-64, 0.08550026794637422
-19, 0.6512326057722192
-50, 0.8258185248745581
-47, 0.6298810742549662
-90, 0.9496020086436737
83, 0.11039479622783444
60, 0.32184837845217795
97, 0.2334552398383024
26, 0.9025563109305768
49, 0.9726508402255662
-39, 0.3886747247478569
-89, 0.40767713018453056
6, 0.17263396208394832
-61, 0.6145107543855167
-27, 0.16177466690187592
77, 0.4374140600917249
41, 0.5327363475930547
90, 0.5355560293292018
46, 0.3043188802615717
-84, 0.7228851818286816
40, 0.3316290272941531
-5, 0.8278151091301786
-62, 0.2925853271392853
-11, 0.3989857973279035
60, 0.9293222258534058
-97, 0.17034726918858178
-24, 0.44722788719273565
45, 0.9937945998621436
65, 0.7633991723493339
71, 0.9227946331924062
38, 0.9125209775052664
85, 0.7160879558155618
-43, 0.910664478453078
-87, 0.18135776617763155
97, 0.5523104625145716
45, 0.03183956269460175
38, 0.7202587028256539
-30, 0.2583551977169305
93, 0.4242121944381987
5, 0.3184619840301498
58, 0.5592814625740968
-42, 0.36267818568928134
-50, 0.8371169876691145
-21, 0.43554214450130413
-62, 0.8894597805299871
85, 0.8489404609166307
-47, 0.8810537691952841
-72, 0.6977529808386964
78, 0.2650064080662945
39, 0.12981089944219493
4, 0.7380067591060322
79, 0.39859881952225895
88, 0.3844948468365561
17, 0.600828640866703
-87, 0.019409228590037464
-90, 0.05197690628335183
-2, 0.7170736838279488
-90, 0.6879599229813538
-42, 0.7407677003858063
-73, 0.5604099065170013
-81, 0.9755658956810691
-58, 0.39295999971559936
-8, 0.029355969691976735
26, 0.6501135537344886
58, 0.551825006832575
8, 0.5199666734567149
83, 0.555860579811377
-87, 0.6817987709482752
-70, 0.45074697043862777
9, 0.3874883760064223
-9, 0.19584356052098417
5, 0.8989929989628027
19, 0.4242802979689525
58, 0.9951178594918006
-71, 0.5440769931152106
5, 0.7166265589819362
-11, 0.23168943096025996
-98, 0.1784968784952562
-24, 0.5370211216084133
-61, 0.5201947661057238
-13, 0.9235142382628424
71, 0.5107151149043964
50, 0.1420455187780988
55, 0.02835620593311572
-44, 0.2773270409206473
-28, 0.0728019451802625
-32, 0.6100238056034967
-85, 0.7655058550526549
-14, 0.4921580886765622
96, 0.03761044724008844
-25, 0.6155877914054335
-56, 0.429672034673134
39, 0.19940922984853615
-53, 0.19551640181392982
6, 0.9881962029505114
62, 0.3404088489831556
-94, 0.7209688094580791
-91, 0.3279229767980032
-75, 0.6839965432902151
-45, 0.24702159484210184
-87, 0.31849196420663184
13, 0.7170967542414424
-63, 0.3398642547226174
33, 0.5248573820792087
72, 0.10640130219777899
92, 0.6751795329542121
37, 0.7809882367320847
15, 0.26248777776036636
42, 0.441525954858481
40, 0.2606523987621582
-18, 0.3801874147342066
28, 0.9552410085394891
72, 0.3805063775307175
-49, 0.9534836471370016
-99, 0.9239753978168164
-17, 0.06569899704385507
22, 0.2187008908815058
27, 0.4236240172187775
-45, 0.21509236484598027
31, 0.05269345019247562
-87, 0.36190732837227857
58, 0.24267862914598248
-63, 0.6337736213226423
97, 0.4867838057661684
91, 0.37743904186495314
51, 0.8471821190480984
-45, 0.30959697007375087
61, 0.32482116781961357
65, 0.42114541521223536
79, 0.7051936916335808
63, 0.5504664412766013
100, 0.49059549827754545
54, 0.8460193326300894
-37, 0.7414005627048419
74, 0.8956479064630146
-39, 0.38863100851302834
-31, 0.893269377360545
-81, 0.5596211134312559
20, 0.4506103353935357
19, 0.6390830612595085
88, 0.47660859198523786
18, 0.3547470122888232
46, 0.9927060387066409
90, 0.07338367676901103
-59, 0.36122470880403956
-53, 0.4359392572059225
56, 0.3200974828217751
-89, 0.8798011090670592
58, 0.07302311171859466
-5, 0.4390723060993572
-29, 0.15617467541155317
-77, 0.21231035996474046
-30, 0.33688002658102534
-3, 0.08883710219353369
51, 0.6915241574328842
-93, 0.5004265588255824
-29, 0.00815458868780039
-89, 0.19156333639698742
-58, 0.7193604449559686
-39, 0.515854751280932
12, 0.6356743970610688
-27, 0.7939131678812938
-89, 0.9610532872055012
-14, 0.6073279713639821
80, 0.7780348077569051
100, 0.5704280247164971
68, 0.5942030361807504
-95, 0.011256285403693389
37, 0.2038454606392479
4, 0.8153032039786308
-15, 0.6748391190313188
72, 0.24014103718477486
-52, 0.5931349586339836
18, 0.18529403036441527
24, 0.9006896706095792
81, 0.8730373166555909
-65, 0.19907875955741727
97, 0.7817237516586529
84, 0.029568828131283142
49, 0.2931322331690429
3, 0.8728113989648145
24, 0.7663672033461347
36, 0.6060413181373302
-37, 0.4560253727810927
7, 0.2562929145576953
-54, 0.7500503326925363
-4, 0.9700939520189257
-12, 0.5284023884937931
16, 0.3698429208242737
-59, 0.622567261269746
-99, 0.9649187548760837
-52, 0.17250191155306516
-70, 0.07431034109635948
97, 0.38871661390109913
-48, 0.0845973023568326
88, 0.9034375375444095
33, 0.7478258077879458
28, 0.6807521498173551
-55, 0.6593105742790355
35, 0.7710759490915218
-69, 0.6748731985995503
-82, 0.23916911737746605
-54, 0.2975687464654615
87, 0.03828953285135106
-21, 0.7947424773695194
96, 0.46696468485907583
82, 0.12466980621443191
-87, 0.16137182929736138
16, 0.24836161422298075
77, 0.12191372021032254
-95, 0.9687080922493391
42, 0.5590380959753712
86, 0.3537087068029078
-66, 0.9586234891206127
71, 0.9850301319791108
-21, 0.12221278245300415
50, 0.5274402488867787
-26, 0.31966355494710563
96, 0.7930448300382754
52, 0.6196081033786849
-79, 0.350207225434377
99, 0.7964946360128475
-63, 0.775158906964155
-67, 0.317815527764569
63, 0.12262436437312196
-58, 0.2072349401466509
-37, 0.09655173072838674
84, 0.6281578255835871
20, 0.4919389327538324
20, 0.7937842616902759
82, 0.8726118910116247
-55, 0.39073438045003117
78, 0.9998888029917472
54, 0.01895807514454939
32, 0.32292622234614243
-94, 0.7198701946198351
58, 0.11927851073723661
-1, 0.9765017778833258
83, 0.532837525783955
31, 0.6293028707663642
-62, 0.7911002064862235
95, 0.5558861153378192
77, 0.8380763783482352
-37, 0.7945775775765321
69, 0.36430265023633
71, 0.37496598653750934
30, 0.5531080486165431
-18, 0.35049036069066275
25, 0.7072817452642588
-39, 0.46991766245517286
-11, 0.7978334965324081
79, 0.22289466328470364
-22, 0.3947755445007213
-66, 0.2600570697820991
87, 0.6585359380155567
4, 0.8975591664280563
77, 0.06783055828447326
-59, 0.8662010807966904
-22, 0.2089469160284193
92, 0.12174271571938122
-4, 0.10778935844252402
42, 0.657772026193449
6, 0.6451152251104322
2, 0.9908810315729868
-87, 0.6504967599176541
-95, 0.08884604734542334
-32, 0.6398909037500508
51, 0.7479868368294704
-93, 0.530235742919288
-38, 0.00036591634664351336
56, 0.23554831433768741
-29, 0.42486115175286443
99, 0.9518973786089014
27, 0.4906326260680942
-56, 0.8275003562807607
24, 0.11659020755310034
-21, 0.7599499629612857
1, 0.5957704617258279
-68, 0.13407264071068703
63, 0.9434479342503359
32, 0.11322731987232326
74, 0.00618685638752825
-14, 0.7792109658675803
-66, 0.1076253833228189
91, 0.5887114163490229
-88, 0.5540102152543083
-16, 0.45170082292991376
-45, 0.634020796560748
-70, 0.9807906005873099
-23, 0.6091993841154874
-66, 0.8673860878859858
61, 0.6401150396642609
-62, 0.7329808232066197
94, 0.9373836915313857
6, 0.6816530919630738
-10, 0.6782226777384147
-38, 0.6949294733051761
-97, 0.8823136620804065
92, 0.6819472626864487
67, 0.5122147372071513
-56, 0.31560955061530516
-45, 0.9696478194371387
46, 0.9350237130263017
28, 0.012311661223843084
-94, 0.3138700022730372
14, 0.8149819486189355
-89, 0.8275940511168821
-71, 0.685176848023749
92, 0.14106195324367188
38, 0.23631447643981185
99, 0.054465757900200695
69, 0.9773948568375638
-33, 0.2259143020669424
47, 0.5546385924193138
-12, 0.8835054108159197
44, 0.8581907704387737
-40, 0.9416308152618963
-74, 0.7289115506220714
-89, 0.08061974103325431
80, 0.87398003833816
21, 0.10301769069109779
-53, 0.05964380949218018
96, 0.19592725191647653
-48, 0.6368625061997176
-79, 0.9298685284094268
-29, 0.4556512887355062
38, 0.0022515029069393178
-93, 0.24265165135881328
-9, 0.5953716091779776
-92, 0.8889736910637266
98, 0.4104660934946446
43, 0.3968021881353573
-91, 0.14809277548371702
4, 0.18901285986581762
91, 0.09416766674364385
-60, 0.4736758231551259
63, 0.2987513705410242
-65, 0.9975004088697712
-17, 0.6218438737031939
53, 0.6621184927484877
-96, 0.5602632583650169
-36, 0.16182343480962935
-30, 0.10611979623287171
97, 0.4349698708294535
42, 0.9548631154996445
72, 0.3723967513570098
74, 0.43909176380685555
-92, 0.07629394353568275
38, 0.8797480067732026
-8, 0.6147716296487852
-45, 0.5927073949271554
-37, 0.4576957799156014
-97, 0.918749674596878
64, 0.39681631163200937
58, 0.6826392488471359
-63, 0.10635714501173299
25, 0.7992651140114119
86, 0.0026674858955689773
-98, 0.6585057510661846
16, 0.4252228064319631
40, 0.3990546930040443
5, 0.9783444061792266
-88, 0.18827782221256395
-11, 0.950992642174129
-73, 0.2290478628341448
-71, 0.18727627250519352
-6, 0.4042080514887484
-9, 0.2318347846783554
31, 0.803719958709329
-29, 0.5606132422655444
21, 0.7276117061115269
-38, 0.6571967991539939
-84, 0.0883134062269052
-44, 0.6671691131553315
-13, 0.35449074937810543
47, 0.902073507149337
83, 0.3965859916557758
-73, 0.8122704688583456
77, 0.03065758265781593
38, 0.3478143049768919
-2, 0.07128653558325704
15, 0.7583411291783512
11, 0.4779316355363442
-22, 0.8329358535124977
-33, 0.4178930912179988
-53, 0.6663846720494531
-66, 0.8564137214402696
-64, 0.427361430040057
13, 0.16524748138256806
57, 0.8474942222504689
10, 0.9269684290076272
-96, 0.7787087816352332
-88, 0.6712453239686114
54, 0.48221916600837855
-71, 0.7412818605278039
-62, 0.010310834456070173
-75, 0.9636360122620453
33, 0.13537244996716824
84, 0.8924240738812013
16, 0.2975583583585879
-3, 0.943274831689213
33, 0.07590727745881198
-48, 0.7041611487057325
-18, 0.30786315958671684
70, 0.6245659586925764
-69, 0.4934180727961922
79, 0.808135286767238
-60, 0.2862087865468359
76, 0.6509879802184613
-92, 0.39821810839207994
49, 0.9498793185241529
88, 0.39569208899157005
28, 0.5357907275818307
-76, 0.232799853895432
-61, 0.3362956277952953
79, 0.1873568616988971
-70, 0.3357581440519173
8, 0.6527772544247694
41, 0.7981519135486944
93, 0.25094401963818125
-12, 0.33183575355954686
-55, 0.648437911756989
86, 0.2489748391696761
5, 0.42375181377543203
69, 0.05801494007767838
6, 0.5120575121928704
-9, 0.10217040775018671
81, 0.9913242798321117
35, 0.7217347249198843
26, 0.6144603625048176
-61, 0.859951923196946
73, 0.9876931956705041
-72, 0.9316067145376549
-74, 0.6338420083649462
27, 0.9590416255823323
-37, 0.24877364818924297
5, 0.2937832210379421
-74, 0.9047676399652659
40, 0.3840102250229045
-78, 0.9386396483047901
-52, 0.427630411357359
-80, 0.18153544087261886
-51, 0.1181043312909632
-50, 0.33736894307335286
82, 0.7956603856372751
19, 0.6458624502873708
-42, 0.05508124382051405
79, 0.8303554290926645
-66, 0.7578989386631124
6, 0.5386050915700135
74, 0.17072725119112642
-60, 0.3670714305186559
75, 0.16399499181996635
67, 0.42067694424570956
-85, 0.10574566847244415
-85, 0.171679341658169
48, 0.10761779728889798
-60, 0.7835513738566806
95, 0.1409515517627663
-96, 0.7595087872560384
38, 0.6144841787176502
-51, 0.43292792989169526
-11, 0.014665362891688738
73, 0.24975209247973373
70, 0.21770818816991278
36, 0.26160932947559346
4, 0.822565050768252
11, 0.8455824195678896
42, 0.30972160397506987
-78, 0.35389505948213795
100, 0.8726735820683026
-94, 0.05417058314593459
79, 0.6356133350070646
78, 0.29320953330899024
65, 0.6454101996293872
-85, 0.6607500851720167
-34, 0.7800585651028205
-97, 0.8767196005948118
-37, 0.09239298556154696
-12, 0.9900544611556048
11, 0.6002327769372915
-94, 0.9727989590727532
47, 0.4598178642692907
67, 0.10128704831255497
-5, 0.4082392517883602
89, 0.5647659839810236
-77, 0.7619566925025935
36, 0.6362324434966738
73, 0.11073872152280706
-77, 0.19312953581217396
33, 0.054004177150951405
-30, 0.6358102205177828
96, 0.8307108205874644
86, 0.8419452425870744
-87, 0.47922854288472605
78, 0.9142759139132461
-65, 0.9980169455115624
-39, 0.99529970913218
16, 0.6705960963389017
-11, 0.2900014676367648
58, 0.8414999247633856
39, 0.12143935214332979
18, 0.46433054596492507
55, 0.6378117927267958
6, 0.7199979172859137
31, 0.8515588025102145
-89, 0.08321663231975551
-56, 0.9315386593879111
-40, 0.9629404796549231
57, 0.26842270669248247
-51, 0.1370073636761583
-100, 0.4531519874702188
95, 0.6681996212923225
86, 0.43999527610053457
-96, 0.12251651235957695
-40, 0.02277605102008451
-7, 0.43838431142176526
30, 0.95751253269566
-64, 0.30346365223691074
7, 0.7314423901762885
10, 0.995379754098186
-76, 0.615417928881243
27, 0.580625359452278
-57, 0.3900305627942917
7, 0.8283717269643471
22, 0.40381142161889927
73, 0.5965333439273979
46, 0.8836575976624613
16, 0.3537250130679854
-79, 0.05403347307925199
69, 0.8456419764940227
61, 0.0050371361526855285
-54, 0.7839561509733288
-45, 0.42202802176574183
78, 0.2875502378776824
34, 0.5904099495830709
-20, 0.9985819673822142
-68, 0.28363026946765735
-24, 0.9283925783535341
-7, 0.4267188372288897
-53, 0.13626781279736544
-58, 0.10228363709175348
44, 0.5836144008122909
24, 0.2231788097839693
-5, 0.5334524433804974
50, 0.16267121052167954
22, 0.2722553388396438
37, 0.5574246079822864
-94, 0.7844152551451755
-91, 0.46479635048245216
99, 0.4473778091855499
84, 0.8525665200507002
-74, 0.7625681531554858
-81, 0.5195465435437937
-5, 0.62159578608545
60, 0.8225898271648749
-50, 0.6512604489859669
-33, 0.8958365670123756
92, 0.3406925740763993
-28, 0.9255567764040661
-20, 0.19359686461201087
47, 0.9947243638768017
54, 0.5155316784461844
-88, 0.41764529240759185
-22, 0.26383647352163386
-30, 0.23307968313330563
79, 0.3206497455924079
91, 0.8200169741877829
75, 0.8838525965124558
42, 0.6056029061918421
-61, 0.831330638654173
46, 0.5817937957437352
16, 0.22139222789069446
-7, 0.47701796319048106
-79, 0.33693337770152376
-59, 0.7396909960665394
-74, 0.3544675710803983
96, 0.7881795880947077
-24, 0.9843589203738946
54, 0.8302864308604152
66, 0.18260466153487465
71, 0.4387689206371247
78, 0.12252296603716106
-40, 0.5001193221758282
98, 0.3825013491790732
59, 0.9593478189283687
40, 0.21133370315894306
16, 0.6823073922239706
-3, 0.9305551321409024
-37, 0.14203646830504835
30, 0.30854333754347796
70, 0.33941726682765005
25, 0.3421214756866062
-20, 0.22693274066774893
0, 0.17472101358883063
14, 0.7262350447404622
-54, 0.7633096746710345
-72, 0.4712377993490461
89, 0.20312887875027263
-8, 0.26166442576181737
39, 0.7596352159130391
43, 0.6123419067343595
9, 0.08525213515621732
8, 0.4646292514887381
-16, 0.4396649134394348
13, 0.6060130120992293
96, 0.9779426576829006
-89, 0.04414715044555961
92, 0.41672679771124677
76, 0.38900910338146044
-10, 0.44072867646417113
77, 0.680917145585661
-85, 0.7440649782063827
-86, 0.44879512374606
-49, 0.893698726573335
40, 0.27425873071134577
-97, 0.9528092464110142
36, 0.389436371374964
67, 0.87714806150887
38, 0.3185192095250782
-80, 0.1667358615076754
-17, 0.4052691826986272
48, 0.6500673141097821
25, 0.5480262558664923
-10, 0.6107979357168407
-37, 0.3453736624095407
-43, 0.595679302139502
47, 0.06249644517039188
-58, 0.5989291000994034
-31, 0.5764328837974222
-87, 0.7864613677677794
16, 0.6643387014667224
-8, 0.8732442323393363
-39, 0.4529783035115247
55, 0.6727471852119291
-94, 0.14801535361699425
63, 0.3874965174431958
-6, 0.481198623876792
10, 0.6982577061639269
-88, 0.3397071014723617
31, 0.6053802110548846
34, 0.20647432009065692
17, 0.18798704668720134
63, 0.3227024526584349
-50, 0.573194445628406
60, 0.049001418338467384
-45, 0.2782161312850635
-65, 0.47098308564418345
66, 0.8260387304995122
-77, 0.055294144442345594
-48, 0.1882712145043608
16, 0.2625213214896871
89, 0.19131673273063965
-60, 0.994676790041038
-54, 0.19831370668831083
-6, 0.36882355393339084
-52, 0.20342883895033936
53, 0.4443529527690069
-75, 0.728661413789631
89, 0.744342823609303
99, 0.4670495531314214
-38, 0.53959695013774
-57, 0.765177870409897
-89, 0.8724454532875753
-93, 0.5470109115884448
52, 0.32974514604810456
-70, 0.524482957944076
72, 0.7799482327058412
-10, 0.6601386590760916
-44, 0.7506708557083898
-74, 0.15445659924291166
-40, 0.5258522668990911
25, 0.002277093863032653
-7, 0.4770926470849083
-28, 0.26445860784585207
48, 0.5871761861805157
-94, 0.9264105653568658
19, 0.8291394912413463
-49, 0.46338429035072604
-62, 0.5264567967060501
35, 0.9917449437411191
-96, 0.10639082446241643
75, 0.2429379652783401
82, 0.5608421990174429
46, 0.01665235259100517
21, 0.6344310293826969
14, 0.5381819110188651
44, 0.2044208725298956
21, 0.47962635238587237
-24, 0.7014579771896982
39, 0.8522816141621485
-57, 0.6096753643385736
94, 0.6403042761468547
-56, 0.6719671590715486
-62, 0.6122918783040622
-80, 0.6724603804646956
-54, 0.8329202634633868
-29, 0.22398268095773088
76, 0.6305203599796576
88, 0.5307352797074405
-79, 0.29310348911547157
-48, 0.9896939019844305
3, 0.2742131785081342
-94, 0.8296387156248707
34, 0.8229714575824691
-50, 0.80901713794544
-39, 0.5833812197997681
-34, 0.8101098903956854
-80, 0.2174215045882263
-82, 0.27466703334920795
8, 0.9910469344076842
23, 0.9581508991667833
-8, 0.3935706643771296
-68, 0.5025556780625291
-62, 0.9840989979850977
-52, 0.9005123622567945
-1, 0.9981485217819188
-77, 0.7883058654268345
-8, 0.40749252958511195
66, 0.8084201562733189
-57, 0.5561584211322741
-59, 0.442869697335744
87, 0.9250803207718961
-89, 0.08214059976514299
55, 0.7108497685535474
-75, 0.9071784083232917
-80, 0.32422056114428066
19, 0.429043812609778
40, 0.15338400306618905
59, 0.6749380150746255
87, 0.09580318179238068
17, 0.3459448301912992
-92, 0.973457205833966
-75, 0.9261903775332244
-17, 0.27953332574561696
40, 0.6051548111342953
37, 0.808983443466929
38, 0.14682085821113133
-74, 0.35743133435783303
61, 0.2550726160667318
-90, 0.2325353625912554
-6, 0.7598910714450757
-42, 0.13545800810884756
8, 0.01788546001605751
-84, 0.02660599976858924
-1, 0.7137952783352952
-63, 0.07362625477465978
-74, 0.9942887522192144
82, 0.9207014954711711
47, 0.09606690221602765
25, 0.7887751102175926
70, 0.5129613375032348
19, 0.514841832691447
-67, 0.9686742422608424
20, 0.7296701031793517
-31, 0.8070650754530015
92, 0.13536157332085508
27, 0.9624490116056417
16, 0.7945997011295918
88, 0.25411262617407093
-19, 0.6322614916000919
55, 0.7608315993139065
27, 0.21417424222272452
-13, 0.5262882304164551
19, 0.04269484425993353
79, 0.03642791384622557
50, 0.019078692339812076
-100, 0.21885554272214336
-58, 0.9888110179683621
54, 0.4132509549367107
95, 0.9911486007199299
8, 0.8220946079718322
-35, 0.9818480289534867
-18, 0.26860952353061807
-66, 0.5170229696294346
44, 0.6970864656084965
78, 0.8420105933872456
-26, 0.22814137457233552
-59, 0.3389524685284977
25, 0.022738667931307188
54, 0.5741595557280158
38, 0.48678275004720084
59, 0.7341022335337403
-43, 0.42461628973037513
-74, 0.2891224384373774
-10, 0.3103594811345537
-32, 0.8461463670548707
-50, 0.24345037706627282
48, 0.6319518988247799
69, 0.37005403878296517
-5, 0.40305035632954467
-88, 0.11578979317222216
15, 0.5633156524579218
77, 0.5992289996454826
-29, 0.86999793967331
-54, 0.3601655119870094
61, 0.40088647508245345
12, 0.25200966790931867
-53, 0.59524026579287
-73, 0.32617185906005675
-83, 0.6374311299316502
-65, 0.10555945885851759
-72, 0.458780166069261
-99, 0.4224789130248522
67, 0.5002240612994452
23, 0.19440721615230327
-77, 0.4521991992575074
-61, 0.655324940300338
22, 0.8125760634741469
-99, 0.9233747213169871
-11, 0.9168798448444386
53, 0.12373335102703797
73, 0.4898429121418405
51, 0.8684033068185792
59, 0.8531245189748179
32, 0.3849414621822701
-7, 0.6813914841974837
-3, 0.8604994469821745
32, 0.19224459945063066
19, 0.8881050232305109
36, 0.7550198212619489
93, 0.8018333896564583
8, 0.1864600248827991
25, 0.41169630514360955
-10, 0.2184360757370346
-1, 0.6914133616497581
-75, 0.8375550085992973
-4, 0.8584727040707044
-30, 0.23859244185106976
59, 0.7462885042706064
67, 0.7016068894203145
33, 0.8948247811080747
-62, 0.8389215701314776
82, 0.4179655956558155
-91, 0.33493334652597584
61, 0.371813370865002
15, 0.2189247832874751
30, 0.8181706844390042
-50, 0.010457132468273955
92, 0.8155588262918441
-3, 0.4461269231397835
42, 0.24032365075015039
-65, 0.03419527592351845
-69, 0.44618887207161917
-9, 0.28811458665205547
27, 0.9939882847120048
100, 0.16668788255325961
-67, 0.5177955147192456
-39, 0.8481248394218764
-82, 0.8231188255502259
1, 0.3321157326911599
-56, 0.5350258139099919
-42, 0.30796497802944933
56, 0.02777853665857788
-21, 0.2742262589033827
-11, 0.30314689539235085
90, 0.9369304178261924
-63, 0.21935814867941295
-30, 0.4480381362046698
21, 0.012230438556708134
-56, 0.5123774412847282
-79, 0.19040010901117344
23, 0.7143026735936207
-19, 0.2385339269385761
-51, 0.20983080362235806
35, 0.9627314816474931
67, 0.3716008552944223
36, 0.17848683940425814
66, 0.2823037331554914
-60, 0.29461080901318204
-12, 0.4282831473259381
10, 0.6755313164067999
98, 0.006954593027240219
16, 0.3968368135681314
2, 0.4575883828807604
-87, 0.2695036141977969
92, 0.974856729355443
42, 0.5445557686517873
75, 0.18403297635742388
62, 0.7995092060070322
91, 0.3735048315017385
43, 0.15494833227568616
13, 0.4914651581145978
80, 0.2624964525363104
-16, 0.36255394119581763
-26, 0.5685713316509474
33, 0.885322847745948
-70, 0.22169714964893594
-15, 0.2875992742649571
54, 0.915772752845193
-5, 0.7807721682024874
99, 0.8288354258990311
58, 0.20759776206573344
57, 0.6619700096683521
-63, 0.3800781858280946
-78, 0.7868470984768626
-67, 0.25786089245405397
-79, 0.13440591118163603
-60, 0.9685013648724144
-93, 0.3637503028668857
-89, 0.5983989413544784
-91, 0.4013245396331754
-37, 0.422593930486308
51, 0.905255543229837
-65, 0.23652831220206694
-4, 0.1655118380220253
-88, 0.6322921922332443
73, 0.47730705772050996
12, 0.8525479434831089
-20, 0.6295443765927997
40, 0.6751476628392954
13, 0.8264585003809828
-68, 0.8755711309663647
-90, 0.562742509460329
36, 0.1537075922512673
91, 0.7224522248273835
-93, 0.7845221433833064
98, 0.532012505941238
-40, 0.033097355204840584
-7, 0.9642683609643433
2, 0.9643748774543232
26, 0.12670613419325183
50, 0.7358873307178522
86, 0.3112820980502379
34, 0.4055109614840139
-18, 0.5900025310118721
-42, 0.6033752938467164
94, 0.681471792443829
48, 0.8364061423361089
-14, 0.8668198616114503
11, 0.6124828800798227
88, 0.6203857069012687
91, 0.6046939253980069
5, 0.3205906522849974
-6, 0.1611937152997438
-72, 0.43449973292639665
87, 0.04974793059313709
-5, 0.09027555182015368
-61, 0.395988485699302
-45, 0.6204024963648281
84, 0.13933693470853026
-37, 0.8908912073343207
-61, 0.43849305479347145
-33, 0.06332322607203122
-49, 0.16168629721963879
-51, 0.20592125186472265
-69, 0.9105750350441317
-56, 0.9467066647401466
63, 0.8679010851787747
-44, 0.13863812785894736
1, 0.34936590701937653
79, 0.20037115687237605
-11, 0.7868205855048367
67, 0.15597025175384271
28, 0.4442436513094431
-36, 0.3331543566217732
-12, 0.9882868461798967
-17, 0.8142377695980916
76, 0.06948409466469929
-77, 0.9995426431343908
-66, 0.5527916897880158
-24, 0.26082200106499465
39, 0.3254101540583201
-56, 0.7492929308545675
7, 0.9953125922243046
56, 0.7136980495912489
96, 0.4596687945503636
77, 0.17079360291039514
71, 0.17028226731500207
62, 0.06602505419333571
-11, 0.512258550189447
-81, 0.1758819397675805
25, 0.8514693704127719
61, 0.8144224904912046
86, 0.3608632332461096
-49, 0.8960263937670914
-60, 0.7004020659130435
14, 0.26310250187127715
31, 0.8153170578218475
-39, 0.6787172538729708
16, 0.43925546327749776
71, 0.06699393379503105
-37, 0.15440914223171742
96, 0.34044864789370277
95, 0.8209502368579115
95, 0.4742052796098486
72, 0.7965997500007423
-16, 0.11596891867135051
59, 0.429057514800689
-60, 0.15863887217824835
-75, 0.8467598374916682
-81, 0.03809226233144758
-4, 0.9164341682801653
4, 0.4738234310878552
88, 0.4879572426013197
1, 0.9474917200318616
-19, 0.008395780689299803
45, 0.5909035009581376
75, 0.1501834100231333
-83, 0.9273177701716557
-27, 0.6530064340471227
-73, 0.29248033619262204
-77, 0.4435545077852321
30, 0.9523642688394726
67, 0.8569502409797016
-97, 0.4072097370664093
-6, 0.11171316766105976
-25, 0.5318504898407755
94, 0.9321138026560762
-47, 0.08754057520738578
56, 0.6002054500660038
12, 0.9087903554096872
53, 0.31014956217907375
59, 0.22288750343547392
-86, 0.7478773203289122
47, 0.7675051580134183
91, 0.21293169188595118
-29, 0.276404568078358
-60, 0.21380485765787738
36, 0.7868020395498637
82, 0.19945577917630952
68, 0.7777322391281236
-57, 0.15923417415136465
44, 0.2291980730365677
80, 0.7899960298122384
-30, 0.5262287466685195
-86, 0.2708168405837983
33, 0.3680210381736996
-79, 0.7172216410010308
51, 0.9142958220157954
-10, 0.0870501978876248
-6, 0.48547649772339196
-7, 0.7875491285624092
9, 0.8468071678500629
85, 0.6276902941594554
-89, 0.5931415198437194
-64, 0.9329854799818275
-3, 0.45097949973368956
-16, 0.9576046303552785
30, 0.2535318673228075
99, 0.7557750683035938
92, 0.736572536020763
14, 0.04477807153506619
-56, 0.5771397066325152
-49, 0.5229564142941507
-24, 0.294064300297494
32, 0.8756979289427306
4, 0.39153191938206
-47, 0.7146056319785821
-61, 0.5129114206454441
83, 0.24198006127231142
-91, 0.41878804990024676
-27, 0.15627411357782495
78, 0.9644906354958568
68, 0.2732692129237517
-60, 0.5181495088119907
24, 0.799336885584228
-81, 0.39907567774871355
-83, 0.9537893368844215
-33, 0.5011622976674219
33, 0.9699469066669213
-92, 0.23169172001008265
-69, 0.9864870935929656
-92, 0.5943270158163
-94, 0.5797952366459951
-92, 0.08930433747498756
-99, 0.23817139749640015
-66, 0.6319782827414905
34, 0.7472960143050762
95, 0.39376057727108804
-39, 0.7591854474542001
-66, 0.14611685350991832
14, 0.12111641344740975
33, 0.59288626928344
60, 0.5177211184878885
92, 0.5148125370126885
58, 0.9430107884935081
25, 0.48009949460546253
-93, 0.7566948549634396
13, 0.20810312128081465
22, 0.4058519239061942
2, 0.8219020229786341
51, 0.9817382310330591
-12, 0.8558775354117166
99, 0.9126931542180226
46, 0.25424954198752336
-62, 0.07586897708337836
-85, 0.1641149468060894
63, 0.6594731680329259
-53, 0.9471895996464529
-1, 0.17004014597394612
73, 0.551829269645834
-73, 0.18911342523579056
61, 0.8148071530593649
85, 0.12751642083023074
-82, 0.8074928938747667
41, 0.39491477404817477
-42, 0.9649532705630373
-82, 0.24160289712198513
-52, 0.09018634472059228
26, 0.1514061071208549
96, 0.04648859441925535
-3, 0.6260321526032745
21, 0.6417803449057418
-86, 0.886465206461988
-25, 0.15161499140163326
-34, 0.5718548192397241
42, 0.30451257802905574
-41, 0.8258538670714455
53, 0.8977466817821014
89, 0.6389233213373254
-38, 0.6697737338866545
33, 0.44643594619384286
-21, 0.15513229242906357
67, 0.5656112075103308
33, 0.16343258496400515
44, 0.2856880442359099
-68, 0.44086341910707594
12, 0.24877416152919052
52, 0.4960210064820625
35, 0.5633258564792929
27, 0.5590308797522361
-24, 0.7248179329334943
-24, 0.6532843501913049
-55, 0.06672245556308554
41, 0.47390612950114885
-52, 0.7091860208846033
-19, 0.1020671324421143
-61, 0.17719644131292311
94, 0.0492394091124152
70, 0.7681640314875053
-90, 0.7280212409274507
58, 0.8900898857220975
-40, 0.9216561613543774
17, 0.5781159516836062
64, 0.38801402272671326
-4, 0.6556667467261693
-77, 0.666356215808354
100, 0.12480295280401255
37, 0.7018574424643534
71, 0.03637192159808689
91, 0.7295364655342165
89, 0.15928869445321536
-56, 0.7800564566360503
60, 0.1808139882923685
-60, 0.8575197360713253
-99, 0.5695149328629839
-46, 0.7865426549542494
74, 0.6337475261132963
-74, 0.8729905984120829
-81, 0.45612061608245225
-7, 0.3578552255556704
-35, 0.9973057063738326
25, 0.7660336128313809
-22, 0.5652235745217604
95, 0.31588485774124897
-35, 0.4194791356316797
-85, 0.07168864931317365
-14, 0.4373375699938781
-23, 0.22952753997559405
-52, 0.4515414550180421
100, 0.5171350109834608
9, 0.6125433285859633
-63, 0.438106067605847
25, 0.4119699165005827
-75, 0.13844438920501467
18, 0.9508773159842748
11, 0.3879904889634457
-66, 0.6299389468257711
-100, 0.8522095225999493
36, 0.6859481630993154
-78, 0.6721801918691231
-66, 0.013679493383630281
-29, 0.09630410103688392
-52, 0.09106994036476845
-13, 0.6845218827924072
27, 0.4019044823409743
13, 0.021346975575032623
-100, 0.5698761936839898
58, 0.22305878373953947
77, 0.23372070234956288
37, 0.03972211412311011
55, 0.5910238615978896
60, 0.39321315058925255
-16, 0.18450619852464456
-55, 0.6930684937718323
-11, 0.8709827683455507
-76, 0.4443315963817812
99, 0.17322319617396342
19, 0.7576633664261755
-50, 0.42518120193348774
64, 0.5119017759042617
61, 0.8602892795258691
36, 0.15754393536490252
-54, 0.25194138059359716
37, 0.7887959944632544
82, 0.2684947339865611
78, 0.2153791802133409
21, 0.508351075850714
80, 0.602531557260446
-51, 0.48170863204717995
88, 0.8982721968310617
55, 0.3797972638516225
52, 0.9261589011526902
-45, 0.623674948543122
-31, 0.5276722865625681
-54, 0.17906344037853283
82, 0.0935537563071982
-21, 0.4682492806184767
-53, 0.825098484167916
11, 0.9828119411665837
-75, 0.8409400357269746
87, 0.26684364786186754
55, 0.3083308406062544
-6, 0.1988185993569872
-29, 0.924302739806791
-20, 0.5475454472477409
-67, 0.14493452096962522
-93, 0.5875496697450509
-1, 0.3553477761160805
81, 0.9383198333965681
-21, 0.43222243135017724
61, 0.6792566836850854
-21, 0.20351168939287811
82, 0.08880798524394773
-3, 0.10074468918735291
-22, 0.6381848401208194
-17, 0.6946528309955659
76, 0.32141416079432583
54, 0.9385754964475278
6, 0.6937559252194194
80, 0.8923340334035651
53, 0.5019390325269215
32, 0.2978039898372892
-78, 0.10480981922386445
84, 0.5924995076264538
-97, 0.03333170687454601
-55, 0.448728355124247
44, 0.7951857937859085
-44, 0.33087791021698165
83, 0.15551602513867646
-40, 0.8470681519251347
89, 0.9886456564322402
-13, 0.48739410481497436
-82, 0.19893815525248315
35, 0.4072518052408558
2, 0.49936660538542954
68, 0.8410073011493835
-74, 0.17520112237752195
47, 0.8077878807752249
43, 0.7772215130996049
46, 0.5637796020548728
48, 0.23770294214719978
30, 0.2582350180617726
56, 0.763825949561067
81, 0.4540790996047005
38, 0.06204967283088891
-74, 0.1722979889827132
-31, 0.30334433936896954
42, 0.32152561519370293
18, 0.6071463433177923
-52, 0.18202503539124615
58, 0.37199664431594615
72, 0.9473185454674031
-8, 0.983921122276337
56, 0.7299969041500042
-61, 0.8166141002038897
-42, 0.652527881309294
62, 0.2969624062233789
52, 0.3932133809285576
2, 0.6579540279934051
-35, 0.3345347422547914
-80, 0.045419656790367635
42, 0.13969351513269468
-6, 0.8763982164327216
24, 0.6181628230273687
-95, 0.3285045499058695
9, 0.4436391813962216
-46, 0.34460619673279824
-6, 0.9366469368047142
-69, 0.36236720101083786
-34, 0.32670481048692834
40, 0.13125793275025943
-43, 0.18871219156802643
-52, 0.6352791003494038
19, 0.5174400647674205
56, 0.1335988965673448
40, 0.17666241200403554
-76, 0.541118858454816
-92, 0.22858362819890587
-87, 0.42492131764578156
35, 0.21977601331659047
36, 0.4000644999608979
-12, 0.8104133552559363
35, 0.6201950294802208
41, 0.7355904194525671
45, 0.8627580122590075
82, 0.3759321393711811
-29, 0.8815702314361431
-95, 0.03267889462943485
-99, 0.05579046291200973
-54, 0.6381317986974545
2, 0.8842571963869109
-54, 0.15299839876890164
51, 0.6814684218273699
-21, 0.02441693309275117
-6, 0.5231271207588328
70, 0.6329716119257658
14, 0.7415011380513569
65, 0.5742778934364232
-99, 0.7410504198524566
-94, 0.3270900118311588
-98, 0.3355607980968536
-87, 0.19879101392431675
-81, 0.9764205362337728
-34, 0.05338787561220881
-96, 0.5865724214886767
-85, 0.049245009002153006
-89, 0.36081890268872974
48, 0.3635319151030991
0, 0.6720529924196437
27, 0.39520293002806517
-19, 0.2862819361431793
-77, 0.8617605748351175
-76, 0.29446624203449145
77, 0.2903632221414817
-23, 0.5248222427188116
83, 0.1972364731565951
-82, 0.6174070424432617
64, 0.18446565406277815
-22, 0.17916811317588666
-41, 0.7460878892184839
37, 0.16999816153726277
-93, 0.17005143122816901
63, 0.31397381685699366
98, 0.19475100072090656
9, 0.4910730910280515
75, 0.8438048057128762
-26, 0.2971698285847352
1, 0.5154591184623774
-80, 0.2551899398823836
65, 0.4336471421574519
-72, 0.040400161924089906
47, 0.060356795184887235
-9, 0.5628179158091765
55, 0.060306996413301284
33, 0.9483339503515094
42, 0.8975650631206171
-70, 0.289676935233096
-20, 0.7583439754423406
-74, 0.9401651739358601
-88, 0.9488685230907359
-50, 0.9975754631634359
-53, 0.5707220801009435
-22, 0.02940873229627272
39, 0.639371223179533
29, 0.37214246013779806
-78, 0.17411585039697597
-41, 0.8514798424872639
82, 0.4019259414002089
15, 0.9017918029323335
-66, 0.1548628890697249
-17, 0.35013465034241265
-100, 0.7344134747980576
45, 0.4097245922234948
-44, 0.2371829137399576
-80, 0.6039418459068626
-64, 0.8329761067060355
64, 0.9625437859231271
-34, 0.44176630425030883
-14, 0.25812412278388386
5, 0.6035087386609355
62, 0.984412274140955
39, 0.3850753441848095
19, 0.4204667931669446
90, 0.3752291081285173
27, 0.28348246491349494
-49, 0.09565170449448557
98, 0.011375042093721865
40, 0.15397681440009436
-4, 0.5585236953596112
-74, 0.9225596059489667
29, 0.3005440152828506
93, 0.44127568726116106
52, 0.764704979925002
25, 0.9872983908770043
0, 0.27705871335909527
85, 0.7993281486436858
-83, 0.4665538958274127
35, 0.469955410673373
17, 0.41241005578246837
-12, 0.08197448640045735
14, 0.7700830261389714
-71, 0.9387703658712092
53, 0.7756744406327262
-66, 0.6845914492314138
31, 0.8555640846483789
34, 0.7246190921018614
-51, 0.445076721574552
85, 0.6426816988335077
72, 0.9518160432810798
67, 0.7411963873839207
22, 0.7982890541231088
-52, 0.14424102143252382
-16, 0.3030471328158635
-41, 0.49164388630626576
-9, 0.06444621929969752
59, 0.22996393860610798
-51, 0.193583666434885
-50, 0.1496235554746288
12, 0.04100410274907207
72, 0.22206390792133446
-74, 0.41363049596804313
-59, 0.39156372879696044
5, 0.3082065590936214
-73, 0.23605875822868982
-20, 0.24910876182644104
71, 0.35784552844285844
69, 0.33410401546529445
-67, 0.7343714895393284
78, 0.3872020461645028
-39, 0.35166255828280035
51, 0.9655466474516343
35, 0.0008308320109099432
-59, 0.0916394288056186
-92, 0.28270377413108283
99, 0.355317710740517
41, 0.11642270900799989
27, 0.8996955005815753
-71, 0.38737648725892604
65, 0.3002730354184515
15, 0.13956898679920882
-62, 0.7223807926223421
38, 0.4917161081647865
34, 0.006261857960826567
32, 0.3696706752525937
40, 0.6874309795576877
0, 0.029704000781221707
24, 0.818732332853001
-59, 0.13366200412512563
-2, 0.7470537118749125
12, 0.22744274899933237
-2, 0.8067663190552792
-74, 0.6445121025613698
39, 0.8181852233191146
98, 0.8881996055807179
21, 0.3531781650138328
83, 0.5352837013704143
75, 0.1990329639798497
40, 0.6919504654332057
0, 0.2400490555848901
61, 0.3226212969408947
52, 0.29966844851916563
86, 0.9280714584397548
-13, 0.7775785394845105
-91, 0.2420012630658095
-45, 0.6588464481040196
9, 0.5448828741701398
-44, 0.1378184647505466
82, 0.5308885248224628
-67, 0.6752953492467559
32, 0.22294142603170064
-5, 0.8408082457279856
31, 0.9365163145632888
-24, 0.5125839696776107
7, 0.9287326989579098
86, 0.4381553444962494
14, 0.551378960839126
90, 0.1306872657352358
75, 0.028433096340014674
38, 0.49678792996398924
7, 0.8762189798192614
-45, 0.8708255329498015
91, 0.9171919410227148
82, 0.24907733796438314
-96, 0.8983625222860293
75, 0.957659136929385
94, 0.2372570008505832
-30, 0.7658906835154083
-30, 0.8742799746935379
84, 0.07231666727666763
2, 0.22885433125775467
-87, 0.35461776268591705
94, 0.347179681400404
68, 0.6742071128070878
-55, 0.016215060603649967
-46, 0.5306370170235966
-2, 0.9473019135179236
15, 0.8886900214773025
12, 0.7416870668453323
-48, 0.4224185990476924
72, 0.49040235688878797
-4, 0.3580710798698359
-45, 0.45367833168853156
-9, 0.8048248670499355
-49, 0.12468706188589518
79, 0.3459011891036051
-84, 0.8049912448824805
56, 0.37580128974392424
44, 0.004630582543276529
33, 0.3620646740197426
-27, 0.7309240542472016
1, 0.9553359304863965
37, 0.37410561530802655
-31, 0.2913212702890764
36, 0.8803470582005829
-39, 0.8432329383140944
-90, 0.5199806795998608
-89, 0.17511319006473247
14, 0.8712059579004007
2, 0.9931706842382623
-14, 0.929589443863196
37, 0.3368462396089087
-58, 0.3802190862587358
-51, 0.7518583245798166
88, 0.4129126606420417
-41, 0.29046829185107537
76, 0.5557205346777013
31, 0.1925186952898983
-37, 0.5212644581389732
61, 0.6469228522400857
34, 0.5013782536191761
48, 0.9698684279087969
-95, 0.8699911991848075
83, 0.7800284648211331
-56, 0.9828479828391369
41, 0.6291081586943494
68, 0.8321732457851707
-56, 0.49301481127223223
-13, 0.37556037641847095
16, 0.8446538393178505
41, 0.5233644034348268
-52, 0.4520600755742695
-16, 0.353627189079354
66, 0.6957306067575612
55, 0.8592617600539286
-48, 0.38396972387459904
-94, 0.69442865761761
-13, 0.22662277313824586
25, 0.9936580843681392
61, 0.6724043073551285
-6, 0.8548531540971981
92, 0.8311404739325073
-95, 0.7899496679995385
56, 0.33557284679436006
45, 0.9774949509140143
-84, 0.5436083446397956
-44, 0.8946045830863976
82, 0.5902434291034562
-57, 0.198189807883407
-99, 0.2570414219341579
-64, 0.698981702052545
59, 0.8785546483890266
20, 0.8325824252222079
84, 0.7559108333616602
34, 0.7261068373495423
63, 0.02447794648707957
-76, 0.8283592342686255
16, 0.5686098468369583
-71, 0.25293563928833074
-19, 0.8480291036934811
-21, 0.13524496381871964
-40, 0.7113234175262704
-82, 0.001922696461657103
-65, 0.9127384137661533
52, 0.07390153604632854
-40, 0.27119997669909734
-78, 0.1529044764151064
-49, 0.903387856393959
76, 0.5295814916629065
-56, 0.9283034354816674
8, 0.48796897803397843
-45, 0.4135991169357697
20, 0.1822381826673446
-27, 0.2913753754984063
-5, 0.7559970209047612
68, 0.4169277053006709
57, 0.5851911113971895
8, 0.05240217175707407
20, 0.7963530101871116
-17, 0.7901761726924106
-24, 0.4100809504159375
-85, 0.4626514842865924
-36, 0.07454007799242102
-92, 0.9257440056362815
30, 0.6201171820813612
-43, 0.6637683830675678
54, 0.38239444691226565
-19, 0.6002414643037607
73, 0.989486855805827
-35, 0.6759580438817288
0, 0.9733099097094228
7, 0.9768179722371083
47, 0.3405645217196843
7, 0.0006792230324726978
-59, 0.5382358269026762
-33, 0.4578615928660308
94, 0.3728479385828224
77, 0.897278602532735
45, 0.9371888087639918
74, 0.0950186161270451
-67, 0.622811284428701
56, 0.5846913233576636
-44, 0.04882937119224395
1, 0.5106129425495763
56, 0.5432735007865193
-47, 0.5654019804248132
-14, 0.601248018395018
70, 0.14114738001978067
-4, 0.5307550527857683
98, 0.28177028882516564
54, 0.545936391355114
-79, 0.7023956761348407
16, 0.5500207579395209
4, 0.6363226157020745
61, 0.7858978294726274
-97, 0.504678661279349
-38, 0.5790669000714684
-86, 0.5714377837593211
-54, 0.32954286982621206
40, 0.09218101353685226
-31, 0.7092942517532295
-29, 0.06930701932314132
21, 0.49650120074979576
-21, 0.5782458652108096
29, 0.010195502521731958
-77, 0.26054718391935505
16, 0.8611877670677441
-68, 0.36538928268253357
50, 0.33437464094704505
-91, 0.7319842721886737
-61, 0.6223147589714064
11, 0.46302330998201535
55, 0.7327418515846487
-7, 0.05823077806823096
-8, 0.5248576944071492
-48, 0.8805151486079673
-40, 0.6999626689064512
99, 0.6053217158951814
81, 0.5044146744591713
-79, 0.8193100213023675
-5, 0.25826360849422925
-62, 0.3168291749109535
74, 0.7183157466297969
39, 0.7521546030046922
-59, 0.24311015554186877
39, 0.962612221363574
-8, 0.10277347348482968
-40, 0.27869567397426387
-8, 0.10519441363750726
47, 0.4423578878887572
-35, 0.695384963470853
-65, 0.04471008902980622
41, 0.9425706248322804
90, 0.5293586983140768
53, 0.1101415588141954
-6, 0.2156275965190355
5, 0.43514092451929476
-1, 0.3758416539588192
-55, 0.5792443765865676
5, 0.636118885974709
7, 0.06079983493391161
-17, 0.4752706252476422
-90, 0.14652323730675054
-22, 0.6077830223378163
-81, 0.3640186930283882
-54, 0.4090471514271613
4, 0.5978397035099052
52, 0.9049913726965774
-87, 0.9373750623695959
-42, 0.41707144925008754
-62, 0.5165889452344707
97, 0.9992997226614833
-93, 0.5570864749256375
-8, 0.23506138544004818
59, 0.7371672431943292
30, 0.9119125476651967
94, 0.96146249693722
-80, 0.12814581158499294
47, 0.9035282978393878
75, 0.013010422649235132
97, 0.8335080394754301
-23, 0.39266747760545184
-88, 0.24539836311582475
-70, 0.2681410444352792
-93, 0.383665860109654
70, 0.12611683438771926
-70, 0.10853831744069942
-54, 0.06407001310737737
-55, 0.5505626952089993
-98, 0.40123258312654697
-51, 0.49434298291907486
59, 0.20288963379016767
-22, 0.917777365722728
17, 0.7761828108856725
-27, 0.32434748407974834
-17, 0.44577943352034965
80, 0.003285914348378327
62, 0.4037799257787176
-33, 0.1980599446934237
75, 0.4218358529523466
66, 0.6266758034472916
-73, 0.12118890129880777
69, 0.45263991137451776
83, 0.3618926221048989
-81, 0.05067887458976705
-50, 0.6253192334806975
18, 0.09755997216203449
-61, 0.423894962610152
-28, 0.5629506178003797
-6, 0.925590230544223
35, 0.5498002472383522
19, 0.7806250342054134
-43, 0.4200949385701118
-73, 0.45879917921759394
45, 0.13614585346177743
-59, 0.704980074291098
73, 0.7035983751188682
54, 0.6937873439514929
-71, 0.3755218284907803
52, 0.2053462916719817
-61, 0.4839532060007605
-3, 0.9250940779818388
55, 0.040963944691912224
-59, 0.5164042441959262
-23, 0.5200940400741324
52, 0.5887854430308368
2, 0.15113127609657395
83, 0.1351883301129123
92, 0.12905010651685578
67, 0.36000257537248037
-73, 0.7274474719428848
64, 0.7210115571463033
84, 0.7798965969125765
-84, 0.659073967459441
5, 0.10843674375339252
1, 0.6553383461416957
17, 0.5610125473426831
79, 0.7004933071097873
-3, 0.2637450776336433
-93, 0.5610754342751983
-3, 0.9703847163251098
-66, 0.9791845161574126
-34, 0.6119505038804354
-78, 0.3155383152706225
-40, 0.9555727885403075
48, 0.559758995255813
52, 0.3285059083584202
-50, 0.04949565823516999
-89, 0.7737285218819565
15, 0.07377517327513139
-26, 0.4111331345170578
77, 0.011309610904202572
1, 0.13052742848053112
73, 0.12385472814883258
-86, 0.10642176028610795
89, 0.05670010052279384
51, 0.8417720236610323
-95, 0.9999538103986079
-67, 0.425838156504881
99, 0.37163552314939996
-26, 0.7082713654906323
14, 0.6552121653818676
31, 0.6052155945031709
-40, 0.4730571188543039
61, 0.45937390611405515
96, 0.9119542199948609
9, 0.35770275367705506
23, 0.2654820558466573
65, 0.4702910487045546
79, 0.08221649563099886
-64, 0.08196975673897022
1, 0.7445349230039578
93, 0.6988728410822556
38, 0.1589032142732204
95, 0.9806744129393673
59, 0.409939449369052
-29, 0.11733657282221954
-29, 0.9196357236122726
22, 0.48904942658274375
96, 0.3403648436538771
54, 0.5660739751879662
-18, 0.778397148543878
31, 0.5045356784329122
55, 0.5540753789142616
91, 0.3902536548381409
75, 0.5041726035893394
-78, 0.7011178769987021
-37, 0.2243154044158583
89, 0.46650231875882275
32, 0.19077537974543346
-10, 0.9053970838752312
33, 0.33769854916812514
-57, 0.743939305235064
31, 0.4993939519413033
-50, 0.41398809263039615
33, 0.8821388523218564
29, 0.905737190137589
-34, 0.5727446864996487
12, 0.3346825631296838
69, 0.7217053115267279
-30, 0.7741342985113747
-35, 0.5074558730964446
-35, 0.7416806362290453
58, 0.9946940713044268
4, 0.24249632535118792
65, 0.022252583485830257
79, 0.9174227451861664
49, 0.5108994582011045
-3, 0.12373509569446028
2, 0.9478354077386552
-93, 0.8752809037880381
35, 0.9297013591259027
-79, 0.701332048286818
67, 0.5548457647052445
66, 0.26840717326187236
-43, 0.561083821606651
-25, 0.11611951918153163
93, 0.2311275450340643
23, 0.8311775322634383
-87, 0.6142406476986968
-48, 0.09197700196065817
17, 0.1316175505528393
20, 0.7301263397289499
-72, 0.5859490673816579
93, 0.766526585222864
78, 0.6164905764151766
-64, 0.3709578041305389
-77, 0.8811753966926816
77, 0.2161115148003795
-46, 0.7431778765419622
31, 0.9104260200075835
72, 0.9041354992576319
-62, 0.7344584033481864
70, 0.2204743460571802
20, 0.6116286204037211
-86, 0.4333270325013906
-30, 0.06537957191251131
-79, 0.005488119937575475
34, 0.016721787018517342
4, 0.30089387739552775
-48, 0.1833372416725867
57, 0.9422086420433136
-47, 0.28591591432880237
32, 0.17454877837735938
-77, 0.6212941870922416
-15, 0.6222567838189074
-50, 0.6593145848352041
89, 0.31817307647860493
-29, 0.24806720373604974
-66, 0.3281531613425859
34, 0.8220108314539154
78, 0.6132629448624839
-54, 0.8943315592078438
-39, 0.5176439792313152
-92, 0.24962317640045362
-25, 0.3338407234824542
39, 0.963182588080063
66, 0.3959949537690467
43, 0.7871326056803237
-89, 0.5810136249693685
54, 0.165560921040541
94, 0.552991534143069
61, 0.44893762031103424
-81, 0.8957741163397096
40, 0.2628479874110491
74, 0.11651015765793582
22, 0.2644143036661022
0, 0.6748648662423248
62, 0.8648995167741428
56, 0.09260709720941551
30, 0.1810005514271521
2, 0.10059611314636918
37, 0.521289035778002
-1, 0.1761714449849766
-71, 0.23909998143597955
-43, 0.9170985989949274
-25, 0.2034251090531045
-12, 0.49492200750357984
20, 0.3594889823435874
99, 0.7249399806545112
-76, 0.8608167926901577
51, 0.7535610594074774
68, 0.035068959322076765
37, 0.2833791300345958
70, 0.2674394998193689
57, 0.10612075205992022
16, 0.19703012913825468
-79, 0.7297443656841928
-33, 0.2589956810246663
76, 0.10272708421575094
-47, 0.6589077973613117
82, 0.7865010918770435
97, 0.1917422797572984
79, 0.31582559122251375
-69, 0.2694400592468442
40300