4100
46, 0.3345650847214363
-1, 0.551149458732916
81, 0.3507245824509504
-69, 0.2165655272937933
-84, 0.4375994057641458
18, 0.012271719710581275
-25, 0.9188575456196441
-63, 0.586953058314057
22, 0.5997259994127003
-3, 0.4280458105961168
-23, 0.1851088285191923
-27, 0.17361195547574548
-58, 0.8745056102511853
50, 0.008588889347749706
-35, 0.3920297527269201
-47, 0.9627069682024622
45, 0.2068409492110097
-13, 0.25677180334674243
11, 0.3247021259405267
-50, 0.002267930053034717
69, 0.6801258379463181
-68, 0.4895296724060032
72, 0.579878918971776
43, 0.5621270301234677
-96, 0.3175473635405094
-29, 0.08291204738362845
-85, 0.5807181841529475
-32, 0.38853834322630165
27, 0.23872354653351868
-65, 0.1352993756132883
-67, 0.10455251474021954
-4, 0.8112494297768043
-71, 0.0532808057932419
89, 0.754649661159819
44, 0.6741472227533924
62, 0.48327855053900703
78, 0.3565390521884809
93, 0.5759441430328816
64, 0.1294571690237084
27, 0.7798241804967732
42, 0.9465971764476712
-27, 0.34945518028107303
19, 0.4753867242005845
4, 0.38888288597535936
98, 0.19610445755205597
-45, 0.715080390673085
-74, 0.0032345168132559277
-27, 0.7812472228286835
61, 0.2327211549225937
99, 0.7937866913159757
61, 0.535456159755659
-18, 0.8774210464707167
96, 0.9081317729922005
-62, 0.0219490032778491
-66, 0.8829589235153515
39, 0.8519920315716555
-64, 0.08738031805020252
40, 0.05654352016708697
50, 0.5993615027926212
-84, 0.8180499768491081
99, 0.6228526474919265
19, 0.32648018808059387
-46, 0.2941360603934219
39, 0.8252042805027444
-25, 0.030363117146486096
97, 0.7921566956022773
78, 0.1578331308941665
7, 0.6854919864838991
83, 0.6455884075711821
-83, 0.05033476655088609
-51, 0.9016096384329999
11, 0.1069654594561037
-86, 0.9583898710429906
-95, 0.9622576208984808
-34, 0.3704407799839228
39, 0.5663953438525829
11, 0.07659042870865862
-28, 0.6260321045954375
-67, 0.5688767071274391
-32, 0.9511755976179073
19, 0.9142080161143129
41, 0.8272678775136341
-18, 0.5985716247994187
-23, 0.5176021938566782
87, 0.4955824572074594
51, 0.9909547563720242
-34, 0.10918237217954108
38, 0.7726313129867751
90, 0.161367840163138
17, 0.319244183528145
-48, 0.5288128089873447
100, 0.6260239240531376
80, 0.4260245553939004
-49, 0.2695170775431528
-28, 0.27021061576205163
-33, 0.7367629189052107
61, 0.11952723137744159
69, 0.2751294876106838
72, 0.23041162757379918
-50, 0.022313065817049726
20, 0.48379704511913624
76, 0.5498262009293103
-71, 0.9781039966006748
-59, 0.15441544761543147
-74, 0.7161420899450801
-79, 0.9843228533393326
40, 0.6084743553527368
-3, 0.12633887874671224
79, 0.32772684976245425
-17, 0.9652431129354936
10, 0.5688240815622195
-83, 0.6753240650069184
56, 0.8716732630913631
15, 0.0028751709358417754
47, 0.4590516961128106
71, 0.9972087148300705
-30, 0.325285531785767
26, 0.5719572890762176
-83, 0.33811227188392545
-54, 0.9440327133960169
5, 0.2251930012439023
10, 0.05372547145008244
-21, 0.6210870082193368
-48, 0.6789761977863688
-8, 0.7536599472888571
-48, 0.7296506127691338
10, 0.23330038011904353
50, 0.23815563929458505
8, 0.6705239314172732
7, 0.28328374698507
40, 0.8693585996161498
32, 0.7940476388241916
20, 0.8909907835236501
-23, 0.5675213590900842
-75, 0.6606527406768091
-25, 0.2450996796272713
86, 0.7739018855828752
33, 0.8833064891229933
-93, 0.028009182199163152
53, 0.9304697524361759
90, 0.47367175411603557
32, 0.06826683546599743
-9, 0.7704181334175626
-99, 0.5305292567289508
37, 0.4939000064404293
60, 0.9523100353203199
33, 0.30299149287543115
24, 0.6222905895000862
80, 0.13421167153186642
-16, 0.7200200617066222
-58, 0.37292388861847525
-76, 0.6536913556574776
98, 0.6721564013639089
-98, 0.27643846032694497
17, 0.2931422793527336
-80, 0.6948342045789524
-8, 0.7889494157635732
23, 0.23085219586741357
59, 0.36735712747670546
-10, 0.1162277889786083
-68, 0.19467275361575598
-64, 0.5764330385448145
8, 0.43627095571521146
90, 0.7218775316286684
17, 0.01006289440436181
-76, 0.7466008722122917
-52, 0.7627592144673525
-45, 0.6584659114931318
-77, 0.5088870743867335
-4, 0.5742314666488899
37, 0.8463521818933344
-14, 0.7190020375283471
-7, 0.06188511909226602
98, 0.9838441154127148
-19, 0.2478871421138652
-65, 0.6173487204221327
69, 0.7079882211444247
65, 0.17906019186493793
-83, 0.3252558710925535
-14, 0.3586928987688782
86, 0.5823904133866934
-19, 0.9376424658082193
25, 0.05066987145733892
49, 0.6859916802671826
30, 0.9298300374497759
-57, 0.35532216148294926
66, 0.5280384701504889
28, 0.1376732310449409
87, 0.40888311781332043
13, 0.025954290204688757
-87, 0.2921911611935927
-96, 0.3775125259518798
61, 0.8147805055645
63, 0.4936735066615151
24, 0.8694325707124816
-95, 0.7843657470403669
24, 0.26995281178080843
-74, 0.46774419754239593
-84, 0.5884031952459807
64, 0.291225299040322
-97, 0.4369159542673887
85, 0.548321363766417
-57, 0.11189402698185158
-27, 0.3715805536542143
-87, 0.30471360614063137
25, 0.034927035742903456
41, 0.1718872204769043
55, 0.17760098861746665
19, 0.5616145790551124
-93, 0.26805447225095935
56, 0.3247112168127151
-51, 0.47241525954829255
-23, 0.629907316347606
-64, 0.007538115716445581
-100, 0.5076597699605812
-23, 0.30536212399625795
-52, 0.6463619843191287
70, 0.5972705856952193
-89, 0.8636329227202465
-70, 0.7270285856712032
-22, 0.9345748127553446
-43, 0.3954548785031705
95, 0.09753578902394444
-10, 0.922061688722531
70, 0.20037652684522744
-88, 0.1392157655576145
92, 0.6454031530806358
-21, 0.12803553162632098
-36, 0.17696106612472184
75, 0.5886718451937782
-20, 0.4792351721246715
-17, 0.01119809958313367
-83, 0.37914450846828784
5, 0.21213356070242895
93, 0.4148202442620509
100, 0.27934081139368694
87, 0.8664702089658914
-75, 0.6642381123715901
98, 0.28624138169563484
-82, 0.7690267361425883
-59, 0.22666293077921318
-33, 0.07874156834060153
31, 0.858881970509882
-36, 0.5560412977255537
50, 0.30112250822829756
2, 0.9003637597429753
-53, 0.5396903994642366
39, 0.6489920252138788
82, 0.8928047200727685
-10, 0.7741976695364547
-26, 0.010878246825886562
29, 0.7576094238027665
-62, 0.2251892707637949
55, 0.7810034768807187
-5, 0.5639386769354934
65, 0.06806382703614378
69, 0.32736636337117875
21, 0.9784155418889016
0, 0.7496796147105499
-85, 0.8224814117221216
43, 0.4441455198700939
-9, 0.9861513176596748
84, 0.3599826460922064
55, 0.83914541157463
-41, 0.10512173108375267
67, 0.34253547820357766
-8, 0.24090080079533194
-58, 0.09261486947413833
8, 0.7012496075910231
-11, 0.31057174084113426
74, 0.03988078280255669
18, 0.8029646335521623
83, 0.4231980340244409
39, 0.11623384435086903
-1, 0.4210326257659621
-95, 0.21093168568959864
-100, 0.6886978084213214
-6, 0.4452645660946092
89, 0.7783061056403375
8, 0.3425944319908183
-10, 0.25255978275020685
-100, 0.2633974227754188
-59, 0.5826485170774337
43, 0.23324268878770538
30, 0.8836805463303973
21, 0.5793816902574439
62, 0.8296556104110232
-34, 0.1523489969337567
93, 0.38520685994556614
62, 0.9442052081443553
-86, 0.004561395308046223
-33, 0.9834332609509693
-61, 0.9783594738331359
-84, 0.8600362413908443
-41, 0.9909389337835278
60, 0.28438187942112103
-4, 0.5761660331445269
7, 0.9889087304683851
51, 0.3133359989671496
-46, 0.9284326607022038
42, 0.10445430456438698
79, 0.9076615861217773
-28, 0.04475397799729952
88, 0.9106125569745962
-54, 0.07270943105006711
59, 0.726113385684242
30, 0.4162871663568133
80, 0.8823331146155924
5, 0.878242381968666
-100, 0.08939001219785547
73, 0.6322124549545365
-90, 0.10201069846127198
-35, 0.03171821099878169
42, 0.7959431548297051
-48, 0.8039661317997979
47, 0.6224543332551202
18, 0.5589636775235358
54, 0.05324703601708536
-56, 0.1219307342598771
44, 0.9649018931743648
-39, 0.895639067721157
64, 0.9872829410880628
-20, 0.2300388747281903
82, 0.07535814051773615
-63, 0.22611833491279787
55, 0.542909679967875
-4, 0.08937979872144486
38, 0.1050626644317042
16, 0.6329954477248134
-55, 0.28020467494470724
-30, 0.5311140278751915
-48, 0.7711356740027181
-53, 0.264382716015935
-55, 0.9417572176439674
-15, 0.6445646119611406
72, 0.7030459897053752
94, 0.28779921275305687
21, 0.8197117376614208
39, 0.267466496050924
14, 0.19502617641669184
55, 0.4806312466770891
49, 0.7186184757143905
95, 0.5158631485529213
-82, 0.7286718403903963
33, 0.15943370071805196
16, 0.3125936448208537
64, 0.6714359224140373
97, 0.10839213286591831
14, 0.9377593948086216
-93, 0.5126127699167885
53, 0.09831871306774964
-38, 0.30348834100950817
-91, 0.13830816122346923
-95, 0.3416606829439218
43, 0.9541662442563005
30, 0.6000191543254689
-51, 0.9235815811974327
-72, 0.5955389831195017
63, 0.4092720468832498
-69, 0.9354526093139464
54, 0.36364977303401724
-61, 0.21439168775158546
45, 0.6104271366934187
-60, 0.12201229183006235
58, 0.20085763376177945
-16, 0.2657270769734257
-95, 0.36365178717361346
-68, 0.2542840966585196
-49, 0.12811105588980354
38, 0.008418274357118727
-62, 0.42299352191951634
-85, 0.11134784007878618
-41, 0.6202538648462632
61, 0.38886628792977074
-60, 0.7998110047785372
-98, 0.04616038107266096
55, 0.6721996171883207
63, 0.26713232822862676
79, 0.6930418685595713
-82, 0.5773354722087128
-93, 0.2109865970123731
-67, 0.5681270176950719
12, 0.8369267306456907
-52, 0.2508847134114336
13, 0.6873565596533251
35, 0.35475723010827
23, 0.17499253025993056
-28, 0.981227821129192
-94, 0.04844286182476021
61, 0.038846122120092974
4, 0.3318474441089142
-2, 0.758840844609791
-73, 0.8430243474347324
65, 0.922813547477256
72, 0.6308017129217611
74, 0.5301512378003171
-31, 0.5875633907421697
-52, 0.6461916771598768
56, 0.5587880186168698
-57, 0.6083646062638327
4, 0.8000077483888867
-87, 0.4414671528303752
-6, 0.12162606678688592
-85, 0.4748189814132697
27, 0.14018816533969347
20, 0.12881330486451836
-24, 0.548196202087836
-63, 0.6541176376066491
-1, 0.56805679648839
-12, 0.3012354464112198
2, 0.0602445496785603
89, 0.12074723828922129
-50, 0.0577483471317739
-62, 0.6412114033772375
92, 0.3864984422538049
-52, 0.3054213089863389
-7, 0.673446726114535
76, 0.8318836099703826
44, 0.9097458727359355
76, 0.4307359535008771
-100, 0.36297676409369384
-67, 0.9566591777459189
98, 0.7899141787049418
26, 0.8658583157048216
15, 0.7638348546087002
-4, 0.9162187918194411
-100, 0.10546643316304394
-88, 0.19005541085420996
32, 0.4803495568256143
-16, 0.34483951479270925
1, 0.45631903555146014
-50, 0.8761980472317544
-60, 0.8857193711531911
20, 0.9149718770088676
-71, 0.7071972848302709
-47, 0.27790253804776666
-100, 0.5572567469461319
44, 0.18764516265796327
-14, 0.8323344454847531
78, 0.921250085653424
54, 0.13036152610372898
-34, 0.8470091005047812
-34, 0.6503706244155933
8, 0.9679244061148207
28, 0.18423757161398224
-63, 0.4842184621286637
-13, 0.8860399464580921
18, 0.6408345068073397
11, 0.7845253191792824
-43, 0.29321529206569696
46, 0.9842703916711106
49, 0.5818147101962794
-87, 0.6763201448690109
-90, 0.9099460313203657
-22, 0.8135269401705391
-69, 0.014952148378649888
35, 0.374065094433534
-51, 0.7278105198553191
-3, 0.2725960377117106
-45, 0.892942298302678
88, 0.8588534639931643
84, 0.14702904565613606
59, 0.5314046296693631
-20, 0.9182090639735797
37, 0.05295970172428088
87, 0.028927765630689772
41, 0.6321847312038291
62, 0.10671619912288843
-74, 0.4197715567608509
-8, 0.4912365259909307
-71, 0.271996823298137
17, 0.5044746899171925
-62, 0.6909514545867691
9, 0.21887329249476695
-39, 0.48348668336569944
73, 0.5448490363917272
84, 0.9064514246957156
98, 0.8789854642678786
-87, 0.899796305653498
3, 0.1014617105050144
-84, 0.3883450847517179
87, 0.8319149423458937
92, 0.015068541688092907
-1, 0.9987213288118423
-100, 0.2857456998549891
42, 0.9898490358496846
70, 0.5328899374059874
-52, 0.9020397087439589
-41, 0.6436631168562156
6, 0.8666087408457063
-53, 0.7880778248916389
77, 0.9739387140495679
6, 0.6840269184988644
-81, 0.8849373676639952
-39, 0.8291033546833648
-68, 0.21354248680911492
-93, 0.062042895307371504
-62, 0.77630770115389
11, 0.9184935604102734
-62, 0.7727406702989701
97, 0.13112840885297672
-99, 0.989944835800618
28, 0.6157736585712832
-99, 0.06458313743052246
-35, 0.563548725822468
27, 0.00549342792302554
96, 0.9532721607241339
64, 0.4659993350380951
-40, 0.7803255147049394
-10, 0.28547504334537177
7, 0.33961380743228253
-50, 0.9789946811683098
70, 0.07978359838198112
-73, 0.6181135422584066
43, 0.830874167343134
52, 0.4159136434138987
-96, 0.6152764919073713
-23, 0.754636141896174
-21, 0.7230409751439877
-59, 0.03887498650996157
-10, 0.5893504793541061
-13, 0.8834451118631155
64, 0.023273997914761924
59, 0.7639513198675969
96, 0.7964140118639302
-90, 0.11282930090574994
44, 0.3255039900681874
59, 0.5625481160705539
-7, 0.07010259507254757
24, 0.6683901033305186
-45, 0.04486559611552654
78, 0.3185980053862624
-38, 0.9956497311360029
71, 0.1818625529721294
44, 0.09571733912959068
-70, 0.1584726526393977
45, 0.8318115190347672
-98, 0.7845219720284891
95, 0.11144637598528795
33, 0.6732053324648164
14, 0.33472283818900317
-49, 0.13893943339282677
-70, 0.2767233145155513
45, 0.4508843694526211
-83, 0.422249935822514
22, 0.6614138624493187
94, 0.37407887374926163
-13, 0.16724418456089207
-65, 0.9850807357209966
7, 0.4787423180842608
83, 0.5142858425390509
-7, 0.8677807499447191
-61, 0.4221134162784207
-10, 0.3252819229857735
-69, 0.6941356106846208
59, 0.6399482401442753
-65, 0.9917343673639877
-18, 0.8526396897208236
54, 0.06590831610496883
-79, 0.3923982424964133
-35, 0.9508336140014331
21, 0.007354302368215548
-33, 0.05227036974794763
-43, 0.8203527333795279
81, 0.9766637811761715
-61, 0.11829306075386636
70, 0.3203257820304235
29, 0.8985427199721021
76, 0.02981520249799441
-97, 0.11190808725846768
94, 0.6407228285004652
45, 0.3422646171298537
11, 0.1373222770180509
-33, 0.28580657017198374
42, 0.24016444965744754
0, 0.692068307054677
35, 0.4833286524425011
93, 0.12611432659981314
17, 0.07406952308622672
-14, 0.9820721144235194
55, 0.727578645909373
-17, 0.3932450782707988
49, 0.5208849839597336
41, 0.9850127555810541
88, 0.4254463179211212
-70, 0.555604628121059
17, 0.1488693711328084
97, 0.8709084669470529
-27, 0.9310958120361948
66, 0.6672870777128149
46, 0.22597181174704795
-23, 0.08221289896981865
100, 0.15167160510740452
-47, 0.8276808781096219
-21, 0.6815043293992504
-19, 0.6549050531700036
87, 0.8444054701419568
-58, 0.6597214311648476
65, 0.6054583321512268
4, 0.9759900466470446
-27, 0.7911851302882769
-8, 0.8445916695494466
96, 0.9441523620841853
-89, 0.03103910209694316
-100, 0.5022290238890329
-100, 0.48796240433826177
85, 0.34355657379328663
-82, 0.7982405311191935
-60, 0.9062222489861483
-34, 0.1414660172250095
92, 0.6786036207704059
78, 0.338374134657356
-7, 0.42714734030230994
14, 0.6783453854368063
22, 0.3618367603230883
-35, 0.9597171013852055
40, 0.43897014202655515
27, 0.08568040005987942
17, 0.6817979983332395
21, 0.0342568758874523
63, 0.5618139575078577
92, 0.5513558212548453
-86, 0.41446103045134475
-56, 0.217989663647709
-80, 0.8485716598444374
-3, 0.5156178974315084
-96, 0.39730840924795796
56, 0.6308092603798736
93, 0.05104928017184518
-79, 0.3450449677480255
-65, 0.39588065145263973
70, 0.2810371087625083
95, 0.49193984022004356
-3, 0.09092029698585469
-6, 0.04185919762042678
13, 0.6994360321228621
-41, 0.055501406956725674
-73, 0.7122103487854976
-63, 0.5519577612873454
4, 0.7909228638736645
-89, 0.9626270072169452
-11, 0.2696141540093443
98, 0.2583807173124002
16, 0.41372257103211896
-80, 0.19266342322595098
-31, 0.30029217643861195
31, 0.44164240159331214
-90, 0.6967023116789288
-19, 0.7199226893426299
100, 0.6834655799444836
70, 0.6757280105636425
-43, 0.8686618027343467
95, 0.4360814146230074
-7, 0.15865144120514363
-34, 0.8367964460848556
41, 0.09576344954532567
-99, 0.20014930562865874
-3, 0.8772698059074069
9, 0.03156950862417918
-63, 0.33950880490692137
-86, 0.00383951332651733
39, 0.051016407598691305
-15, 0.6191611868432773
79, 0.1677673367400776
-34, 0.4120352954805283
-56, 0.8893407352965487
32, 0.03916848147924812
75, 0.48530954609319665
-42, 0.17549842164188956
51, 0.5556141406119687
-35, 0.36835652687287646
-97, 0.956614414344104
-26, 0.44480226357904884
31, 0.6968598993910433
22, 0.6083706051567754
98, 0.5432785594962292
9, 0.9861651938723813
31, 0.6083856292237321
6, 0.5909320279900314
9, 0.44241291281462536
-68, 0.44031597289137914
20, 0.17409191784206535
-83, 0.8272110768733867
1, 0.6221449010046106
9, 0.11540736489298431
-21, 0.5018553508423556
-17, 0.5961468268234871
71, 0.47141396451742257
40, 0.7759705563916656
-84, 0.8747706765533771
78, 0.5714860387576682
54, 0.9041963088948215
-69, 0.7913304364096608
5, 0.5239972142853481
15, 0.41143976687885797
-23, 0.6145522431459237
-60, 0.07922987661752945
-21, 0.3747335486192984
-9, 0.9640201663692728
-31, 0.6173696347173627
-25, 0.07249456544757571
11, 0.31711144844463013
77, 0.16940731837764023
64, 0.7964024596383368
-100, 0.013967854523189493
-8, 0.5634666940838726
74, 0.47017596466332545
57, 0.894319226231135
68, 0.4226496773254692
34, 0.4922712189098253
61, 0.8563442485507066
-61, 0.8475648446148811
50, 0.42234403699320644
-6, 0.562696591764952
61, 0.23377285729404218
5, 0.5841501970328904
-32, 0.3516842194560077
23, 0.1002691277136365
94, 0.3128093081044543
-76, 0.19543277519057667
-60, 0.794204576731746
8, 0.48701123882979114
53, 0.016481474793721862
70, 0.7437594406400396
-42, 0.28631305567305665
2, 0.5237255080572505
-96, 0.9170362051965995
12, 0.1682221767837948
-70, 0.8853310252885105
-40, 0.26469896814962424
23, 0.234860564741719
-8, 0.8645248924868245
34, 0.9802039767407879
-6, 0.594377950964134
-76, 0.945565432788084
93, 0.45690486834665345
63, 0.4066519278136447
6, 0.5556747219904606
9, 0.3231421241942015
-3, 0.3336170941494263
-28, 0.07378186700538847
87, 0.7612978124845836
63, 0.17382804183679545
-42, 0.10957199538440288
-38, 0.7590808452501613
-86, 0.904869189609377
65, 0.05039660194689222
-18, 0.9968169129368032
-23, 0.04662384290187327
92, 0.7707848956586956
-1, 0.2302697293974213
-21, 0.8356035958551831
14, 0.08164585656115242
-93, 0.0015308907770039681
-85, 0.7537217050114037
-61, 0.24905412472425414
-85, 0.48889590847598796
-21, 0.22040475417664462
49, 0.12714410345757943
-45, 0.7987414499157366
41, 0.5469360195299042
54, 0.9510940361786544
51, 0.03655223558372234
10, 0.03994329886671566
94, 0.38299912384041523
4, 0.20154992080497325
12, 0.1567900296352357
78, 0.10995750232931079
-78, 0.8845212320040755
100, 0.34328307340939757
-7, 0.7849631637773298
-52, 0.8297041912869829
-68, 0.9585211893994225
-77, 0.4846826632919735
-97, 0.40377144586326297
99, 0.7245428803663059
-9, 0.6814506670387191
15, 0.7041324034195958
79, 0.7878644067272957
28, 0.5067460013867383
-33, 0.001176389120401966
-73, 0.9511687043568523
44, 0.1251572398094214
92, 0.07309188080780826
-78, 0.4380877205716547
60, 0.5145225955020676
11, 0.688869287041824
47, 0.8298623452008134
70, 0.8908902582728959
-9, 0.757656640050526
-44, 0.2859405642283488
-81, 0.6933085379554286
-40, 0.5531587385459295
-24, 0.6874771450317617
-24, 0.6062627372619668
59, 0.46737267019535145
-9, 0.6766213594166185
-26, 0.4009797275837287
-59, 0.8998875696235012
-20, 0.9810044434679654
84, 0.5187798301048191
-61, 0.3411621060569112
98, 0.03291547100300807
-62, 0.43969182284430663
95, 0.15458412562889434
20, 0.40220555223988064
-84, 0.6144454318445348
60, 0.487052041439625
75, 0.9680930557502323
66, 0.8843894952936259
34, 0.2651000869555522
-46, 0.8744884599517715
33, 0.5756153205531297
-82, 0.8631894105399087
-28, 0.7689630729514694
7, 0.7074768420384896
17, 0.11003252584399825
81, 0.6921261964346422
69, 0.49226386619803963
-25, 0.10585782130111421
-58, 0.41842512966377454
56, 0.8444407657908987
-100, 0.5986101928979254
46, 0.7201486884330766
99, 0.1983044710285723
100, 0.8203435946354242
58, 0.27839788095207196
29, 0.9842264238905563
-54, 0.8721528030582455
55, 0.9734392860609283
-80, 0.46588159762073345
93, 0.773423106765013
-49, 0.5409767178135068
53, 0.6413794162622052
-99, 0.3451947631271183
-85, 0.30344805865892055
-8, 0.12005696835123847
-23, 0.5888419892157634
73, 0.15910714097098166
65, 0.43852747432919215
37, 0.13023088472742073
47, 0.9592024054005924
-9, 0.7793621027161025
4, 0.8901229746550648
51, 0.5674944214506761
77, 0.7410940485960454
65, 0.13915493568057136
19, 0.5733164469931472
63, 0.8264281774762005
-54, 0.6769592323605227
55, 0.17071396944196793
-76, 0.39933142431210866
-40, 0.2826364183757242
30, 0.6096657398943077
22, 0.9751586477097367
-90, 0.9174657536799296
14, 0.2818016045556241
-10, 0.05264630724191255
84, 0.8151090727522188
60, 0.7771695609185613
-65, 0.47235157060786903
-50, 0.28639274907450474
-16, 0.5190231604169352
-23, 0.4854554875788435
50, 0.9860316561374417
-40, 0.5466360465454283
-71, 0.45830579924282966
-78, 0.5912876323120287
-46, 0.4641317510233979
49, 0.9095252612551806
-77, 0.298334832465153
17, 0.15712868168162863
-48, 0.7400577558145663
73, 0.9240182333891382
95, 0.6051727901185869
57, 0.7612941359549312
-36, 0.1348372623690154
55, 0.5564878467703169
-64, 0.3740156060042559
-87, 0.252989660672405
82, 0.38952385940875967
-64, 0.8991137727437851
-14, 0.37691742884971147
10, 0.9401992170261195
86, 0.3891738428238394
50, 0.8367779028762183
-21, 0.30767706445282617
-28, 0.3301965466015794
-19, 0.31947900930011675
41, 0.48004791226938803
69, 0.28022133105238456
43, 0.1418118034537852
-38, 0.41613891756542987
-98, 0.1790983392674449
-32, 0.8432210036495067
88, 0.11566754864067563
-48, 0.5238100304528175
-67, 0.23386783376912867
-15, 0.40383451617610466
28, 0.41724287543912963
-42, 0.8091171155153711
74, 0.17312528476079347
79, 0.9497366629694984
94, 0.40561361973646115
53, 0.040386247692493105
-28, 0.9794161916054308
-39, 0.9034584349065057
-65, 0.02850472596461917
2, 0.18653992528539975
60, 0.7284830931330497
44, 0.8342493282623296
-73, 0.8767863039351871
66, 0.0711601091841294
35, 0.8403609714766442
46, 0.7924499098540572
-2, 0.5202784398503139
-78, 0.877992316535813
28, 0.08610133640520656
-50, 0.14810864088506315
-18, 0.0542357974220804
15, 0.9929316028326712
57, 0.7978442469183419
-1, 0.9020498199735115
-27, 0.21011325618426646
19, 0.787024428107183
55, 0.18475535023471712
83, 0.4765508272165414
-55, 0.4687748840301915
-21, 0.5006188449058063
73, 0.041324231563243496
-30, 0.7148137782663676
-52, 0.20111097815409573
-86, 0.22479395805759317
87, 0.981683136919285
45, 0.4964186327922784
-86, 0.021698511223576578
1, 0.8562380002166273
20, 0.6558125768106698
14, 0.2780580557314545
-54, 0.40989845704870487
-8, 0.11983492309041965
-32, 0.9971842219096749
32, 0.7851428708716962
32, 0.293046023894047
77, 0.2096335224329574
-82, 0.9977795394995301
47, 0.563947300499718
-1, 0.5471056000661687
-59, 0.982929854569214
27, 0.4477088750599898
-34, 0.307447970574379
87, 0.9702265359072528
-74, 0.12292785043420329
-72, 0.24177549539087473
-38, 0.2273286454572767
46, 0.07822169345022223
-4, 0.32300316077152913
-84, 0.03046595350579384
-60, 0.212201471389861
97, 0.8451235667973223
-55, 0.21824562893762045
14, 0.1875771175292924
-66, 0.9692238269908625
-91, 0.6666078114351022
-14, 0.009009304128474671
83, 0.3525408827090828
-62, 0.295130698895802
58, 0.766586334231466
96, 0.2179775672065024
58, 0.1790182534310768
38, 0.982651723836771
94, 0.7955671411317845
66, 0.6030069968308757
8, 0.42342733048410464
-71, 0.9357866879725704
-94, 0.08323605534161493
76, 0.15734241173630092
3, 0.6455668537038878
8, 0.015494993390972711
-68, 0.43953407447083304
21, 0.8244970388029165
-94, 0.3815876378742903
-87, 0.5173983534329828
46, 0.8033759252424052
79, 0.053366272882969135
42, 0.1561253761207655
-95, 0.9568458847520418
-27, 0.5065146471411056
-13, 0.036639889720929686
-58, 0.20328701979846397
70, 0.7382326625284742
99, 0.5863308483033229
71, 0.05526167147079042
27, 0.5824877016838185
31, 0.1947179397479507
45, 0.42926423946391346
-43, 0.9022678611678294
-84, 0.8362980870817556
77, 0.7599974333325529
-54, 0.6363546602149487
1, 0.0220745264447072
26, 0.7880202324338527
-78, 0.5416269579219044
11, 0.44929603484128267
1, 0.27318021119008107
67, 0.6189766792169598
49, 0.09600581856142165
99, 0.4730082481471434
-26, 0.8225282607992701
-27, 0.4035892837315481
43, 0.6606202279242785
0, 0.2335245478414104
88, 0.9521889244503327
29, 0.8073477545325332
-74, 0.2761259423924536
-96, 0.5061348688594698
-77, 0.5002818833455288
72, 0.5465741644891687
-83, 0.9215330011085522
9, 0.13454871011313085
-75, 0.7982787977404542
-50, 0.43362827234025936
23, 0.10263652823146141
-4, 0.9095843594202419
-48, 0.9143593352767587
71, 0.3985144202562233
39, 0.9987137034671971
30, 0.5944564480944874
-59, 0.40312250118907245
-44, 0.7516798355882395
-62, 0.4247049532997429
-50, 0.896239796803968
23, 0.793944629644951
88, 0.9193089101851194
83, 0.6546278173748433
-48, 0.3157856776790511
100, 0.6578583666933329
-15, 0.44300124977206123
56, 0.42551569196039607
-9, 0.866480487683958
41, 0.9246064058737767
-63, 0.4644881685932085
20, 0.776524566664264
33, 0.8127890170685774
89, 0.513710957466853
44, 0.7188737412104482
-46, 0.0792082541996274
91, 0.02191800972975666
-13, 0.09422667418648467
80, 0.3711063375246322
-2, 0.968300956381633
91, 0.21651640680404738
-52, 0.6687310794617792
26, 0.017203193369353387
-80, 0.8219533071394145
-55, 0.9369018947988151
-13, 0.6711582496367614
94, 0.5718434492019527
-25, 0.6643946940190814
-2, 0.788094946926952
-86, 0.06697292001880073
-45, 0.37106795258092073
-77, 0.8653135287040794
-72, 0.331127917829394
-68, 0.0773785093105408
33, 0.43100628917738226
79, 0.6527720098304667
3, 0.12464247255624461
65, 0.2939676955784827
75, 0.7469934742155613
-40, 0.7292247711050318
-18, 0.9549885212121325
-95, 0.5286875155506662
-72, 0.0006475336898759121
76, 0.35666269873779444
-90, 0.01848148532593563
72, 0.5016505362035114
-20, 0.2145198884438667
100, 0.03399292070647808
68, 0.858781426905359
-43, 0.2151796517005058
-53, 0.5713467581843996
-75, 0.27919012553561773
-37, 0.5863055160784995
64, 0.1304621160903181
-41, 0.8974380021784447
94, 0.22631918248084992
96, 0.27847382232354667
63, 0.1958543457347176
-27, 0.9892786842381969
35, 0.2484863932434771
66, 0.5138350134221665
53, 0.10086211336994755
-17, 0.9416929377537636
-53, 0.14623030553385985
-39, 0.016926964010338774
71, 0.3918975003886819
-6, 0.3360905289102427
-34, 0.7953370321015413
-61, 0.5969281808681307
-2, 0.7151134193564939
-76, 0.5460308516753043
-1, 0.3213808875340801
-20, 0.27819472928499
-63, 0.6172493137888341
-65, 0.12758333553758106
68, 0.04855826176111455
-65, 0.02193505925815087
36, 0.9228856213127141
20, 0.8227699083683936
-88, 0.0962354465275923
83, 0.46435619084435853
3, 0.7948009228546855
-9, 0.05079854832639685
-91, 0.9201222701498554
-94, 0.5230120808586892
88, 0.8946847160711069
-42, 0.8456256033642431
32, 0.1742191151273259
-42, 0.8762497173586302
-64, 0.16089486502139672
82, 0.2576201196416702
35, 0.47669890852590846
-97, 0.43796216483038464
-62, 0.6885975206255198
35, 0.72063523192855
57, 0.9415492216312629
81, 0.20918675695358024
28, 0.8284701139857537
-86, 0.6944798921009122
-73, 0.569583061046512
40, 0.13014820518072534
43, 0.52111649279727
63, 0.3175140273215755
-44, 0.6508862996855088
-92, 0.20012906402054964
-51, 0.3112268446418833
-19, 0.23043638037583558
-1, 0.5973128814203155
-17, 0.772889358526351
-1, 0.13445788274297654
20, 0.30124111739088066
68, 0.8106291386808803
97, 0.9415039420510628
-92, 0.4219096886697983
27, 0.28979842119392907
96, 0.9025269635602319
40, 0.6655673667389989
-90, 0.8456980353139695
-15, 0.8067693089654211
-47, 0.145384417352878
93, 0.543875582160434
-52, 0.021364713083231734
19, 0.44496920826611897
91, 0.13860479826570804
-96, 0.5518461114883226
67, 0.29316065553993076
-88, 0.590136417179652
29, 0.8224110002648364
-36, 0.5238865329848148
97, 0.4445953246014448
-22, 0.34435661142552054
81, 0.8830067981412691
-17, 0.0705763762961491
95, 0.7038398047883208
99, 0.4803446458262921
-1, 0.14847925266016482
-95, 0.7416377842559744
-60, 0.19880258354903213
21, 0.12567348668926637
26, 0.6815435972450747
57, 0.677473710621035
-78, 0.018869305787846513
-27, 0.4920325140765869
-91, 0.2152928127945305
-8, 0.8900679617361105
-62, 0.03369097446482594
-14, 0.36548015474905104
-77, 0.4461296337869891
5, 0.6535220094448753
-46, 0.1434043995495079
47, 0.47447407250313567
-98, 0.1888482655178373
70, 0.7160412566381184
-53, 0.7503663273792422
-22, 0.7547627608081549
-27, 0.48801292179381983
-38, 0.6881189137167956
31, 0.1754305696159778
41, 0.8077451284322135
-38, 0.5846780554219874
-5, 0.6783654716280081
-25, 0.14812317264105435
87, 0.7874390237684822
15, 0.9564652789632918
88, 0.10525770569609849
5, 0.3108925384244482
-95, 0.13946843535072673
-81, 0.5905314857162475
-1, 0.7490043664977323
-43, 0.474823100239565
54, 0.45040601927471424
62, 0.1856370443547365
-67, 0.9924505556586558
-38, 0.5259011391224451
100, 0.7999578626657552
34, 0.9081899033011896
94, 0.7198673018233843
-84, 0.15747201243725417
88, 0.4835889327826942
-88, 0.7477808198176358
-80, 0.43275536989941077
-28, 0.8226276946038623
32, 0.2466617913880116
-78, 0.7686067658645569
35, 0.03987559620581771
-49, 0.8228537437242438
-28, 0.15172305001629705
34, 0.00032603014856413814
-37, 0.2763429050779065
-81, 0.9718880143485459
77, 0.07604330190812303
20, 0.683863030942517
63, 0.6312540718146715
86, 0.5246052800090378
-3, 0.5748234365130284
-44, 0.8027752847806584
34, 0.6502858455454077
-3, 0.664292639580274
1, 0.8381418023203125
14, 0.6040821786373941
5, 0.28433070738168476
-43, 0.6699473265926035
42, 0.3973471747054671
33, 0.8435943706484238
-81, 0.9230606547516128
44, 0.23892548985553552
2, 0.26788132759522465
70, 0.8755374408909097
44, 0.5603901688924577
96, 0.3733643421851969
40, 0.2501342510630362
-38, 0.35416389132915416
-13, 0.4738604262902548
77, 0.46272798042233865
-78, 0.03592202068176287
-7, 0.9257661883409807
-48, 0.11883989786572613
86, 0.8800721636830594
27, 0.4298089610565615
-36, 0.02991044574895496
98, 0.005305348412023236
97, 0.1271529342152785
-51, 0.5314514031457905
8, 0.37626202453823177
-13, 0.1158776208891309
-39, 0.9900362200145216
-36, 0.788980055886875
-30, 0.7024515869462076
40, 0.987304398241539
84, 0.05490606732259007
-51, 0.30531075426347254
-12, 0.6921601117090134
26, 0.18238539685263244
-99, 0.6271977918689803
100, 0.4645235951062503
-69, 0.7642017850147982
35, 0.36425607462504483
-5, 0.3866288926779048
-96, 0.8835925113779184
-71, 0.5736328839599815
97, 0.10644910712010769
90, 0.5746771043004145
-25, 0.1843582103743
-40, 0.14995594715736482
-47, 0.5487980343795567
-92, 0.4381941529719584
-99, 0.2121809534518685
80, 0.8609091408670883
-66, 0.9391292776950947
-13, 0.5515652642121597
42, 0.20541931853557827
-98, 0.30351044904454083
-43, 0.4898517498232533
-73, 0.9506046166709048
67, 0.930340274159005
-51, 0.026765135231240134
-75, 0.5258252681322346
74, 0.28454116313805944
64, 0.8025396427202224
79, 0.3355921151305654
-42, 0.8504829557639192
57, 0.6174894085720402
29, 0.9989582730554599
18, 0.746663139905823
51, 0.8295648525246082
25, 0.09854206147380906
-19, 0.602010774203849
-100, 0.23515454338706265
-63, 0.2927116684199019
8, 0.6796298998660848
42, 0.18643899428855248
51, 0.20818292258914017
-26, 0.9073165490928503
-1, 0.5853673707087689
64, 0.41197639534893415
-63, 0.21157660494757113
63, 0.8186162687334078
91, 0.5700969383559168
-56, 0.786314823934464
52, 0.15558771762411905
44, 0.6783323673352398
-21, 0.48558701672097637
-42, 0.606188172199033
-100, 0.004187583765974834
75, 0.29526442503248584
-55, 0.5243895921074061
81, 0.22108676254660553
29, 0.7245779909805822
-61, 0.2804295302059814
35, 0.9605618238444295
56, 0.1664335810995512
28, 0.7320513041882571
-87, 0.49767883331161855
-53, 0.918750995442736
-10, 0.38904524638226257
9, 0.7476464823212133
-84, 0.8114012730410705
-17, 0.9826036645427305
11, 0.6709717755932187
-78, 0.31855003781298885
-90, 0.18316314332269001
-68, 0.20562943591900285
77, 0.938288401286219
-54, 0.3410468647616144
36, 0.2626413436081998
37, 0.8321463377928395
41, 0.5289253884830929
-15, 0.7603202084462596
-45, 0.2631513518571369
35, 0.23374574794432945
-29, 0.4825644241646805
49, 0.30722765628056714
9, 0.3540881556826162
-75, 0.3419157312142065
81, 0.04559122160902762
98, 0.8101095113057243
16, 0.6810607267612325
91, 0.7256798918238885
-88, 0.7024921448959065
84, 0.3517860313559309
-1, 0.3288074213404448
-68, 0.4518109577695768
-44, 0.8055539628688569
47, 0.533944609237174
-77, 0.36648867769205695
-28, 0.8740211662684969
84, 0.826961705395372
-13, 0.6857916008603432
-89, 0.967759286060085
71, 0.03838458455687499
80, 0.42608621432558036
86, 0.03446556663433553
30, 0.11404389645232915
19, 0.42118042755058904
-62, 0.630935734689393
-13, 0.3256697592482395
78, 0.44495639886516325
21, 0.7757772532952698
-39, 0.1550512871452433
82, 0.663984389047091
-45, 0.6456233669683499
-39, 0.5877410155420868
-51, 0.4103040406520301
13, 0.5102000181190667
23, 0.6851546418986072
40, 0.444119567580745
23, 0.6748100309459187
20, 0.6617026279557608
-67, 0.35241485371396275
-61, 0.2833393074558168
26, 0.19050004844280255
-56, 0.1730009804004482
17, 0.9336707103386055
86, 0.6327828733392541
-1, 0.014861235446120391
-66, 0.7693297960628708
42, 0.9541901175351003
9, 0.7954394010988666
13, 0.52143015943395
41, 0.7800208707542452
-12, 0.8017057485580475
-32, 0.4105087660850235
-63, 0.20373336714868007
1, 0.7375754578310163
-100, 0.12638195427897536
-36, 0.11440811196064926
-80, 0.27553659908343386
89, 0.9860006435247122
47, 0.3817811213518587
35, 0.17293714779789504
-28, 0.19886462947853056
-72, 0.80019526733728
97, 0.7393523061811111
-100, 0.2601543969215786
63, 0.047964849943879506
5, 0.2789853896491383
97, 0.8637043366120732
-16, 0.12160904239660952
-23, 0.01946690944503826
-4, 0.8841788928851051
-79, 0.6450196728611346
-31, 0.895868200522259
74, 0.11721094938909071
-82, 0.7745754424191849
-23, 0.4046099496983585
81, 0.3950205913876197
-38, 0.7803210476337344
-15, 0.9499717159395811
7, 0.2837803596862353
50, 0.0017979130337074656
36, 0.47600238972418385
53, 0.1864741058636653
82, 0.30914833554044296
61, 0.6318488345558625
92, 0.6740178498148829
60, 0.48174261423022247
0, 0.14604917905322756
77, 0.06870735574557163
-85, 0.4457338785384808
100, 0.1707726280303482
42, 0.07901824219415043
88, 0.4740694245203917
-36, 0.6335459976818479
75, 0.6103612242681195
-48, 0.5174797386273777
42, 0.2660010964876225
-62, 0.7059801839251973
49, 0.885770501221448
-56, 0.23382199243337065
-33, 0.2647684002409638
-74, 0.03139799890819883
-11, 0.06953053633265882
-89, 0.6151298031813585
60, 0.5893897479310781
-58, 0.780841526753587
32, 0.7719504179519933
-13, 0.12503974707068766
84, 0.09715801243495292
90, 0.7765520315298742
-47, 0.6739422685984613
25, 0.06208388441758195
86, 0.5342767477702033
-21, 0.30354730158411414
73, 0.5629173087588171
81, 0.17979360834850233
-22, 0.138528953100867
63, 0.28996947407612605
8, 0.2241710848836389
-75, 0.3394870127975056
-2, 0.44473603318245536
-84, 0.11414303949262372
-20, 0.4679545773748631
-35, 0.5335212319403958
83, 0.2004757590793289
81, 0.21015437709989082
-10, 0.930479542525495
39, 0.1401704113780402
48, 0.6475262203812574
2, 0.0349103709461005
98, 0.01732045337594923
45, 0.8862160652155052
69, 0.4200288419276138
76, 0.6648709329304543
-100, 0.8549104282502978
-30, 0.8702620844294703
-57, 0.4753023206767971
47, 0.8776196461801529
-53, 0.9836590809322601
91, 0.5795647691337759
-38, 0.2407528112199242
24, 0.940337466988536
92, 0.3462187570984063
100, 0.9425762615793906
99, 0.6391937229099024
-44, 0.6387580988727719
10, 0.8147204076481783
23, 0.6594294589837456
83, 0.5700215074059037
-70, 0.24259313346024214
34, 0.29438594507845883
17, 0.01773892830451973
48, 0.4912627547197841
-8, 0.08872521007898682
6, 0.3867639131342484
55, 0.029503150241340648
100, 0.9501899998633234
-69, 0.8142523442619967
-68, 0.6231896628034661
-55, 0.6254830632548064
-78, 0.8524941014831575
26, 0.7300900170204376
-25, 0.24141404310498593
-87, 0.004574707450188731
-90, 0.08767816468066159
91, 0.35343742003195056
18, 0.29131362088104173
-68, 0.4892643859814597
20, 0.3573751923271645
-45, 0.8717159606546641
96, 0.29906625587469315
-97, 0.6695752791682692
59, 0.18127471715277632
-83, 0.92653107098623
36, 0.9922783105187962
89, 0.004112923679054803
-6, 0.017253758725215285
-83, 0.5073808838538024
26, 0.8228572556447022
-43, 0.20949594048203068
36, 0.9230362887927884
16, 0.9690555379256061
57, 0.2547158295726115
-34, 0.8451896248508762
76, 0.4855208494940493
43, 0.32628581921139266
-36, 0.9527920739656401
-75, 0.24586933574819503
8, 0.4258674447486088
13, 0.9921545185485394
-75, 0.3164796872461394
-93, 0.20273176195227216
51, 0.2796894684521293
44, 0.07734175161598678
71, 0.2556304011311624
74, 0.7088497644538188
23, 0.2972072728866234
-99, 0.05612214792407322
37, 0.7581557011049415
78, 0.21361512784196346
-52, 0.6286834595405362
-94, 0.7393994877002527
5, 0.8544077510171602
62, 0.25287265375262213
57, 0.7854927994560105
2, 0.7079558623695399
100, 0.3469509887746698
-51, 0.6103645009883962
5, 0.7866070097785771
-61, 0.9892190481072594
-12, 0.03286019924645689
34, 0.5237315976027125
-74, 0.8560910125249104
56, 0.9968723239859445
72, 0.3071707947352399
92, 0.2566168539415118
51, 0.3283874564110395
-75, 0.6691711262739033
-88, 0.8805015115691981
-6, 0.07756963244138182
53, 0.19050886789121024
-13, 0.5016427736429976
-48, 0.8196953824571889
55, 0.7861189185864222
-33, 0.16488684371500006
-68, 0.05074335560950849
29, 0.5526644264371908
-47, 0.4463604349101057
19, 0.5802054696145897
96, 0.21467444731198804
70, 0.7018399193735904
52, 0.4474976245451767
36, 0.5203334205813274
-66, 0.7436471246918358
68, 0.22096675045840797
46, 0.3296298687873259
4, 0.5081434265719018
11, 0.9779692530966565
13, 0.3918305816511679
-96, 0.7414154071935037
59, 0.2519387710291199
92, 0.04549226876348966
-16, 0.3073486815642471
-25, 0.41153384606665555
-15, 0.6986316907437291
-92, 0.49355035541977754
-90, 0.4134202308930536
43, 0.5841465773664264
-62, 0.5905453384154858
-29, 0.5215290825014747
-54, 0.04516956941380024
-60, 0.34080511232241917
82, 0.43603269687839175
-8, 0.16038922294659153
-46, 0.8530024509827572
-61, 0.2128099291456903
-59, 0.8576057265310797
15, 0.0012571970691226397
-68, 0.08567805517420934
90, 0.7146139101465032
2, 0.4986774882802373
37, 0.7133543727626751
39, 0.0987954950272546
0, 0.1724034397505153
-25, 0.5575397587073118
-47, 0.12557286224002462
55, 0.871186754448456
-61, 0.8716762000440197
49, 0.5683402255386152
49, 0.7021299785833531
0, 0.7292332758619137
72, 0.7274160083374009
-77, 0.3203434290309052
12, 0.8379766368373371
99, 0.07878345627403871
78, 0.3064107623325434
-90, 0.34771931662392896
21, 0.7175849463466519
90, 0.01710807050391483
23, 0.4059208893252273
71, 0.1505001440803604
-35, 0.8749210999335664
11, 0.17371313840241853
-66, 0.32746953977368953
-46, 0.8474972899055879
41, 0.38847812704417684
71, 0.19538158421937923
15, 0.8433728571318413
11, 0.6040114395982297
-83, 0.6905645949237564
-2, 0.25493949837057006
78, 0.1689882022149375
77, 0.4729884114628484
90, 0.7033273576571063
54, 0.6664092979295921
-2, 0.5424170829887384
-92, 0.6581288101845474
45, 0.2474080810757544
42, 0.37314965627151697
-59, 0.6349279734754782
40, 0.41616923478161794
2, 0.7128282185899923
-28, 0.02501092512199765
76, 0.2535862475927896
-25, 0.7031299626692271
-74, 0.26529735486725536
-9, 0.6076099164660475
33, 0.6853113309831268
-35, 0.3567031874185955
-87, 0.8556171057614269
58, 0.7241834834913506
-67, 0.9903129240164453
71, 0.830862429663342
-26, 0.2100685574108725
-39, 0.08525907900251795
80, 0.7705535180409966
64, 0.7200954928816391
-20, 0.22522425065140927
92, 0.9736567259525116
51, 0.4490461661676377
99, 0.1694732806820718
-46, 0.6613754380115544
61, 0.5444835523232586
-29, 0.2851681414084437
51, 0.33972870547258727
-51, 0.9027142398929565
37, 0.9808400437201631
-73, 0.9229132640642124
56, 0.06642138087648253
68, 0.10257378558505803
64, 0.42215293245452434
-8, 0.37136912437173886
-83, 0.1497641999557049
-32, 0.7693485976604598
-26, 0.1718000979169777
35, 0.25188433862492665
3, 0.7123778458856926
-64, 0.02006042127517782
88, 0.6881942151809457
63, 0.4924474541514011
-98, 0.5498615796630981
-10, 0.04088595818961871
-35, 0.9553710593297663
87, 0.9941106354354304
-92, 0.8302835826556959
54, 0.3061369245550223
-48, 0.5568599492149852
23, 0.5147567028685636
46, 0.9536545271100744
48, 0.9383066521668538
53, 0.397998473330359
7, 0.7205400967497209
89, 0.8554052652750325
77, 0.4603768147633289
33, 0.024630926922732277
52, 0.28661750949144127
82, 0.8376473021727793
33, 0.8430018633867257
37, 0.5968700637423102
69, 0.5613225896055101
48, 0.04497055420989171
21, 0.6900313430627453
1, 0.6614623192408609
4, 0.8646724450563915
63, 0.36226086379351663
-87, 0.5647668336707891
-44, 0.9767732485713846
-71, 0.9102622466808746
-29, 0.6391849066276885
58, 0.3040940122800516
-83, 0.2940880833946362
4, 0.40927917698154814
33, 0.28251145385047605
30, 0.41576138030680776
-81, 0.3913068161337526
-65, 0.7626025079958134
46, 0.976211177993161
40, 0.8893767241094191
-84, 0.8040057771100004
56, 0.4529885490397423
-90, 0.17252361156738538
-16, 0.493167991443738
-90, 0.10305639037653513
73, 0.9927995762533339
-59, 0.6043146170921299
-33, 0.6831764617733471
-27, 0.6237831041618387
96, 0.8854221523293634
29, 0.4166387706493053
65, 0.21796933219412695
51, 0.8826936052939054
53, 0.2624465863756613
-98, 0.16333865662926095
-7, 0.028384805651412548
-68, 0.15452605542238063
46, 0.12953508028305805
-76, 0.5357434740788312
-51, 0.10378352072518937
-30, 0.13393733048114087
-82, 0.7632237514525452
73, 0.3553495725410202
-81, 0.20077795039251312
-9, 0.9642204872781787
57, 0.9369962368687468
37, 0.9153457868178352
7, 0.1475328322652626
10, 0.13275945516998477
1, 0.8632032449951116
89, 0.028567741977458705
41, 0.012176539125775432
-67, 0.16387992804093332
-6, 0.6181165276287306
-44, 0.6548085991715151
-21, 0.43184344755194815
85, 0.2738819765475159
38, 0.25707803707621524
56, 0.4904411245823862
4, 0.5520815375243756
66, 0.016790412163553148
-58, 0.1694717228149717
-58, 0.12726490991721628
12, 0.472765588491035
47, 0.5360977610791124
11, 0.316860139303186
-31, 0.6928833028451337
-99, 0.00875469579309085
21, 0.27815097446251613
-81, 0.7445433654186808
57, 0.8667087402610497
44, 0.9364058808553622
-54, 0.6233060787970945
-16, 0.8871865750731371
39, 0.8048364466178236
72, 0.35871340663486084
-77, 0.7084274672782147
69, 0.56414154931935
-55, 0.2151258448259148
52, 0.7142578239775632
-16, 0.5549148186157713
-96, 0.9612509635758819
76, 0.17747302169793688
4, 0.5645046128593131
76, 0.35730535241528627
-25, 0.685707360363033
91, 0.027376992665405053
-93, 0.9946558703207424
-2, 0.8892514610172613
-6, 0.3244233348035094
71, 0.2883120013756806
40, 0.864496866208634
-66, 0.8467250733959859
-57, 0.76947208926595
71, 0.3037585917201072
-3, 0.1532060149374742
21, 0.7815371499690036
-33, 0.36229260780502626
-6, 0.4646380965124136
-70, 0.30464152068975336
-63, 0.8834223521200597
94, 0.2172403299704232
-88, 0.7869622095588525
-6, 0.34144460779091157
-76, 0.5088294151651539
86, 0.07845642586879042
36, 0.9007334143643957
-97, 0.6186925642346259
-92, 0.18609571856873752
-53, 0.19890976838304697
-87, 0.561993491208489
-42, 0.6651848136225827
-20, 0.6358648596654264
17, 0.2201842419110277
-86, 0.17279808670892394
-79, 0.9832716766673574
-56, 0.23534976279893005
86, 0.509898010356206
-62, 0.37671588851928683
-10, 0.7403023881081285
95, 0.6597198597253173
77, 0.9787905173388688
-22, 0.9853663652646246
71, 0.04279497972582669
59, 0.9636917629511833
80, 0.9046555883277277
-69, 0.016952762861641824
26, 0.9800458499688638
-82, 0.2525596855612541
10, 0.7144639461389519
68, 0.3134722187247132
-11, 0.5712177459650298
-60, 0.2120495347013458
88, 0.285673244213414
-84, 0.5024318403498019
-94, 0.8831914033805955
-18, 0.16598512475298743
-31, 0.9517189037061855
-49, 0.3127140778399674
-23, 0.7227494936864728
15, 0.7253736473664267
-5, 0.11726388357449591
80, 0.26805920312190423
45, 0.3199938850747921
-68, 0.7802753327937437
18, 0.7923653533987133
-44, 0.5749067102931283
-1, 0.7021310029977553
32, 0.2147370566433855
11, 0.5861174724804306
-77, 0.26335738700624955
28, 0.013837399022701757
10, 0.7255232977239984
20, 0.8596748472313632
-29, 0.3297574788893237
71, 0.016967756205243933
35, 0.3404211257016093
-100, 0.6711302063207796
-76, 0.8468762922812172
4, 0.8733538018827616
32, 0.45360321394080383
-3, 0.8064947216394853
29, 0.4963539242550796
21, 0.1645005769610477
-85, 0.3233657425861688
62, 0.39333764790991965
-75, 0.9277834625806198
22, 0.5213867823750291
-61, 0.9104117605740988
36, 0.1417713973077397
-42, 0.7445297115596511
7, 0.39644640840749135
79, 0.3973773202873032
-4, 0.7994191284452801
39, 0.573375809344333
-12, 0.08757284878734883
3, 0.9928027126484578
-97, 0.8902484194273882
49, 0.4893899702451565
85, 0.3060302388438392
73, 0.10125137140352325
39, 0.8885821820886004
-5, 0.29409724226296885
-48, 0.15809973574088876
-47, 0.46379036821829756
33, 0.9335597810249233
-51, 0.40794388610805743
16, 0.07437273592044713
-32, 0.18447607839962132
30, 0.9270137282251221
-2, 0.224868180711282
18, 0.2722261451421082
48, 0.11443016910852777
-55, 0.7070137539742428
-76, 0.33104176394627793
-92, 0.9297583385315326
92, 0.7723749104851473
7, 0.7934363504699085
67, 0.09596572833316064
-94, 0.7140118005263356
-30, 0.6581724284280892
27, 0.0007245786769863871
-26, 0.15042327362170305
26, 0.41195458743065927
-80, 0.841324677021966
58, 0.22756091724320826
86, 0.25332558865374644
-27, 0.2809093305240432
-79, 0.333756780675174
-56, 0.35372623137708703
-39, 0.23018284243141218
38, 0.6818453486614326
-76, 0.14231414532976838
-23, 0.4229567471082418
-68, 0.0712602732454024
-83, 0.290047079545504
-9, 0.5770175083873901
-25, 0.68563055232638
-71, 0.8840336965945943
79, 0.2874915381485865
-5, 0.16572852620829448
72, 0.9753171226075842
76, 0.055385311004226945
-92, 0.07919701404936919
-11, 0.8391229102506025
-18, 0.414259972960217
15, 0.19543200668444338
-26, 0.506362002827987
-83, 0.24064330888827135
24, 0.671448831031779
-88, 0.5111436155703533
-96, 0.21626261483287146
-84, 0.3025945042424638
39, 0.34508883203764795
11, 0.5259598460436662
3, 0.20363984636050692
9, 0.2539185323976666
-88, 0.7022662031786053
-5, 0.8158184553645049
82, 0.04116881539373374
1, 0.5147774079187128
-100, 0.35519698685958
19, 0.7674465379475803
18, 0.07695480628043849
-86, 0.9320827732337976
-64, 0.39481890233795536
88, 0.19429499644593085
12, 0.7434895122157136
-19, 0.47183036515198684
-53, 0.3582456817160762
-27, 0.8428500196070734
-26, 0.22608835698087515
13, 0.18073508111092396
-19, 0.1557867935106153
3, 0.8191207051794301
80, 0.7690323052165782
64, 0.6148471019273479
-27, 0.4271598770331192
70, 0.47229014468564934
-36, 0.5352576862274434
-25, 0.2727728237095991
41, 0.4472868509597069
25, 0.9559248927256728
-81, 0.42978337870173244
92, 0.08273954270444905
-11, 0.9917851353451568
27, 0.18302496576289884
2, 0.8663990722800851
-64, 0.22119310988065555
-5, 0.37971841542621243
51, 0.2020474750875466
2, 0.35587870286496304
85, 0.38681775749382175
16, 0.17571449075112544
30, 0.16969798592947327
-3, 0.9880717330958677
-73, 0.8657859066680851
-49, 0.09186425165975676
1, 0.1106583914818321
60, 0.5363121047807902
-45, 0.17168477090803658
59, 0.885512221245887
4, 0.8352039048535472
60, 0.30829954198954146
-90, 0.819367189637024
58, 0.5589786516328951
-28, 0.12265534146340551
5, 0.049903539497797356
-92, 0.9696799384227507
25, 0.2630173448394635
-62, 0.11325867448089455
95, 0.31520910456215223
82, 0.47989563400960544
83, 0.7313651831935934
92, 0.7149033699392507
64, 0.4246928891048759
-61, 0.14790896084389615
62, 0.5341993487431999
-66, 0.679637613514775
-47, 0.8249495563873332
-61, 0.6760243871873568
-48, 0.02296559873573234
-48, 0.06887640267589468
61, 0.5185985056460193
85, 0.3054653427840105
-13, 0.6458220428381498
-36, 0.6034889008186715
-18, 0.8647278904833786
-97, 0.5051165771459919
0, 0.3613829211077284
-92, 0.541331117014682
-12, 0.8311566059186274
72, 0.6119860890046436
-67, 0.6068954548452373
96, 0.9879610813651848
-26, 0.6437059296570968
-66, 0.9130849086648911
9, 0.44990579481086224
-77, 0.33235116412693266
8, 0.4367145233240999
40, 0.14816486863264278
-34, 0.8425739066813555
29, 0.14793531890381384
-75, 0.9571365425688927
-30, 0.3495511944498463
-40, 0.560127388674405
59, 0.48320422862429924
95, 0.3315538917094413
-53, 0.20886508621633904
-54, 0.9517854613694814
-58, 0.03521107843921312
77, 0.3944259866952261
-13, 0.6041066055138207
92, 0.534463404057484
-92, 0.36412649109006745
44, 0.8486007577239525
71, 0.7611805982414029
-46, 0.3382433723471714
20, 0.5660742664092048
9, 0.36734131955994187
-51, 0.559800671255797
-55, 0.8308533605903403
-71, 0.9216786827202836
-82, 0.19100586124860142
23, 0.08930146868411537
98, 0.6774414652422788
43, 0.8300672789372097
-10, 0.868699822034936
36, 0.7933442184037756
-78, 0.9844108724288245
52, 0.8934590218794155
-81, 0.15417674406620085
-28, 0.2728431756196107
-46, 0.13826781946051592
-25, 0.2101942145313468
26, 0.751885344632721
-43, 0.06817220113950884
80, 0.9034363931472799
16, 0.9145865642197627
-79, 0.0054723415989278434
-35, 0.8384600493809765
60, 0.9396120085689909
-79, 0.0445498775698181
-40, 0.25392704258891297
31, 0.4191067201720401
-30, 0.3903208662916299
-52, 0.014686362183343515
93, 0.6236660508463971
-59, 0.36324726431549814
-20, 0.5476864374657027
15, 0.5181195163968941
-28, 0.7138329477599725
4, 0.996795362676571
-98, 0.9852448088750654
42, 0.249283518162975
37, 0.8679635883160841
80, 0.745258752904939
-79, 0.9742684296149272
-96, 0.5029698817000771
-60, 0.06336479254792027
-60, 0.1373806660595488
32, 0.14197549635603746
-32, 0.6761547119822082
58, 0.05617511435316325
-28, 0.5876912441100047
-18, 0.14380799267703626
88, 0.2992558931015358
10, 0.37620209449364705
-43, 0.5006140472584945
-40, 0.30749092955085255
-7, 0.1577342758910001
51, 0.889204161585618
30, 0.7998019578551395
9, 0.43500277388408093
67, 0.618294813225659
71, 0.37240707507955095
57, 0.20904853147628488
-94, 0.5016621475180895
87, 0.7259348061271774
18, 0.8519370098196615
88, 0.10268820135140144
-41, 0.8857020388231038
42, 0.7297578184431331
-7, 0.30254631496856654
-98, 0.5229874159868763
-100, 0.6849338555119657
37, 0.26484599558752
87, 0.8185115405155557
65, 0.9891961437306172
2, 0.0496565508136807
-17, 0.4151649921027166
-17, 0.6247721603247307
100, 0.6126169930388735
70, 0.36237367229390693
8, 0.218423397012113
-71, 0.6093790720398863
93, 0.7934295267256567
32, 0.6506388555675529
30, 0.8408220649654422
16, 0.5396803804581938
49, 0.21350822851971785
-16, 0.42690563625509736
59, 0.7794964043336841
-30, 0.450926235240918
-64, 0.19063128435958865
83, 0.786619843527229
-88, 0.701990508035342
-5, 0.10309652448225026
73, 0.7076245985221989
49, 0.2775264022947237
-87, 0.583172366465483
98, 0.41399995757677266
85, 0.6748931351427617
36, 0.946360899333759
27, 0.3393519924608146
-87, 0.9968224051716207
99, 0.7303117312545064
-56, 0.928812330109508
-18, 0.06828903678773723
66, 0.03689592270042297
39, 0.4537527899068836
56, 0.1433407123207543
46, 0.2582090687506525
90, 0.6290844275722799
23, 0.33661884260701913
-84, 0.5488317940763915
-78, 0.917461972873673
11, 0.8207626192108523
17, 0.5000579394033369
94, 0.6876781343828112
70, 0.5720714285742519
17, 0.3900509079999247
-74, 0.3371102468728763
-44, 0.7026054283525011
-12, 0.08683035456630217
-52, 0.9271798185446439
9, 0.8657848172282129
79, 0.13508741812766434
86, 0.7093541539421122
-57, 0.8599232049494246
19, 0.5371427669476649
14, 0.9278365415273704
10, 0.7415087246493406
-12, 0.1538479678848762
-57, 0.26647160496600986
30, 0.6191845654590781
62, 0.5226406496196808
-53, 0.8041244631630388
96, 0.724508848433002
16, 0.6714197028066637
-41, 0.32968349896942684
-94, 0.9672910754164258
15, 0.5179821564842915
-68, 0.46352309397167346
-79, 0.5245877014340784
-61, 0.4215241000231199
34, 0.33362047637958947
-20, 0.21874173514384465
0, 0.041304508735263146
15, 0.8114752263232485
-53, 0.865252776065039
26, 0.7022721117594104
3, 0.7294031522101689
3, 0.49003386169012775
-90, 0.14594211783623479
18, 0.87762686116964
54, 0.19174386765722828
-92, 0.9725156219573088
-42, 0.6040794510127737
22, 0.5119380589408251
22, 0.6755706478466508
-48, 0.9989293049420518
94, 0.9568747938234322
-69, 0.6843922192065863
81, 0.5639255960395927
-94, 0.14834056598643997
-49, 0.5812507463828146
85, 0.6887077455426159
9, 0.8920890836106956
-39, 0.8826742756190473
100, 0.12274828547360239
2, 0.5246125883641277
-6, 0.528579568940146
-96, 0.8464027482404207
-52, 0.6192090643935461
73, 0.12623549401164658
65, 0.3329223757039943
-55, 0.5251522149392781
18, 0.4769726219493242
11, 0.5145128206947078
100, 0.25909305040703157
76, 0.6802759453885254
50, 0.2796007870969893
72, 0.6254179900291917
17, 0.17686245260842548
74, 0.4095132537108406
-29, 0.9144939408880014
-63, 0.9523594832981477
79, 0.9918657622871431
-85, 0.2219946120925802
52, 0.8815477871098744
-6, 0.9034696726556047
84, 0.9253882578263122
-3, 0.3033164353883524
9, 0.2185744063510493
-81, 0.156292121618282
44, 0.985012602997638
-72, 0.5108736448448852
-98, 0.14704672483449432
-63, 0.4921210187235834
69, 0.237110238823097
64, 0.5798438662965318
-91, 0.522839186233473
-54, 0.7819021721249291
-61, 0.1815054886066232
-26, 0.7357492522876947
-69, 0.7431015735437919
-73, 0.4022473612047328
-71, 0.07454859258757252
13, 0.3815780254164082
98, 0.8294884497717222
-55, 0.06321701054605644
52, 0.11147610414315734
46, 0.009419315509042847
-46, 0.17442995468596456
-47, 0.7865638684751387
-73, 0.9412455243132593
17, 0.6686615672550842
58, 0.9517349577789945
24, 0.41106382478457326
-52, 0.49861596047180046
-67, 0.7732506235699528
-93, 0.2047618912663166
-61, 0.833557286229815
53, 0.08481987127706991
4, 0.7185547118201369
-81, 0.9345791649945732
-10, 0.14627321342998445
93, 0.8568198308347577
-3, 0.17781221678396797
48, 0.44947692983283205
32, 0.47040314197443145
87, 0.48878908036133273
29, 0.6622320568470251
-60, 0.33505536699872085
22, 0.06707058365374119
-24, 0.0788673750100517
4, 0.8300868917342119
-3, 0.6880087183144171
43, 0.6602683134296432
99, 0.2200627884810401
-48, 0.3309665818922566
-21, 0.2421922504888281
5, 0.9274412369788759
-65, 0.6976044651859912
19, 0.76772517426922
94, 0.40622523155410695
-46, 0.3791209128545875
-86, 0.5576150341472537
-83, 0.7901090562817646
93, 0.8251655261263445
7, 0.8438518513673654
-95, 0.36345047316810897
-93, 0.6088535584238128
71, 0.0023242909760803343
85, 0.3190913661674364
-31, 0.2952561645558701
61, 0.9242942817478922
86, 0.6528828375318171
-59, 0.7324587893568172
44, 0.6670469677280925
60, 0.24898380984772706
10, 0.3832888126310563
-31, 0.611593726554472
-17, 0.3532878591188827
-60, 0.5109005750070593
2, 0.0667516598313409
-19, 0.9073197660541336
93, 0.23962060714510158
-56, 0.4680385852854332
18, 0.33518869883446145
0, 0.0167194244321468
7, 0.30927574767050214
-39, 0.22740753307652273
-45, 0.586066809217083
67, 0.26934407867904975
47, 0.7090995568051328
-61, 0.3858086733928857
-42, 0.08963580924901238
-94, 0.557759080807591
-32, 0.06711960757097257
66, 0.5374462084656425
-63, 0.4140182979943262
-6, 0.9827005224519766
-86, 0.773506467714842
82, 0.7400589438507535
60, 0.7244888092082101
50, 0.8695076447732638
69, 0.03339778460953213
95, 0.6378022266170447
-25, 0.6221243624468686
13, 0.401240648432426
98, 0.1323336770581789
-55, 0.6194953957454059
2, 0.12446179017021974
4, 0.15469717546450856
83, 0.7762184070757083
18, 0.6802897035008443
54, 0.534076597808088
43, 0.19717408308822681
-44, 0.1388832951504323
-30, 0.13285714526089698
6, 0.8269985325851483
-63, 0.6600755575560981
78, 0.8255706204016933
-78, 0.6882165195410377
-59, 0.35818231847634263
-72, 0.6631538812272522
73, 0.4018419686885367
83, 0.7389960836319082
65, 0.1076529447208795
-100, 0.2810625596145334
-4, 0.41347558295916964
3, 0.2592226406469442
-53, 0.20265182665674186
8, 0.8359994322173335
-55, 0.07447455692113891
51, 0.38943102418617737
-78, 0.9522946710829336
-65, 0.5002300956270544
-92, 0.3696307401604362
59, 0.29261439026829295
-7, 0.3029598525267826
77, 0.13480007277356965
84, 0.8306944363114236
-25, 0.9992888069200693
74, 0.2471865749810932
93, 0.9923632698238457
46, 0.004554624738076218
72, 0.8840917605558373
3, 0.9077762955664883
50, 0.12558839775158626
94, 0.8045286043444444
30, 0.05311081469918766
-79, 0.7685096918215459
-56, 0.10632746107751234
-87, 0.11103043814205249
0, 0.7717550746604567
-14, 0.7779308320870149
-13, 0.6648100210484582
48, 0.16044421539306775
27, 0.5758866905456873
91, 0.5130032628223731
53, 0.6744109499809726
-1, 0.45337328587626
-44, 0.628489101480853
-69, 0.8609653438539315
18, 0.43261967115395916
-38, 0.09682529528869599
37, 0.5518837072769379
7, 0.25258252031573447
22, 0.6688665224603534
-89, 0.6687576176347032
-48, 0.606716634443497
93, 0.2797362183973461
-96, 0.4392569169241356
-21, 0.734267079856341
-67, 0.7259661865698921
-77, 0.07141518102683764
-45, 0.8196402262061839
7, 0.18789870792206098
-36, 0.4361211361087797
-11, 0.19954400082002755
98, 0.14487186751108694
-1, 0.25036014632186443
-44, 0.39823353031816855
-2, 0.1122552468995821
60, 0.9823778971094499
5, 0.029633414312686512
25, 0.8953220149172887
99, 0.011944799627102376
-83, 0.16586156827224396
-71, 0.8106319363227581
-22, 0.4489758192961141
3, 0.1549557118718099
33, 0.4442183405230957
-51, 0.2931485997740275
100, 0.49653996269021705
0, 0.6589987112681582
-12, 0.3527727951133308
-43, 0.3744725457108886
28, 0.7893565467290588
29, 0.32038938427904184
35, 0.4500663881307151
38, 0.7712040750286904
31, 0.24347296937569385
-43, 0.048173803957004324
27, 0.8488216540601754
27, 0.5530108761599297
23, 0.640366813231746
-50, 0.28648671789497704
-4, 0.0866776525572347
-92, 0.36704446261830703
-2, 0.8803710803910851
-62, 0.5590934572881662
-17, 0.7843097353779579
40, 0.7619807272132316
34, 0.31231667488383696
25, 0.3640222334172065
-79, 0.7724488550521393
-61, 0.5525885168956538
56, 0.7593252952357992
8, 0.2778733468254375
-85, 0.36496569329522244
-30, 0.44566185051722773
-6, 0.1508402362408181
-54, 0.5202308782562153
68, 0.8548596154757184
77, 0.1730688936172209
-40, 0.04352784174499058
77, 0.6174468767625068
-63, 0.4247190560879648
35, 0.6677981017595696
-76, 0.606179949026017
-18, 0.1610829835756712
42, 0.019174414663083894
-9, 0.6378532129364328
-26, 0.620059330421373
81, 0.9519235386378433
1, 0.7995967017669802
-48, 0.376588994604127
-56, 0.022719514342891878
88, 0.32287156207090995
41, 0.7625992040691927
24, 0.5151507136869258
-3, 0.396399928839661
-55, 0.7069870353095302
51, 0.5377480425665184
2, 0.45219020429540735
-53, 0.03705509780763594
10, 0.3178675149015535
-89, 0.12647009963643163
55, 0.1522516187967361
9, 0.5790317185122017
-77, 0.004923054782290381
-92, 0.06003272468319043
-77, 0.6612272201022387
72, 0.8922752641885782
77, 0.1648265725173983
-45, 0.485734277990173
-1, 0.338879771742687
95, 0.30920180334721836
-99, 0.837144459392925
-41, 0.8940401466839947
40, 0.03805375558687618
-85, 0.7749765384239826
51, 0.06309125234734614
-96, 0.725406084698845
-64, 0.8953288792375552
-92, 0.6441635763271133
74, 0.6242630319687492
80, 0.04812414280880872
-33, 0.9876608694865104
-87, 0.2700424915704642
25, 0.5871740584748665
-56, 0.1526207910021855
-3, 0.3201927501512778
40, 0.12491521250868753
-7, 0.9331230388913104
-50, 0.9967489232383822
-80, 0.3228144339575072
-52, 0.7109392848723575
-99, 0.6414930674416188
-1, 0.18136826742239376
-41, 0.2613248517177613
-50, 0.19060377430742592
-48, 0.7646962703688233
66, 0.17080071478134407
-67, 0.4153986601365707
-28, 0.2437652386299074
-82, 0.744540662098626
88, 0.04848461149117189
-36, 0.10893034432520221
-70, 0.5308043512960029
-56, 0.8126349856730564
-87, 0.3015699717415309
-15, 0.10438445644901806
-94, 0.8810260791549155
-48, 0.47503718154360064
73, 0.4722268497848664
71, 0.15604048255647873
-84, 0.37354726975317776
-79, 0.8928552149080684
-59, 0.5925159615329348
37, 0.6437025942981566
38, 0.5290565110869183
-70, 0.6726905170535092
-6, 0.1735000460531152
54, 0.8413557455204094
-85, 0.31479508239298415
25, 0.23273557642269171
-34, 0.31268269564853124
79, 0.3051683773966041
39, 0.31681886627947975
-22, 0.0716781322515051
-5, 0.29158654408564266
36, 0.6065218864760694
87, 0.9184970730806993
-54, 0.6624171512781024
-42, 0.6394528506024811
-44, 0.07670988928178035
2, 0.4266083092006647
-30, 0.2804296935815428
-54, 0.993676647023945
90, 0.9431388188897571
58, 0.7540017461810073
77, 0.6767963773481696
-43, 0.17179881909337058
-49, 0.10116325597244347
74, 0.22765960094515714
0, 0.4705439616482151
-77, 0.30803996060520566
58, 0.07719424226215965
71, 0.5466695396740178
43, 0.4772181840055796
71, 0.13482181094340007
-22, 0.8832846507901988
-5, 0.48523496244205033
-49, 0.2858231901000511
12, 0.16895726088383511
-8, 0.5257093131197292
15, 0.2767814823309921
-26, 0.8974052834701479
83, 0.8226273863948943
76, 0.5887031900202971
-22, 0.920204209872247
77, 0.8032979811252962
-54, 0.190600946698264
-90, 0.22093213040900228
55, 0.8443975466416188
-3, 0.999183379525422
-68, 0.9979654594958692
16, 0.9865857850315551
-93, 0.6012479749189851
3, 0.7539667063018779
-89, 0.862310580045208
67, 0.441663074584974
46, 0.5025393045197748
-95, 0.027064680234107685
67, 0.5536890236456329
16, 0.5665139643983623
55, 0.02855542999946259
49, 0.8157367380300781
74, 0.5107899764250096
38, 0.878585852395168
-9, 0.8473806711236992
-21, 0.07458928002616738
33, 0.027684934083570645
-58, 0.6475736611358658
-52, 0.4639511639275308
-89, 0.4191051919500105
-77, 0.25679965806393623
-66, 0.6070937391814988
-72, 0.47096809361279535
-67, 0.1873200131829691
94, 0.8699226928594951
-11, 0.4718138593467902
61, 0.9895381566575486
-1, 0.6241205009020256
8, 0.7462628632305605
84, 0.788898902153332
56, 0.20041503536762595
-48, 0.9457495791146081
-8, 0.9341605916093407
33, 0.8816500276616839
-100, 0.2530092363407771
49, 0.8241473882302386
-51, 0.3561256578718355
-50, 0.3058283595844503
-96, 0.35328091154335084
-41, 0.0017396748304642218
-97, 0.2714202552723547
36, 0.7737965347051841
-46, 0.8147247751570916
94, 0.09454686340716367
51, 0.2990172731863542
-40, 0.6065837320019132
-37, 0.7043888567912873
-67, 0.40996702264038354
-81, 0.3584759814984637
-52, 0.0759460651314684
48, 0.008266056743795436
-27, 0.6983622926363673
97, 0.3587216613725386
-15, 0.5635651204353765
-58, 0.8962747924541302
-39, 0.07930050821503731
54, 0.7026396215868712
42, 0.36829879915319963
-30, 0.5081673029656327
-47, 0.4400740568120116
66, 0.864338289403327
72, 0.5184500960152976
76, 0.44978244062112915
77, 0.6322873617744734
70, 0.844252100344499
13, 0.4296287143872266
-57, 0.20498947569349968
-56, 0.5474337690547398
-19, 0.9367804783163753
-10, 0.04971706116901742
-27, 0.41658128847662634
20, 0.12514359687127397
84, 0.3687954922642296
-80, 0.11303873833521028
-72, 0.6814589029824822
35, 0.5544928939086691
-2, 0.8367629140606396
-59, 0.21773460368428565
-64, 0.08430570786646019
-61, 0.14955345930434782
-63, 0.5141423448295709
69, 0.9996085422679564
-41, 0.8227792090304826
-81, 0.8621314608332029
-48, 0.8807467407878152
62, 0.9607449245541478
12, 0.6977439329570261
-89, 0.7239996462450576
-14, 0.7218524520333626
-36, 0.08515378476385749
96, 0.7406872104206437
-65, 0.15183691958259615
17, 0.893321666027698
-17, 0.4063688695080253
-56, 0.4557621950034543
56, 0.7906851950019775
-68, 0.7819935390312784
-56, 0.8893733256969961
-49, 0.5582407268669163
22, 0.6425751094660941
89, 0.120891879062346
-32, 0.5809093839257554
100, 0.9202736816427176
97, 0.21605642282880888
75, 0.40309578175347005
-71, 0.5133767060837513
28, 0.47459848493646895
91, 0.15799973668550782
18, 0.2815611010442748
93, 0.26744592507635645
21, 0.9533586555973113
82, 0.07522276578993359
-53, 0.31266231248211873
44, 0.3700219677500255
14, 0.2564257355262588
-98, 0.12212577758413667
17, 0.5002825045112057
-63, 0.6639672875834195
84, 0.3197679172791894
-76, 0.920729730365673
81, 0.30549727015125083
-15, 0.5706032628405642
50, 0.9983741478021597
-7, 0.20547948844714758
-9, 0.639222537384491
100, 0.5183872686727914
41, 0.08251913276737932
-36, 0.8301737212247529
-18, 0.2477525072700355
-69, 0.22075191018079687
-37, 0.45464790739535654
76, 0.14017714284060423
-83, 0.48078976989332145
-82, 0.8975126599529438
33, 0.27845418461573546
-74, 0.9573211119078096
-19, 0.8219376880503504
-50, 0.267947140055091
90, 0.22610509226453934
88, 0.2635941571584982
52, 0.5898586923704834
32, 0.5850558669518608
-91, 0.31800245236681113
12, 0.06312569988672967
-30, 0.3560793326987983
-89, 0.6841961152634982
-23, 0.5741799216251089
29, 0.6636488178038131
-20, 0.4136730983864443
41, 0.38572464750783686
-84, 0.19312870771972246
-82, 0.8532521944843885
-61, 0.45808185201072826
73, 0.836156703932235
-95, 0.23185847044147911
-82, 0.02648820264694529
-17, 0.05048382905418647
-81, 0.9592023517172439
-6, 0.6239638626737682
-67, 0.2063436544755165
70, 0.09576448553772487
-55, 0.0415878183900833
-68, 0.4964614045341136
-59, 0.49683729567988133
40, 0.3111744493758657
-3, 0.40839228296480334
54, 0.4333465142274646
-1, 0.024670228676351158
60, 0.15466655919667505
-52, 0.3349370506721525
68, 0.7437670958134561
34, 0.3168600299612768
-99, 0.5946649132334878
-29, 0.9134139479744352
-34, 0.5657830998440956
33, 0.745066312625541
23, 0.8287307637399484
-66, 0.3033093563526209
14, 0.354675318475423
55, 0.27249922631577106
52, 0.4677726413021317
-79, 0.7546992903272377
-29, 0.7578832707477916
18, 0.7375926597530558
97, 0.11128094041628822
64, 0.40481948214490693
-75, 0.45656510489448554
-7, 0.07153908086171046
95, 0.9323558865197258
45, 0.8059357220727625
15, 0.3792123217749207
-15, 0.5371151643176445
52, 0.624496265585906
32, 0.6448204977839894
-1, 0.5653326537587322
-13, 0.7602616353447923
43, 0.25869977815314027
-30, 0.4727026616991683
84, 0.7696204080489895
54, 0.9675812089174957
19, 0.5304758655748527
-8, 0.3238956397715749
42, 0.3132448390169691
-40, 0.9512007103473115
93, 0.409532711577657
-49, 0.4128927743350711
-57, 0.47527776093465923
19, 0.540905750611302
41, 0.5593562456654089
48, 0.14728767252409358
21, 0.7755172284322366
-6, 0.5552824643282711
-30, 0.13224217252565484
-10, 0.23998422677904763
60, 0.05435063659159367
-66, 0.5288115879531574
12, 0.6133334516098305
69, 0.8775645202102383
-75, 0.722964345156603
51, 0.33998138464865313
-62, 0.7999146126755349
60, 0.9026100366217089
-67, 0.12547891774157882
-81, 0.4165332752686344
-70, 0.07126464186247883
-91, 0.2515103380778164
-76, 0.5704050117470443
-94, 0.4759116766654108
37, 0.61509003911327
-13, 0.208769915241533
-60, 0.15083218659308584
-39, 0.3818004217370913
34, 0.8233364473112019
-30, 0.36702115825402926
-69, 0.29547594756760986
46, 0.9646122538175407
18, 0.9872917872902239
72, 0.4727530859453156
-2, 0.21717255856344397
52, 0.25980334352812184
66, 0.37977904889673886
85, 0.47282301779285696
97, 0.19525519252255785
-50, 0.21119008914123705
33, 0.4410870549681173
-38, 0.0738220942063067
64, 0.06942567957818635
9, 0.8141196747808408
55, 0.7024611375642554
2, 0.6343865392126626
60, 0.2833784142459609
27, 0.6748054614033152
-64, 0.15199107565459846
-6, 0.5094427618881293
-74, 0.9778899215879374
3, 0.465086220452834
-22, 0.6788401519641026
-22, 0.9050427437872017
-82, 0.8130570281255298
7, 0.08942717140833523
89, 0.3913229729577802
36, 0.11340641752627878
15, 0.28056253469566084
-54, 0.9236271940544357
-95, 0.5001597702189368
33, 0.3415337483507169
-46, 0.08934653784548763
-53, 0.4637715850468589
-79, 0.9361318256788066
-75, 0.30591644125977513
-15, 0.011599357076112371
29, 0.3813709721857006
11, 0.3193796732527069
-25, 0.5265358364117547
-66, 0.2656575610173547
-62, 0.8298288993368622
73, 0.4998292989229136
39, 0.195352195661593
23, 0.005323923903102656
-52, 0.8864331387777558
-66, 0.7301788200879962
26, 0.910788532655842
-65, 0.44721603572456103
87, 0.3052681727658899
52, 0.4168230643658043
-16, 0.09598196472707343
42, 0.7554810339518286
38, 0.7718639474181161
-10, 0.7518959608854772
-33, 0.24352813602298307
-23, 0.7571306473419679
-90, 0.41836321020708256
-41, 0.13591321343456275
85, 0.8784376655787592
3, 0.8547338103392743
18, 0.3826109918252699
-7, 0.3708748362900933
68, 0.07109185699073195
-63, 0.5888799614443935
11, 0.01070620610070283
-49, 0.031241114952429094
-46, 0.38094477446891006
75, 0.3771331360919
52, 0.9620991916412329
77, 0.6634107093465675
-12, 0.927350273961835
-86, 0.5780605086222237
85, 0.7921582465360718
-99, 0.278095300354968
44, 0.652935185129998
-22, 0.509435190511914
87, 0.9661470047124084
-5, 0.7535491534440191
21, 0.9317876119533408
-22, 0.31642361485591053
6, 0.47292136269952234
34, 0.688504118062638
36, 0.4154517719126303
34, 0.11576389178281454
52, 0.7215251243057866
50, 0.4504651082063229
-52, 0.3964033957679056
67, 0.5986688722271767
-11, 0.4593744187084353
76, 0.05670682019753792
-19, 0.9267365784514208
19, 0.7034117588235771
0, 0.1748565157106179
-50, 0.8750746998955429
50, 0.2657205030892923
-87, 0.4017267069220124
-99, 0.7758557812233906
25, 0.09090037370934845
90, 0.15018635609198128
75, 0.017363528140181383
-87, 0.055435133876067244
28, 0.7791335301998201
-23, 0.8167172936807889
77, 0.20791435792601975
-95, 0.47972019513057473
-18, 0.29145155541462586
-41, 0.1295790871358431
-70, 0.29688140100772864
-86, 0.5875184406660949
92, 0.03785448737446262
-90, 0.1478502533609869
-65, 0.27912248461159717
-34, 0.5523283314669094
90, 0.6945482905950461
96, 0.3640795839533355
86, 0.25999955095363014
73, 0.12867662706472305
-24, 0.30194369219807937
95, 0.14698651675882834
-94, 0.4707138444595276
97, 0.4515687033482829
-10, 0.7706826465521678
78, 0.24331391518982304
57, 0.6212570945581521
-8, 0.7072378616488583
-58, 0.16449303274274296
-4, 0.25846616594039895
-98, 0.6092414470803198
-38, 0.06578787398838026
68, 0.32560306191323163
-10, 0.8683654874835492
37, 0.355177778660132
40, 0.09515236348151568
72, 0.07023401148749742
-61, 0.2821123716678794
-75, 0.9295690191585483
-6, 0.47633929102940376
13, 0.2404143407005691
-14, 0.22468859913417705
11, 0.44933858360333934
-35, 0.3988899956966052
-86, 0.6601808805751513
99, 0.7574353094810272
-92, 0.6491372393901134
-81, 0.7259105242462651
73, 0.7744610129524808
-41, 0.28706206032732706
58, 0.6779264703952679
66, 0.8051624909905402
75, 0.8584625921261336
13, 0.17314482821913624
-22, 0.407179832446821
30, 0.24125918672228341
-29, 0.6872077920425298
-97, 0.8493124982565284
-81, 0.8995773157206557
-41, 0.3347739857800349
88, 0.7388462125855068
-55, 0.38751007372865465
63, 0.6330722146534873
86, 0.06159167751943817
-81, 0.3086570210411216
-2, 0.5268225819155913
-38, 0.32623957073951315
74, 0.8713370994257429
35, 0.6773840612364385
-65, 0.16727568467187814
-30, 0.4952715085201739
-34, 0.3765772407060525
-75, 0.1901122863113901
51, 0.02110760955161961
-26, 0.994656869644222
65, 0.31331724353720913
46, 0.4678524480618752
4, 0.7187741888750295
-48, 0.09275051756104491
2, 0.48515148859090007
-71, 0.3798748141262611
-10, 0.4964768345800803
-55, 0.42327234328085195
-44, 0.192770508079825
0, 0.7015206103296798
72, 0.9301818915812696
5, 0.47916183663873646
6, 0.8329493671823376
0, 0.5057191012457385
3, 0.9985923413959965
50, 0.440243248848349
-42, 0.17562168476459972
-53, 0.4036617300044265
63, 0.9821935804807791
33, 0.7079163325799128
80, 0.8052027410027752
33, 0.4023794830276499
-50, 0.016082428154791217
74, 0.48778185348237535
70, 0.7914801297551534
36, 0.6028114775705679
40, 0.06160781402423454
-92, 0.5967505424412314
-66, 0.9671506710034621
-61, 0.5608577807944798
2, 0.6831926806511438
24, 0.3114308830571534
-32, 0.08351429251039
-30, 0.46035985372475274
-86, 0.37102915643814627
76, 0.46976856209946427
75, 0.14080805267671903
-51, 0.6374391118639455
-58, 0.5312922163833429
12, 0.20566070467425002
-65, 0.9816893738077322
-25, 0.5965013734805243
39, 0.24572025220966243
-17, 0.4271528790732323
-43, 0.32732880143239107
77, 0.3140651522269393
-20, 0.7244116106935783
94, 0.8910739172251964
51, 0.4818760329209294
-81, 0.6743810464597713
59, 0.7040995256046947
55, 0.35810238268362427
95, 0.7005089530744881
-58, 0.3637397874825481
63, 0.044257411643528144
52, 0.8729292168592889
-44, 0.06792232405414644
17, 0.15191983695999312
-60, 0.5247817808745536
5, 0.9112551184826149
90, 0.2642672154629029
95, 0.9575778636894949
17, 0.8489086857940508
-91, 0.7047894704152312
-13, 0.013896215682561497
29, 0.8765516338294793
75, 0.10759806519741688
64, 0.22008955882794812
52, 0.7857646142591589
47, 0.855382162296269
11, 0.8888737177683296
-17, 0.9603837838062995
-97, 0.1537439721518309
38, 0.1494436772491119
-9, 0.3039008667041667
-62, 0.4541902151984124
6, 0.25939029467201813
8, 0.8534567597790804
82, 0.4148484074834724
-8, 0.658643874728724
34, 0.43974733772122876
-3, 0.521674417750725
52, 0.1247760958286489
24, 0.20839703454796188
16, 0.6733939507744798
46, 0.8866630251279375
-1, 0.7684227523568087
-62, 0.9372612694748614
-47, 0.17412949277576262
-84, 0.1910301024602915
-51, 0.9221775995314143
0, 0.18953860442776027
-52, 0.8057956824825319
34, 0.907454227861413
24, 0.778459798154339
81, 0.48382526720967967
62, 0.5449695485531425
31, 0.24459633023511274
-8, 0.4194246488740715
60, 0.3777901791163184
-20, 0.554551270697889
-74, 0.022911584052928036
-18, 0.11920961731539481
96, 0.014529327953089588
75, 0.9059465090210194
72, 0.7905024253345304
52, 0.6796820521783955
95, 0.3110483687654927
67, 0.8827229169402322
-75, 0.913963886568501
-15, 0.5485082886076538
72, 0.8302458635002611
-60, 0.9801867333520449
-40, 0.5477904715799653
26, 0.7288696137964569
-17, 0.4215135973920341
-92, 0.9431711263300102
-71, 0.893343477324266
-92, 0.7750318461672773
83, 0.05141938292140891
60, 0.47804634055879036
-80, 0.6838202085491382
48, 0.35519257244708924
-69, 0.9099684514645714
-21, 0.10569608097686722
26, 0.5186733282005361
82, 0.5103768795633706
28, 0.30249580415694044
-57, 0.30422588450273347
33, 0.7217071977280975
-28, 0.3770277856314993
53, 0.42451996641905265
-100, 0.7799982684560015
3, 0.4529487369538715
-98, 0.799206036364488
16, 0.40998365280295457
29, 0.6735574929944457
-88, 0.9019670923436993
-33, 0.047564023759352536
49, 0.6071360350703268
-4, 0.4316833666491199
29, 0.594159269688487
85, 0.46680309387931573
-3, 0.37166083887846746
79, 0.3299547486222545
-96, 0.4339592958970767
-82, 0.5163351356010136
17, 0.25377614561658757
-21, 0.2683590010057587
-1, 0.6540962729911535
-81, 0.7207828660669341
23, 0.7050187199959643
-81, 0.26826961868385346
-93, 0.8300728357369829
-26, 0.6401648531337567
14, 0.8823803529016756
-29, 0.23685066205107963
-35, 0.3871258653531018
63, 0.9981859734545175
14, 0.8058519598240662
-35, 0.5017969531658477
81, 0.13642386240311322
-91, 0.6912696615750649
96, 0.4759283914048973
-45, 0.15072911939830158
0, 0.8063610487439872
-37, 0.9021010535136564
35, 0.8880203617408966
98, 0.93863076222281
19, 0.14802238627864783
-31, 0.11545890072577936
-32, 0.7667975003213561
-73, 0.9231216092609033
0, 0.022868543365618277
42, 0.2364355405807086
67, 0.7584548328403047
-23, 0.375055525374134
88, 0.812682934525819
-49, 0.09812984543454184
83, 0.15707105570974123
71, 0.2330886800973917
31, 0.5652974508025316
37, 0.8247163391560367
28, 0.41890031921640314
69, 0.3328495260282882
35, 0.3650070433932673
47, 0.778856725434728
-45, 0.667732884998004
-12, 0.524394943746946
-65, 0.3734037794417919
87, 0.2543438424717489
-62, 0.9885210749763567
-6, 0.45050170457152194
89, 0.40831753072512056
-27, 0.22129601978366542
-4, 0.24859999994505666
-99, 0.6741989107154627
-51, 0.5504752029743597
29, 0.6263117192407314
26, 0.46736149778031333
-18, 0.9888240814365331
-72, 0.8031788632911001
-47, 0.6261489083897048
54, 0.799434417573913
44, 0.6808639948855827
23, 0.7229844200387819
81, 0.08144299949656819
-11, 0.8834926062191214
-36, 0.8736867536109355
81, 0.4024977988239272
55, 0.11813145555450155
-87, 0.8104220219637852
3, 0.32365268278928305
-50, 0.594167301285607
53, 0.4337434738255158
43, 0.30129345397229057
-4, 0.3992892196674047
-14, 0.7651314421517784
-19, 0.6453114034166381
21, 0.24762128333597888
-64, 0.09560725752283683
-93, 0.8748751104089221
-15, 0.2625118046009244
-55, 0.48245219251486615
-7, 0.13875845376583573
-14, 0.8688208325207755
-61, 0.45204490330536273
81, 0.0205888754286776
-12, 0.16883824149378024
80, 0.7631375297656781
36, 0.06136785968542491
95, 0.22228244746949744
-46, 0.2600663146195509
30, 0.5275083877366024
-50, 0.5483144323081917
31, 0.36905766507134996
-2, 0.7507148064293095
43, 0.6630211210099423
15, 0.38784954970118013
23, 0.531643645143124
31, 0.11790434985545661
40, 0.29885890604793197
-3, 0.5147606353368883
-76, 0.4201136132349127
54, 0.9915231503891317
-5, 0.3496444406784863
58, 0.34241653373927106
-61, 0.421674811170195
-65, 0.8310159873554593
-17, 0.6384565232392347
-10, 0.20142669828971105
-20, 0.018960896094428525
70, 0.8829002319524926
-85, 0.5480578605649885
-59, 0.6042586515292562
58, 0.06629185104658775
56, 0.5109619388464437
8, 0.06852110920288346
-32, 0.27402326284000045
-18, 0.9649734462776595
32, 0.641326854630079
-66, 0.10159684568281191
13, 0.1532321335279775
-26, 0.8342333937076459
-24, 0.2787546267635358
95, 0.962841863309661
-5, 0.4223749709682372
-70, 0.18847589190533842
-86, 0.36285248447910634
90, 0.689967519810986
25, 0.7743080989338254
83, 0.7071636325554759
-39, 0.11144534512197735
7, 0.46145321968246344
71, 0.903544377224203
7, 0.19028613036134912
12, 0.3419827225764299
69, 0.8529927702855551
69, 0.019954670452673073
-17, 0.23480528409832346
96, 0.8135037791763546
-97, 0.13860468154427785
-69, 0.5977858159368676
-49, 0.3109065695864157
27, 0.5078569271621387
-7, 0.016469940555242535
20, 0.656641389128692
-18, 0.45946558025268824
-15, 0.34921135280046267
-26, 0.7046919268800476
92, 0.2663560855621758
-86, 0.879716637372236
-34, 0.6912809045615875
-37, 0.6741663991229977
24, 0.7421632451024829
-40, 0.4516926281724247
-82, 0.27250314735697045
-89, 0.10994076904134686
-42, 0.4965418329890634
61, 0.6409612839959608
84, 0.9921849280673376
52, 0.4452243905900264
84, 0.9474157731268024
91, 0.004441975079008342
-38, 0.8420038541528255
-44, 0.8255636411821982
66, 0.7817275062204071
29, 0.6993489407456533
33, 0.9610275458106835
65, 0.9606145787659136
-17, 0.5070000753640005
-52, 0.6336441018360058
54, 0.21152522407257546
-100, 0.27606428944566497
-24, 0.2996629057154111
0, 0.10221777576432334
-72, 0.5336792144121821
-35, 0.40288798027108763
-75, 0.833609709131624
-26, 0.4027222346993734
14, 0.7568005250961939
95, 0.3246039330855507
2, 0.939493080176932
5, 0.04214020303207244
-50, 0.5422079197311398
24, 0.21345071839423013
-51, 0.7966557131619041
33, 0.3391887633080335
-8, 0.4735720522596276
-75, 0.38685459097003827
-43, 0.6014994383179796
-91, 0.001866179792671785
-47, 0.21513854632138707
45, 0.04244785389606254
50, 0.7754374777419987
17, 0.2994608218314996
-4, 0.015766343685382322
-37, 0.30064766569170287
-93, 0.0015690674012014405
-10, 0.8475177553438218
87, 0.8334223905073074
-1, 0.13840859603101363
54, 0.22789775299043724
-60, 0.6246510918037679
19, 0.25922390848516763
78, 0.840425767830086
-99, 0.9300249660219878
-28, 0.2384143022534141
-84, 0.1335584981316047
66, 0.04001639401024948
78, 0.3917376334034015
-17, 0.6061799216073885
-53, 0.9303276236105676
-29, 0.08942547108643362
79, 0.12457993013820379
0, 0.7474692924987707
-59, 0.5621382813582126
-43, 0.691036071515596
-21, 0.0717384975028148
-80, 0.687453624833393
-80, 0.98411957759035
55, 0.5278717379239636
-36, 0.5150705712296706
51, 0.663320025118715
89, 0.9474639846360898
-85, 0.48548406548537604
25, 0.6568980795096183
24, 0.46576871956168164
63, 0.7559744855927001
100, 0.8022489478779443
43, 0.7818099743429715
97, 0.3837523883350388
-85, 0.30240599987829486
47, 0.08425163063909913
-51, 0.6299071346619649
-98, 0.9163506246729071
9, 0.8431899260364428
-89, 0.4546357483044744
-54, 0.6033573966767969
96, 0.7147252403418125
92, 0.36474101332199127
54, 0.2272736516475523
88, 0.2649058116834414
61, 0.028558783549602396
43, 0.38028747615979264
50, 0.13368142883142553
-31, 0.9376235022674982
5, 0.7901943694156398
-18, 0.2704489444906083
10, 0.27792339113222797
-44, 0.7510891557840775
56, 0.006695675804116341
2, 0.3603563363803005
-43, 0.9308783380856206
-27, 0.9743492267491146
92, 0.5930613090352659
14, 0.25763221400042013
-38, 0.17068928043160236
43, 0.024829998602931003
-38, 0.03435484046603432
19, 0.8805708328080806
100, 0.4786010215735066
65, 0.1709902879150883
-26, 0.45258578699461505
-78, 0.49983303203434404
37, 0.10966492436176756
1, 0.4586559113393036
-54, 0.6889381546944883
-75, 0.13466918220955904
-26, 0.7277558934443463
69, 0.6621537603566275
44, 0.457839033359036
18, 0.640422308646261
-97, 0.817613585597024
-34, 0.6005709251062601
39, 0.869028091639741
-61, 0.08253132982514022
68, 0.05841898031461645
-62, 0.8091382117207362
-85, 0.715184955553294
-93, 0.012263392694910391
27, 0.9307581747640138
-65, 0.7956320317196607
44, 0.7353965505402313
32, 0.5225018458667421
-3, 0.24898315758963263
65, 0.3346476728664869
-14, 0.6838993618465342
19, 0.6892899840122825
62, 0.5163454574673606
44, 0.7856297433876971
76, 0.6796060157764905
46, 0.28375080902502803
23, 0.9503443271582441
-12, 0.6374607675321763
41, 0.1050219018269114
53, 0.22286745568148847
76, 0.39967345613139105
85, 0.680833993988921
14, 0.49624153926819425
-4, 0.20419346084145806
-6, 0.8620095604467226
75, 0.6947716696746732
-28, 0.3998689685295862
3, 0.8457661110950181
-32, 0.4643880049536544
-38, 0.8717570624094613
75, 0.9492864067519184
75, 0.8171058917941801
44, 0.7896111684938013
-58, 0.41033851536121935
51, 0.08105682297615091
65, 0.9907842520670932
-60, 0.8702804381040384
20, 0.08644454210500996
17, 0.7305071870717766
-57, 0.39878844271421465
-69, 0.6841325411074618
40, 0.8604082266065406
-86, 0.8375239542331753
-99, 0.14458159560215478
-59, 0.711075861709989
17, 0.6193574938437307
62, 0.04441617625687588
-83, 0.8733247190895954
-14, 0.7250225666977514
-6, 0.8394186594864725
-14, 0.38793811806240486
63, 0.08748702034755895
-71, 0.7145595820923812
45, 0.14559525802805573
99, 0.24461742311966395
20, 0.6426908063805196
-6, 0.6362877006044797
-97, 0.5304553135410277
10, 0.2051629589100088
-84, 0.35511913393710415
-20, 0.7988226197321595
-92, 0.7500222565853157
74, 0.637082888086357
-60, 0.9256676839776237
-54, 0.56846356625924
7, 0.7721795601032941
97, 0.7331037667211465
-100, 0.8438783344240759
67, 0.29373853185091137
81, 0.5109637036067282
-32, 0.23132253926629054
-57, 0.24366215609947872
-26, 0.9780171989722645
-89, 0.31530147502996153
16, 0.19656925254619684
-21, 0.6282866296929062
-46, 0.23853993675237184
-26, 0.30793652208789746
68, 0.6676105813180552
60, 0.3107907276918418
16, 0.2841547688294239
26, 0.4051816596124159
-9, 0.9738720766381223
94, 0.5283560076646208
9, 0.7716933466659561
-91, 0.8442660063049169
-45, 0.7418331951121812
-98, 0.00741441681892796
55, 0.4281817751123417
-12, 0.12938748378844767
-28, 0.7935265572427126
69, 0.24573110935149411
-92, 0.7417338850342843
41, 0.93552979533542
-73, 0.9660547197114842
-69, 0.5929521225594641
68, 0.2902585457923327
70, 0.501996527789346
52, 0.92618032527586
14, 0.2662609247613811
36, 0.7669721806508444
33, 0.08198322830121041
-82, 0.6289661253115417
31, 0.03475865946080703
30, 0.19483775605093168
-42, 0.7046458709880479
-11, 0.7377404807855964
-67, 0.4207999328256292
-30, 0.975949119523417
-47, 0.7038129279707577
-85, 0.299919496542683
-23, 0.12253917705930983
-25, 0.8565641392736413
10, 0.24332434236972966
19, 0.455030920806788
-82, 0.9719755922729754
2, 0.2690039008591849
-38, 0.9173141808870794
42, 0.574533138099816
-85, 0.8254440012676523
-3, 0.2514308476316234
-91, 0.14102001139755027
-13, 0.34073757630423596
-78, 0.8695964850595087
-94, 0.8646055604648314
-21, 0.35705958377660263
-90, 0.4041598184296378
-84, 0.11516891522271688
-52, 0.008923348643650963
75, 0.6245423709621801
86, 0.6672623205090339
-57, 0.7850102297122022
99, 0.9856048673967944
-45, 0.8223011198402095
-59, 0.6402240960116273
-85, 0.1275364161569339
-94, 0.8811796484504054
99, 0.9197557737146541
-81, 0.1916188189395538
70, 0.5672239693372605
-42, 0.6014504783355961
14, 0.3772571486919478
58, 0.6971422856604902
84, 0.08794125546865728
12, 0.896808509333442
54, 0.9311712003533803
55, 0.9064313460783902
-42, 0.6681830843475483
45, 0.036110632472373894
35, 0.9342101287108054
73, 0.534988553316707
35, 0.7770029419637436
66, 0.7023926665006133
38, 0.022272269932123945
-68, 0.8469703111146631
84, 0.5495375415394058
-17, 0.33718198927527265
-75, 0.7005316189512443
-2, 0.09761526051145053
33, 0.956103608836404
25, 0.15892622146473367
11, 0.12976095342119065
76, 0.7306593954362955
-60, 0.806762206306155
18, 0.40585253666990584
-14, 0.9431921445435831
-100, 0.23490136845079868
-55, 0.49781055542633346
8, 0.38659170641095675
78, 0.9083445177974854
-51, 0.9728572567121772
-13, 0.050121333123629874
-88, 0.4072451169445003
88, 0.940938886263493
-99, 0.4375766700081042
-24, 0.9987886953083788
-91, 0.6844499427179871
-2, 0.9827712543120871
16, 0.6862204170547723
-81, 0.002091213771842515
24, 0.38586033090317695
-26, 0.7847543247614404
13, 0.055809329135968366
-78, 0.23267022635586854
51, 0.44633382392510135
1, 0.55140265626372
-15, 0.6479149661647684
53, 0.12218074442508031
-7, 0.8680477345983881
-29, 0.8617986516961501
34, 0.3610239831284372
-23, 0.022940351890686217
-9, 0.41973859732710816
70, 0.07359989589231997
86, 0.8779354225578659
23, 0.3392728936408188
-52, 0.16533020387344388
76, 0.572987557902041
-44, 0.6248371076621151
-48, 0.24787458099338822
-59, 0.6314649464654749
42, 0.8662305232948542
96, 0.585019095424919
12, 0.5071640586495991
-38, 0.3036831883577772
0, 0.6373715946439813
36, 0.8364630319761164
-10, 0.9440450372739172
41, 0.3447728158773168
-15, 0.7728455706642803
68, 0.9391728959702259
-53, 0.5562233106655622
-45, 0.9352920554184109
57, 0.001381665575535651
-47, 0.8839126262854713
66, 0.0028810515963948458
66, 0.5500572145525856
-88, 0.5545843095045008
-84, 0.4896756677623463
17, 0.33466599385240003
-55, 0.5758507505857635
-29, 0.6128425217502492
-39, 0.5009486871208833
-3, 0.9935824061973216
-74, 0.23964822771355132
-67, 0.2077423397190341
-39, 0.5501341029367344
46, 0.9148346814342386
88, 0.1397133907856406
95, 0.29746494804365864
-64, 0.15568582395099928
25, 0.4109268220170168
92, 0.17391236944668642
-59, 0.9727410102429106
-79, 0.9744879142148786
-91, 0.12751466128147815
14, 0.9047716048061857
84, 0.0012826305498627733
-68, 0.5586812830941373
-63, 0.3234148188385305
-32, 0.8107945304941121
31, 0.21533107346636726
-50, 0.8285190802149588
-31, 0.8257205931911896
-59, 0.1073382195192345
30, 0.22047260292024662
-72, 0.4518073262483727
-82, 0.5802960570788911
74, 0.05935219055359475
-21, 0.4460897395132327
-44, 0.415126616710894
53, 0.031164983869240936
67, 0.27475627127833424
92, 0.41541941006214933
21, 0.290604171589639
-4, 0.8111616752415517
-18, 0.8544586862586355
42, 0.22927563325713207
13, 0.7973331424346937
-35, 0.11376728656085511
6, 0.4866391961269313
-97, 0.02842035740345228
-93, 0.5530637484860167
28, 0.20864078033273148
-19, 0.9069851893692134
-25, 0.03373131880957403
66, 0.4791844775227114
60, 0.9639053428982162
85, 0.9704479074666632
-88, 0.9346312989910519
-18, 0.33500846592865474
47, 0.3559921015254537
-78, 0.5647482914848311
-52, 0.41284168625458073
-69, 0.9365276705426819
-42, 0.38287679253570694
-89, 0.6385202139502482
74, 0.40189131478436046
2, 0.03282781462315054
-90, 0.4341289711206716
-77, 0.3188351165045782
-70, 0.03648545298501171
96, 0.2738013209379898
82, 0.6394670272894092
11, 0.3758588874103619
52, 0.1907257488424785
-87, 0.9206614929050705
-4, 0.21007954689780384
34, 0.9363673348045086
-71, 0.6321212636458229
-38, 0.4198388349420229
47, 0.21698662440774785
-66, 0.9568834311429101
-34, 0.2751463787597115
3, 0.6136135813206156
-83, 0.10794023858520552
-56, 0.9643062899901799
-50, 0.15792875178580756
29, 0.9119973514558216
43, 0.24498189620109667
-9, 0.2628194092577091
84, 0.05059508928890655
70, 0.1492022363733284
64, 0.15186557750372442
81, 0.49890970595187367
-12, 0.9295896962889009
-55, 0.7628943036151008
81, 0.5733426668673366
-18, 0.08426747825912739
-30, 0.31455980171412257
-62, 0.6431648929818449
-25, 0.9629185328637924
17, 0.44998084648836767
2, 0.2726660189806356
70, 0.6318667919894826
15, 0.6432421335198107
55, 0.12803067724953987
-84, 0.685583379629955
-48, 0.9462735990666564
-41, 0.5891024768744298
-86, 0.4867802505764943
52, 0.6534873516785072
-17, 0.10470314829243632
28, 0.3709938399101528
32, 0.15678185535985179
-57, 0.5210541557372574
13, 0.4588992758262501
12, 0.9467097034050582
-70, 0.08000618731033804
-98, 0.271204362751188
-18, 0.7230666194983966
92, 0.1865291808512315
-94, 0.00557508000527529
-62, 0.38306126053198564
-57, 0.7575147467760204
37, 0.8403592518047238
51, 0.42030289430318757
-49, 0.19146752326125238
-80, 0.6046515530216272
-36, 0.9913203475290295
40, 0.3980838863020978
-43, 0.28768543570317884
-55, 0.9509955485889315
86, 0.3705715375436145
10, 0.054303820700093985
-38, 0.9016569162843482
57, 0.4882869560405635
89, 0.1467728241544426
22, 0.4690992239342543
32, 0.5801643937555457
-62, 0.7786490432885605
85, 0.34630023973875845
-45, 0.6442724353012751
46, 0.024492588914488578
-49, 0.883945533694662
8, 0.9869960311202298
38, 0.972016477121831
54, 0.8891505799286121
-31, 0.35364081515918455
-12, 0.15487712167035528
25, 0.2301031615661817
-72, 0.15108280103161598
5, 0.7949826866832636
-90, 0.7573880512090597
-48, 0.538430457979374
-7, 0.8604885850427269
-49, 0.3617823398880431
22, 0.1673200256870747
-59, 0.7913817244330109
-14, 0.7018704408350948
16, 0.745966191413853
94, 0.9155151059605732
10, 0.11360054217886839
-50, 0.20683585296349194
-64, 0.557841068296644
-62, 0.5113200601572555
87, 0.7900247465818544
-1, 0.10929738942344702
-31, 0.7468255763929478
95, 0.2121039033338804
-67, 0.480430338988714
95, 0.9629378334236418
15, 0.901542109526915
-4, 0.2647257158310692
30, 0.5698185252061864
58, 0.990870817476456
75, 0.008614570233554608
-100, 0.4104296896014189
-15, 0.720248235267417
24, 0.4461924218772958
63, 0.8612222851189648
-13, 0.34271456636234354
-34, 0.9370490049892118
-47, 0.5341694571294104
-62, 0.26000338371382437
-27, 0.11356869389515567
13, 0.7183273401343426
45, 0.2563158252119835
-71, 0.877318062814156
41, 0.7722211943065341
69, 0.4747640208302104
29, 0.9810447500344313
18, 0.4699026178736083
16, 0.3897122158323917
96, 0.5327327577785447
63, 0.8085288957605956
48, 0.23445855672734162
58, 0.14082343347179083
35, 0.00872516937456247
-99, 0.8574994639503325
48, 0.8530981344848952
-15, 0.7260842375843167
-27, 0.13913842517127706
-80, 0.23522256906325545
36, 0.3640130751076265
-96, 0.8667869402307657
78, 0.6224428001014781
2, 0.8206940360006825
-43, 0.33960148353761077
-88, 0.9901952618386898
-8, 0.48417868131620123
-8, 0.4455456381680508
-62, 0.891105348259875
-57, 0.4059560507514677
22, 0.8190338155272354
-9, 0.12263530569774961
59, 0.4406102575145211
-55, 0.963659570585457
15, 0.05903129943834584
-47, 0.08130169460925263
-33, 0.17440087120279435
-66, 0.17259130786681853
22, 0.6833954010605694
24, 0.48818862232560734
92, 0.5643457637425318
35, 0.955690223857794
-22, 0.0022178582776708478
32, 0.7125753228202091
51, 0.23201391674191385
-25, 0.25892321289742537
-9, 0.8263474627028538
-86, 0.04259774399372862
-28, 0.1516961075242399
-35, 0.702726148492728
6, 0.20597067446309425
64, 0.5461416649573547
18, 0.9759348954685475
74, 0.07567263372421684
68, 0.6185762236668563
-80, 0.5615834292347688
-40, 0.3787149600948778
-100, 0.676306954796039
84, 0.7097796366238694
-83, 0.5566859569062266
61, 0.5244490800575475
-97, 0.1747905765314577
-70, 0.09526149330581879
39, 0.6531983728262347
-44, 0.019224786768760826
66, 0.19700246656439857
26, 0.6520242382367021
-90, 0.19574361824628084
-29, 0.18146546824344556
79, 0.5570715815672471
100, 0.6328927994103005
-61, 0.8515033405874985
14, 0.8002347124129954
-38, 0.17872935990369643
71, 0.08802244775745183
-34, 0.14314213808271015
42, 0.773217237207805
-68, 0.4274488030074637
72, 0.35657592477341526
-12, 0.7998597398097798
19, 0.9710602246938733
83, 0.2792996041687916
-66, 0.22738938547925847
95, 0.14917924465500199
-45, 0.5446278808585815
-86, 0.8735846669326601
-13, 0.6948435054538352
71, 0.8415041777576552
92, 0.6250951440401245
9, 0.19977441169471344
76, 0.39842153580827877
96, 0.8853353655434003
-53, 0.6613663170520021
84, 0.07675831942572953
-78, 0.07904782289112544
33, 0.4160410936418003
12, 0.785502604123607
-31, 0.31621422890295825
-90, 0.5122267219751198
55, 0.37977935159967213
31, 0.4338953929522711
66, 0.013446452262066644
5, 0.33332960371395426
-30, 0.16813937069610985
-43, 0.676436038825182
40, 0.9621149335716537
31, 0.0813925503727867
-95, 0.7533962928170912
-56, 0.4588493859472478
23, 0.7986669580278695
70, 0.892539129776306
-6, 0.03765255179058691
-34, 0.03667552376864969
-10, 0.9370531901536852
-27, 0.19536686109139967
70, 0.4036342276187386
-92, 0.5170286482063583
93, 0.4004253380049789
-13, 0.32152072749240534
26, 0.33986809410192587
-34, 0.35895757861388145
73, 0.7956959563743576
0, 0.07798725162943143
48, 0.4725584370278091
20, 0.219507577348243
-21, 0.8493259761219114
20, 0.7876232176163663
-77, 0.07690022294643473
10, 0.8883651016693033
-61, 0.6523208655905927
90, 0.51395262021669
8, 0.15668933846281263
99, 0.693002381931821
12, 0.6411000803694155
96, 0.06528260616028159
-19, 0.02669816837987926
58, 0.7941644226261919
-31, 0.7676646735495392
-44, 0.44713466042333294
-47, 0.5727364037000958
92, 0.6124041611987511
32, 0.619941302508032
31, 0.19756326538169655
-2, 0.26493147414373164
89, 0.9990838406552053
-40, 0.1841278852795596
27, 0.7148716492975675
98, 0.04635068346945559
-42, 0.4797198617836853
-91, 0.7408275021453065
41, 0.1832033323276374
-23, 0.1375236334369433
-7, 0.3499074681591481
39, 0.11684545597818807
-93, 0.974850873909859
-88, 0.026784422247430384
-82, 0.8940061370170607
-35, 0.8545281687774381
-27, 0.8911349941573617
-36, 0.28796467464875797
-7, 0.37489159467877553
-64, 0.5049203723344339
-17, 0.9846661801615176
44, 0.7389961509368842
80, 0.09837727046205003
65, 0.7960664728041575
55, 0.17186365111673996
17, 0.10300696083454308
-85, 0.4082197748457872
77, 0.08292364290407717
-73, 0.19059751629874955
-46, 0.5485076818215194
77, 0.3294434648355654
24, 0.7599212877600824
-60, 0.0521100584733043
63, 0.24758266180056343
-95, 0.03174310643015921
-48, 0.364128058161998
68, 0.27970139425283125
-48, 0.31087913090562247
-65, 0.6472890403916537
82, 0.7266124741366085
-66, 0.33315421581791904
-3, 0.0944557680782031
44, 0.028732704817174493
60, 0.8975276796348218
82, 0.24444596590024825
-99, 0.12659263267435938
-79, 0.2058503196647704
36, 0.541693990659069
-13, 0.26619659798378226
2, 0.4059988804522944
-24, 0.08043735492404236
-37, 0.1880952949328255
-45, 0.5116857457886331
58, 0.19219552921946592
-25, 0.8528866605796549
30, 0.30333536664471783
-86, 0.746025445824524
-13, 0.8453509806654804
-89, 0.1363965489310094
24, 0.07499855367376451
-75, 0.21148238072062508
44, 0.1644503215289752
97, 0.3506788241588189
-90, 0.7848407599230454
-10, 0.4440014888430194
-93, 0.3770099537274533
1, 0.20566955368251283
61, 0.23136933231723678
59, 0.8633088465133321
-93, 0.9506305620039757
-20, 0.08779329338296149
-51, 0.17497223500540215
33, 0.7848502058106089
75, 0.15387219705805166
-91, 0.1544921740059334
93, 0.45246307055153157
62, 0.6726294129169857
-82, 0.8844069724033699
-9, 0.25824604688444885
58, 0.4464642439246208
76, 0.4745704005692004
47, 0.6445622688331262
-75, 0.43548500852208505
-64, 0.12028759060882888
-38, 0.4666028228889708
-15, 0.55839644412502
-87, 0.719454823071778
-51, 0.9855015750430154
-24, 0.8929609340363244
92, 0.7837329202979402
12, 0.12173610536086166
68, 0.9455118029961311
21, 0.04907070706402439
-74, 0.7549321322816314
35, 0.7574794757542773
46, 0.38175159826356897
-15, 0.2521090987268785
92, 0.0400030485429933
-82, 0.017836778286740906
5, 0.2977066337499066
98, 0.8705378412221143
46, 0.15041118290882638
-82, 0.679632103780042
-19, 0.796341878382856
-30, 0.977192536053463
49, 0.7711685978475809
-31, 0.45120363989704093
-17, 0.938314468522787
-53, 0.12954760504273355
55, 0.8813307567265889
26, 0.39950629020926676
-20, 0.9829319898278479
-42, 0.06776226113336759
-31, 0.01624228844869946
80, 0.48912540486992473
-27, 0.3057636772189418
44, 0.3865296736576188
-4, 0.3286311969342073
-34, 0.7001938819501813
23, 0.0023051213700496787
43, 0.3672049339421327
0, 0.28175198634071086
23, 0.08101960040874268
-84, 0.11347135565064392
84, 0.8194065576565345
-6, 0.8466517060018001
43, 0.3340305451177482
-89, 0.7629701463823205
-55, 0.2447432869052425
20, 0.9962861600810033
-24, 0.490368223525704
55, 0.6288966116538927
14, 0.7175415606547894
-4, 0.6101347310456807
60, 0.2283317505721717
14, 0.7111745514501738
74, 0.4926727028448161
41, 0.35797956619299565
28, 0.5314148296175694
99, 0.3785737707985519
-6, 0.876985446022805
-1, 0.8102210218466874
-41, 0.3666620903225537
-21, 0.24256961381376407
-71, 0.4320492855462569
63, 0.23506038450748346
-69, 0.8046860949356692
-98, 0.6262311361535255
-45, 0.003910187319403291
47, 0.4056905095775978
-64, 0.9479398525550472
73, 0.4414429639707156
-4, 0.9953358191458237
8, 0.9697329403952915
-34, 0.24744682883717217
-13, 0.1436298519378455
-53, 0.7453939357694132
-37, 0.41744125633221263
-8, 0.028989508138040798
-15, 0.9814342073972352
89, 0.37376848148689257
-74, 0.49277411155583084
-33, 0.4152202285146296
-24, 0.7834849766167697
-49, 0.19048444809026976
-23, 0.581073704907927
-46, 0.5269482409194624
-8, 0.7665592243685909
59, 0.0038607252808727788
-53, 0.5021783742694591
41, 0.9507090708815931
16, 0.049911830958285996
-23, 0.6439120393782666
15, 0.5684551593389694
38, 0.13810215521329927
-75, 0.8397835457221573
-28, 0.4950790591549836
67, 0.1363520476827107
-11, 0.16931628686065547
-2, 0.4538172141834407
-27, 0.20583233577074111
20500