2700
-82, 0.14345654413585984
-100, 0.40426671208357756
7, 0.7252625586935072
-28, 0.18146844503090875
62, 0.5487703231860918
99, 0.8973487626011896
8, 0.8998899069569278
45, 0.3682757663709203
-28, 0.004429904490917735
34, 0.49690951510670545
80, 0.04123001093138612
-53, 0.45712644611525066
53, 0.5232745615864889
-57, 0.7700737666319111
46, 0.425266318093109
77, 0.6800637693941499
45, 0.4045211442015261
-34, 0.529642497993795
76, 0.5275128986637009
-39, 0.800208515166274
-88, 0.7284260552652653
-68, 0.7387817895699041
33, 0.08571219223750115
-31, 0.032744088020301154
-83, 0.8671795901201677
58, 0.45335234440448746
36, 0.9678957377326803
-67, 0.18219887986532268
83, 0.9146975077932842
24, 0.5119938532642105
-21, 0.29990628786035045
53, 0.5158279200158976
23, 0.5723351107037726
92, 0.6600713190433822
84, 0.1463728078993317
6, 0.376289574472374
-38, 0.2249974527252434
-65, 0.2826911660869741
-40, 0.09593632258067009
-33, 0.11549106919343455
58, 0.6155491639061035
22, 0.7819532847725084
84, 0.8010086957875987
92, 0.801994752319364
-68, 0.014882104917865013
-68, 0.8914708765805363
36, 0.2976524486900096
55, 0.3574441206812393
20, 0.5109468614241224
-72, 0.7462547808158172
-17, 0.8311199300869229
59, 0.5504991674441915
18, 0.7462108379357703
-42, 0.41029770517849906
-100, 0.8953465033832593
-89, 0.175705306389491
-99, 0.9940647595665052
66, 0.5416451298766063
68, 0.6683212434468391
-37, 0.9670454608419419
5, 0.006491400148222137
-63, 0.18559047193017897
-62, 0.7629331678368005
-83, 0.5904263186026321
-30, 0.1630432070431278
25, 0.42831867003759283
-11, 0.7179232276428896
92, 0.30559166052566233
55, 0.4911925167295147
-71, 0.2850025149715968
69, 0.33644610706379274
75, 0.5603106602392579
-71, 0.33502996781663597
-70, 0.4900659099498188
-61, 0.4616876182779023
-25, 0.6680397847202855
-39, 0.6017829194079439
100, 0.4476850317185169
-74, 0.5243426467797263
-62, 0.1475659187748085
62, 0.865432513165061
78, 0.4700415908439003
-18, 0.185049433093603
78, 0.49189176052256445
-2, 0.8034067296250704
6, 0.771754430777289
45, 0.42887333360421165
60, 0.039959648357420274
-98, 0.2268273886715625
-90, 0.5547572266376531
-57, 0.3429368802330117
89, 0.24779448104218027
23, 0.5318436036723307
93, 0.9401027604598198
-51, 0.9838806612835721
-72, 0.9516728660418526
47, 0.6862348673314064
-54, 0.02818470346000035
-55, 0.8114144414919097
86, 0.31744468974480544
-33, 0.34651115039752145
65, 0.34624912286335663
36, 0.459162345002881
-54, 0.1239853424335442
85, 0.5837815810999532
-62, 0.4962273337388625
-76, 0.5020637757240801
-28, 0.02854450547837506
33, 0.6259689678681524
-21, 0.0009656218658883331
-18, 0.9628162626922199
-91, 0.12301763890409667
58, 0.05857444775912535
21, 0.44706386643443863
-87, 0.019756558278697045
-66, 0.4261485210012289
67, 0.39954171199526656
-7, 0.579854912420401
-11, 0.10289370584015978
-48, 0.7839805252444326
-26, 0.5478712619942869
39, 0.8937465721566032
-35, 0.9373724716023332
51, 0.6353865225150392
-38, 0.4402935511922861
-50, 0.06563857711716503
-76, 0.4973620791381054
-82, 0.9375047056464468
-40, 0.09341173365173672
84, 0.28308972981461
-75, 0.24906937008728047
99, 0.2758373440744658
-91, 0.8251988885585321
31, 0.880103371907987
-24, 0.4093270365410232
-60, 0.8992588433721376
49, 0.5069630314141752
-11, 0.2981931939329633
-53, 0.17916925362732483
-8, 0.8925280459704041
-59, 0.010429411797315935
85, 0.8821098071940885
0, 0.14327775569585766
-43, 0.8199974527792642
-73, 0.5283495598974676
-29, 0.5019419129042819
-55, 0.25523979261394414
-50, 0.2895043517794256
29, 0.9640225966907869
68, 0.1660693155375007
-19, 0.5759398475066102
91, 0.2460548667985083
2, 0.8572979392453359
-14, 0.680277091417284
-14, 0.5018710693289586
48, 0.9635297600979454
-30, 0.6453346746419828
-27, 0.21173926969809165
-77, 0.5127905248898453
52, 0.639536059648379
63, 0.6877456519364812
15, 0.6032597824889163
-15, 0.2575520222194382
-88, 0.29373965239903366
-52, 0.8632312652808679
76, 0.8631905474218255
80, 0.03273185541271295
-77, 0.032038099824875266
87, 0.9813132720683142
2, 0.20760749185369698
-37, 0.4066752054807482
-37, 0.2897736853363151
56, 0.18873227908709023
18, 0.6812698083226449
-98, 0.3155166013604387
-94, 0.908432418976793
34, 0.3380890742878926
40, 0.3456511083742976
98, 0.7742072032892704
50, 0.7745478444428371
-11, 0.7717044957738908
-65, 0.33706490814154944
-33, 0.11339850082687608
-37, 0.7698447294625325
10, 0.6504488702015666
-41, 0.8812411473431855
25, 0.760497111120116
-13, 0.23046004681109333
65, 0.25664466512031614
10, 0.498205411380202
47, 0.2823278584204376
36, 0.18226403625877474
-92, 0.27443698967550767
24, 0.4386473347607711
91, 0.7202738798774516
99, 0.09276554874969889
38, 0.3643847542561469
96, 0.07366498178355374
53, 0.9828260197197946
98, 0.5991012474103199
-33, 0.7996842558066135
-83, 0.31463183781401816
-42, 0.2835332074406086
-51, 0.6769526023033418
56, 0.0046190038021827196
-99, 0.8684537658399458
91, 0.27417151107582294
62, 0.31652037533157695
35, 0.07853133487179609
-71, 0.29905950420276584
-61, 0.839097721634196
-70, 0.3735983949027011
20, 0.13127345032087756
88, 0.6286538813579222
-77, 0.2993450526509739
-14, 0.5105898905409942
38, 0.2516171254611518
26, 0.6458686392034446
63, 0.9005528426632332
-44, 0.715688581942518
-32, 0.6371793147005301
68, 0.39486118026129335
-58, 0.7102957014488278
18, 0.6216777481944737
-35, 0.5253110681856853
37, 0.6104727894564577
-77, 0.8432613742135556
26, 0.1281435127435192
97, 0.5116565375913339
25, 0.7463160925698988
54, 0.7839945029396029
-92, 0.8376110573553055
-11, 0.21579396050192667
37, 0.8775569144013972
40, 0.8447207254167648
-100, 0.5125972986939211
64, 0.38621330125822606
-23, 0.5507764595663388
-61, 0.15470130239878888
-89, 0.16163380445244502
-52, 0.41415863563480126
-83, 0.7731540447857147
-53, 0.7291810835935522
36, 0.22298466412013052
87, 0.6039656650687175
30, 0.20048669518679685
39, 0.6645021383897152
86, 0.008566790362082521
-56, 0.8130468961447207
-39, 0.1225728739043479
-91, 0.8900224208724233
41, 0.2907510980834752
-53, 0.7471090732566427
-69, 0.21740937290609275
-99, 0.6406506192130216
-90, 0.031501988233570755
-82, 0.0423231801077848
10, 0.7214634480843314
3, 0.018226863469984256
65, 0.07158009779325625
-19, 0.4320252003795575
-75, 0.8606307855921967
8, 0.16232593359470848
98, 0.771586119891679
53, 0.9964831985711606
96, 0.5990310055435277
-22, 0.1178589333725576
-92, 0.9528319770715561
-25, 0.8863309592273404
-72, 0.5392819954054645
68, 0.8993377584644207
49, 0.8423920944548239
67, 0.9843899726078146
2, 0.11130239730310598
91, 0.3535611862603585
13, 0.5692576972127222
38, 0.9089344714424505
18, 0.4019377513149276
-76, 0.250391662045492
-83, 0.903618509426728
-11, 0.3208494818051558
56, 0.033997599433517656
-92, 0.8843164700893521
91, 0.38667212726165734
-56, 0.5202827057718286
68, 0.17638950497116512
52, 0.2666904942850552
-69, 0.8694430379445125
24, 0.2766526462066631
60, 0.8807105564264369
-43, 0.517613854508276
-70, 0.8723357868560957
-26, 0.6239949174475782
93, 0.9342403492799048
75, 0.7961988623812131
63, 0.08994711478876039
-69, 0.2783221977847967
70, 0.6543437625406794
82, 0.047795596311490884
81, 0.7105264491687598
5, 0.5233840044446769
17, 0.018014494865585484
-20, 0.3675345266591885
-27, 0.2313727236160742
68, 0.125251822499592
6, 0.794547183672939
34, 0.9425069039380265
-87, 0.8477278582700808
93, 0.5769381866246068
32, 0.5966708010015079
73, 0.6593709531193739
-13, 0.189264323226227
-53, 0.5010124729112151
-67, 0.7384654759829189
-62, 0.05222451579114795
2, 0.02064992673959165
-19, 0.005017976228544496
80, 0.3668712347384019
-75, 0.86361999342897
-95, 0.8018053949549501
79, 0.07349946732423562
-70, 0.08303382615569588
60, 0.3218170508119442
87, 0.18407047690869027
2, 0.20516200136609375
42, 0.013542718811080379
-53, 0.5415500029424041
-89, 0.7843164794308695
96, 0.07852758256704262
-90, 0.007593232756307966
-23, 0.9384882898440177
-36, 0.9826846451071641
-35, 0.7911856601759606
82, 0.47463025867532593
57, 0.8513986563940262
75, 0.5490652861110527
4, 0.1848478611836708
74, 0.9657432411800385
15, 0.9351101985909651
-47, 0.8308093943391288
-53, 0.33233747241839007
-61, 0.7304122385937285
-54, 0.1716801870275173
-18, 0.7906151546705099
94, 0.2598287305353574
98, 0.13364401022906747
-94, 0.5085614443775814
86, 0.9168840934283093
86, 0.8593742586248585
-61, 0.2272322625620934
19, 0.12462212106000026
-42, 0.4180110487035342
5, 0.0693809429345339
18, 0.4420591568524579
46, 0.175168016513637
80, 0.023389985319224205
-65, 0.9215239520526404
-48, 0.3285357435614894
48, 0.9411605080104253
73, 0.8952135054974951
-4, 0.9011263704564815
-82, 0.6060599518359188
-99, 0.6484292031947979
-100, 0.9970983527501811
-16, 0.5285327949300584
2, 0.91841159251796
-8, 0.8061857467026452
51, 0.8822572891443107
-23, 0.5111825913537549
-87, 0.9808883897344497
-91, 0.08907768505497826
26, 0.0005773615625997985
63, 0.3955776045331927
2, 0.636242865510081
-7, 0.2058184247408269
-15, 0.5515391032274606
-71, 0.8784698291757489
-82, 0.7237967350537127
52, 0.20312405654712917
73, 0.3288948074629685
2, 0.18643687527991692
8, 0.10894909869762137
45, 0.8520324958645719
-35, 0.2515630888044601
-95, 0.8567602476904432
-10, 0.2584398700141819
-43, 0.45695405914589404
-85, 0.26506546733137903
56, 0.06992101989327182
-88, 0.40785375182586603
34, 0.8738917198703953
-33, 0.7921123281322634
24, 0.601261054232258
-12, 0.8780613288115099
82, 0.985732303893636
71, 0.9875323392054678
-62, 0.9663471276976128
-62, 0.9936042598233393
14, 0.6405532494185769
3, 0.9869220665320207
24, 0.4722234611017194
29, 0.4411998610617951
-35, 0.4398140386380679
13, 0.9002172084979941
-38, 0.989764586522551
-19, 0.592421849086738
52, 0.999217580368956
27, 0.07254655282888867
-62, 0.0386412163234775
69, 0.03843460426711087
27, 0.9085559785068222
70, 0.054470871070027904
7, 0.5480954350360242
57, 0.3088264920976058
14, 0.505481105246456
-97, 0.6507221101680251
81, 0.6639102562826477
45, 0.18786997124342542
-74, 0.6151580915793452
12, 0.16518525368307735
-24, 0.6633176658961999
49, 0.9442635659326365
-13, 0.4757158773395658
-32, 0.6462815269335057
33, 0.9753277036711777
-18, 0.6518226494557767
-93, 0.6568282828079001
-33, 0.2650086635066824
25, 0.20699976134020848
91, 0.7460989154964613
56, 0.8340272972232062
91, 0.9342955313202065
-33, 0.6856292562970939
-30, 0.623494623689848
-28, 0.5014141197109883
15, 0.6105956593160837
49, 0.3905191075466271
64, 0.43791054554132314
44, 0.261860866612765
-89, 0.05284417711888878
-14, 0.00010407432716386111
37, 0.9730494543704771
-30, 0.1193391840961251
98, 0.10286487706997327
-2, 0.9370901878515172
37, 0.718403265775862
-11, 0.6968428257389372
-14, 0.32891343893428227
-94, 0.7703749768228755
-87, 0.9554769560749462
52, 0.8693010608295466
100, 0.4885227652408113
-41, 0.6913647692756337
33, 0.44260072439467646
-95, 0.23025936987664686
-15, 0.37433745043561883
11, 0.8006690289051809
20, 0.5463984787361994
-59, 0.39537088075430815
-39, 0.3285073335600178
-43, 0.763985451397499
93, 0.6117234058457361
33, 0.8941536035152348
9, 0.5688075300514722
15, 0.8957481079722389
33, 0.01188975979458784
-79, 0.8883090223817793
-50, 0.1412424545761417
38, 0.4878138762440227
-97, 0.6603464221476762
47, 0.8229246594635076
-89, 0.07898849300713906
-38, 0.5818236426968307
37, 0.7560286553308042
78, 0.3740064646483341
28, 0.6442661908222301
-42, 0.309096434629503
37, 0.5328093433440885
-14, 0.99224965503099
55, 0.9524802135056276
-9, 0.27169692700892023
-32, 0.09714868842828805
52, 0.21065024330354742
-65, 0.23802410020342823
99, 0.5962010909634997
-61, 0.9254610453302073
-51, 0.8557293368067482
-75, 0.7132847725483612
56, 0.5126242149789924
39, 0.8603993152661193
-62, 0.4999232349707028
30, 0.22411643944049697
-67, 0.45281782912525437
-17, 0.728998535109927
77, 0.853057244137807
0, 0.8523280200418557
72, 0.06443174971945931
-91, 0.5712317297070162
73, 0.2595681431851774
-19, 0.9126197745571123
63, 0.1920183128216959
83, 0.760911146292721
-50, 0.8874584787144166
-54, 0.9298817476920133
-39, 0.21608945976650118
-83, 0.5347001564873854
-66, 0.9774571636488905
-7, 0.38491523563665664
0, 0.47139428974437536
-86, 0.462824286752858
-54, 0.6242816707666398
-96, 0.9120841407909818
-60, 0.6455298441649135
67, 0.9237553013122137
97, 0.27570665145503337
43, 0.37701871612524973
-7, 0.9349828586834081
-31, 0.3286761857886552
43, 0.5934431777481265
-89, 0.4914367567988207
29, 0.32394820858030515
12, 0.44482291951810726
-27, 0.006619839974733588
-75, 0.5461091122330984
7, 0.08608435873870857
14, 0.40247387031467774
-59, 0.9011195283709705
-48, 0.25068485321022416
87, 0.9427989155118588
-66, 0.5311504765919782
-24, 0.4896074571117024
-36, 0.5655383342284214
-71, 0.5671404880941084
40, 0.3508714410897298
-19, 0.6870448174781608
69, 0.0038045606122173448
60, 0.07361451899464377
-8, 0.463878611075487
27, 0.3724412486589215
2, 0.8066727857994812
-98, 0.19178698388261117
87, 0.3110813430646978
97, 0.2602282570153831
-54, 0.23601842210699353
-98, 0.6453556134658459
2, 0.41832580860463386
-15, 0.4334694303319052
-63, 0.6572222732910922
-98, 0.8974790393609854
-86, 0.3151919220060443
-2, 0.29298723691783846
71, 0.04091964857752828
30, 0.4728246825087743
-31, 0.35427948833528733
-80, 0.6617406300738001
17, 0.20043416824888682
50, 0.7851291083328499
-44, 0.19250304400561802
97, 0.7085076190583292
67, 0.502212890476081
-39, 0.5250244465828721
-84, 0.16874510781404573
51, 0.6044431667220798
-87, 0.12294465189480674
2, 0.4931992244555491
77, 0.5847287424984156
97, 0.09900371908147876
19, 0.2583538973693156
17, 0.18343221914791996
-34, 0.7107399569413664
69, 0.8531923758629347
12, 0.019773417084952505
16, 0.2986967160527876
-53, 0.002519181017458405
-54, 0.43633673144082596
-89, 0.9017562042931099
-25, 0.2391365001130934
-79, 0.7092639152287833
-55, 0.33343326720555144
49, 0.0035812081120787376
99, 0.1823444163684239
20, 0.7986012509493605
87, 0.7768276323011364
-10, 0.7808406413374525
-9, 0.22884949610285588
21, 0.9643257559954401
-50, 0.5499952199119759
15, 0.42556572024390615
81, 0.845441744911975
72, 0.2734789661475515
-46, 0.6396564983088824
-76, 0.2005816124590949
-62, 0.5734111597176119
67, 0.21045981887405063
91, 0.8383354760050045
-1, 0.5585374939116308
83, 0.7710569602738199
9, 0.4136822055643936
-64, 0.2044711153534975
-77, 0.24846086247597154
75, 0.8112707527744629
88, 0.8406586312902564
81, 0.36956289595649794
73, 0.8135573156774658
25, 0.9293344896671312
-79, 0.8987675421186168
-40, 0.03212083058724724
7, 0.46647997421816345
87, 0.8097291612621428
61, 0.23635787344608683
-35, 0.8822272574137701
84, 0.8979055779531887
98, 0.20402683599493243
-30, 0.14971821477771496
18, 0.2631423546962256
40, 0.8330273753015024
-9, 0.6564344419942149
-96, 0.5335212920453479
68, 0.5480873575235243
-16, 0.9783112049292377
91, 0.9780128056864366
-89, 0.3675751246790637
58, 0.12760117290556916
-7, 0.6125172751250556
5, 0.8816563586507926
85, 0.4612447096375012
-65, 0.0680915936675861
16, 0.9328530059213102
34, 0.37409361601209057
-49, 0.3328491110021772
-21, 0.328537712006822
-15, 0.1844301088638396
53, 0.8370680892423243
-24, 0.9465624931549054
49, 0.3626922199185121
58, 0.45466395879167565
-77, 0.15211641161386769
52, 0.3825531693866272
28, 0.6336067677909588
-78, 0.7947545725909702
-77, 0.9513749195200688
-44, 0.7026756352562612
-57, 0.04335461944528607
-61, 0.09638382739986906
81, 0.8825775910451054
-43, 0.29006128913396834
-86, 0.853788795771614
45, 0.9214479481297557
97, 0.9011553691989961
-66, 0.8230111060008498
-99, 0.6557008064897297
-69, 0.9731446864164203
91, 0.8492753778891129
-61, 0.9449043759890012
-2, 0.8400691216389092
67, 0.5635126586095013
-40, 0.9407739338095277
-71, 0.06674065771516235
93, 0.30368277592873183
21, 0.14826202146178502
-15, 0.29117563680802594
-50, 0.6193721625457353
83, 0.9304168163009269
-98, 0.9801095245875672
7, 0.627458333346536
70, 0.7304589687314125
30, 0.0939783397630527
33, 0.8408992177209736
-49, 0.36577765184428157
87, 0.3185662018134534
67, 0.7688227318393277
33, 0.5403032344920169
99, 0.6305254349905862
11, 0.8481490677103398
-61, 0.4793785402556727
-21, 0.103926910969949
2, 0.7852699801049906
-62, 0.30370228353363193
-48, 0.5113693442013144
-46, 0.7378863546265484
-65, 0.8790541952596959
57, 0.13709496083799877
-29, 0.5995164677235943
-21, 0.7201670791325031
-37, 0.1636788815200486
-65, 0.08481401080227613
38, 0.4423286143076719
86, 0.3745835394122762
-27, 0.7877548383802492
9, 0.06385470450417763
98, 0.619284609451943
62, 0.9180902447133482
-50, 0.034870883659618546
-76, 0.6667894248467131
-18, 0.03726975150221945
-58, 0.4189040691243675
44, 0.6724217281568952
44, 0.2411057282536362
29, 0.6375124292459394
32, 0.2789645422431285
84, 0.9679029279050436
-3, 0.3030904806348602
2, 0.4470327256080783
-48, 0.37662225615161005
-67, 0.14363896909451068
22, 0.578529987049282
-44, 0.40578362377200294
-36, 0.11594101498750609
60, 0.6509472498323307
-80, 0.8965423894827618
37, 0.15004855269073847
-100, 0.1979241927026565
-92, 0.5013561063024538
25, 0.7773453155872622
-37, 0.023413435607753996
39, 0.12065763678669938
-67, 0.9492448897206467
62, 0.9340594582716516
3, 0.6135906218765808
-92, 0.11729352339592813
-68, 0.9210680502077592
63, 0.11123598057762119
8, 0.8062623406472867
83, 0.5379718037085888
-2, 0.5826480687731804
75, 0.5646062450413264
91, 0.18686183837255088
59, 0.8021815886898955
88, 0.9633562276872516
54, 0.4168214536129151
57, 0.5674073979618225
70, 0.47647042927675665
53, 0.6529050592028095
1, 0.60639682239232
55, 0.22596943735750608
-27, 0.2696005453739332
70, 0.5519949941797434
90, 0.4804292960549038
-8, 0.40959561142561074
68, 0.43814971519003454
-7, 0.3985441506896661
49, 0.8223662587737683
74, 0.09730537469947531
100, 0.9670328038138846
69, 0.6894431761228088
1, 0.707563850788751
84, 0.2649080238588468
59, 0.8186677783683188
-60, 0.2678913695875934
-44, 0.4211684640630421
97, 0.6979126121865983
23, 0.22057342920972522
-98, 0.6313906673863996
26, 0.054535086957996026
-14, 0.7738950393997709
2, 0.48938070410081225
98, 0.30799414035114714
-43, 0.38915885404748185
30, 0.7480324645966211
-1, 0.41377524528493403
-100, 0.7858664245278254
-10, 0.06332934284592884
16, 0.9174492899810037
44, 0.8707197717550529
15, 0.4509524839188165
73, 0.0588850098319037
19, 0.5786835285505461
-37, 0.1420608008519607
-66, 0.7338857321902695
22, 0.922123683151984
34, 0.7017214658973563
-92, 0.1311267128601633
42, 0.9816017659181615
-54, 0.08972085284287601
39, 0.2844451751510211
73, 0.351453546774385
-8, 0.4904337348197557
60, 0.860968705347129
-98, 0.1792554069252138
-94, 0.362109388817613
33, 0.024839576555160003
-44, 0.1303666396607417
13, 0.7973832614663838
31, 0.04054662410602361
-97, 0.2103694943995107
90, 0.7544278328870881
-95, 0.4249580165677893
2, 0.2952952956495196
48, 0.4893473888556277
88, 0.8822310607674132
33, 0.04601736205677831
-21, 0.3560854940994366
51, 0.11952125971640504
90, 0.8954668264145537
20, 0.34966130499699577
72, 0.277134537825225
-29, 0.9108115437273329
67, 0.31376343979616583
6, 0.659316833357086
-41, 0.685107355350798
100, 0.7142576029631318
35, 0.9922548756899803
-4, 0.31953684586494235
-53, 0.28098592086762086
-27, 0.1272883120004381
-88, 0.8957646102218645
71, 0.1764865679269464
-73, 0.20523021452630896
13, 0.5938000253750939
84, 0.7138680451296019
-15, 0.8908980241280305
-70, 0.2633647095903635
-74, 0.4593615378764161
-58, 0.04102431725999511
-53, 0.4426639040178515
8, 0.33839263305660494
-18, 0.4176811095351388
-38, 0.8339614620103092
-99, 0.43962080859802566
49, 0.7169604251357724
57, 0.0932957497086282
-52, 0.28924467739438353
12, 0.6183274647888857
-96, 0.4648880534009341
-84, 0.33651833147418275
77, 0.826549552707944
-92, 0.7902700844835737
-18, 0.15732072693596522
-60, 0.4119392098435035
50, 0.9317098312150894
65, 0.005600596670844782
-26, 0.9645555271533391
-5, 0.1032447651211299
50, 0.5321879269152093
49, 0.9156071728794534
80, 0.6968285289854108
70, 0.18365096491967836
70, 0.6446948813453683
37, 0.7148079499511716
-76, 0.2937288825619855
-12, 0.6531850860012535
-26, 0.0751086490388223
0, 0.9432256132827339
-30, 0.7109898143665127
15, 0.3732639248977565
-65, 0.19857110901091524
45, 0.7552138322161599
59, 0.962155532988844
62, 0.20926664567904774
-55, 0.4945801697121087
-86, 0.01483852683551179
0, 0.8717381126403623
-89, 0.2691946899726143
-26, 0.476735436252945
62, 0.006307845583218619
-25, 0.596133963060679
-71, 0.8917219818912939
-87, 0.02205368153147369
-74, 0.5471914115774048
11, 0.99337487725745
-76, 0.9846504448599966
24, 0.9631073963444261
38, 0.41720794121498217
-41, 0.966421140701524
11, 0.12375511651498827
86, 0.7098705342834629
41, 0.5438681353676905
81, 0.4370273872870869
-48, 0.20867627695951896
11, 0.009656318851705259
71, 0.641718641766787
57, 0.47676736147104937
-13, 0.5756428354312216
83, 0.6069602162580554
-53, 0.22460811260760094
14, 0.7669572103621208
-32, 0.4676836173088631
8, 0.30553102236538
57, 0.045753837678853326
-39, 0.646669135080503
67, 0.9126606064210339
-18, 0.49729032031158726
-84, 0.8785629194947869
-86, 0.8385776304443178
-86, 0.6998822433330082
-80, 0.9307632536008109
-74, 0.4273849719523056
38, 0.10259298447609078
-7, 0.027565743841458157
-67, 0.7784291403503094
9, 0.06277398586672467
30, 0.05364608115811076
7, 0.1075345378143141
59, 0.2573082485501389
-35, 0.723722544201049
85, 0.05584975049135654
-6, 0.18782005013846004
43, 0.7505273495187007
-59, 0.0721589797452975
83, 0.12212301992938668
-87, 0.8673749709378448
58, 0.34362014686365683
-76, 0.625046573570673
-64, 0.5754588819434423
95, 0.8455731051612551
90, 0.6832002928528739
-73, 0.6926520342978515
-43, 0.34328367445788466
75, 0.24943917233099777
69, 0.46450645795491685
24, 0.7409372005141333
8, 0.22610131792914523
-87, 0.8963643396841353
-62, 0.12016279919437989
12, 0.7533936992624382
-52, 0.6172649094395031
-98, 0.6873611411314733
-91, 0.28113113871327045
-33, 0.6709245750552016
5, 0.1481156112809069
24, 0.1482417785684791
21, 0.801938970256589
-37, 0.9472612915930376
47, 0.30074762226534546
11, 0.24560358377616953
73, 0.05713987538980536
-45, 0.44587617827563786
-97, 0.8189929548276382
76, 0.03100905041625479
97, 0.8599080762844094
59, 0.49800732174069207
-12, 0.5192368936108895
68, 0.6201984405328305
-10, 0.8711474022066472
79, 0.7114503425280422
-53, 0.5962435396400443
24, 0.9945128153137017
-66, 0.40338991848922556
-14, 0.8514882436217878
-46, 0.923493862421852
84, 0.6124858546005164
-79, 0.41156818956283814
94, 0.7353633731697717
-18, 0.5525302092306938
-68, 0.07077779778675519
-95, 0.7464793774916618
-49, 0.31360184111632583
28, 0.7257001122747764
-88, 0.9316821759810012
92, 0.5314834016186514
60, 0.7507119360917464
-12, 0.47765896248657247
61, 0.189936922205163
96, 0.06214134308707786
90, 0.6318122303744409
13, 0.39177571460919414
-9, 0.151372430015968
-32, 0.20803133688775488
-31, 0.20307180407191927
44, 0.7104151616682458
-82, 0.9351300961140483
-15, 0.5977421661751056
12, 0.9838643969865746
68, 0.6373952614738941
-88, 0.8994051202896519
38, 0.54583447193934
54, 0.6905059874797895
-39, 0.288453513283465
-67, 0.6656193345126532
-43, 0.9121920588765348
-16, 0.966551723727007
-90, 0.855614744239198
49, 0.7477993288217056
-15, 0.5993289219916857
92, 0.9172311698791553
-29, 0.8306921318425861
-31, 0.41552674374064136
-62, 0.5682014589346596
-39, 0.3125863498974736
-68, 0.24709352068586166
78, 0.520182197560781
-67, 0.6010224756736395
-46, 0.3846850054736949
90, 0.9562023758563646
-86, 0.7241396674386277
-4, 0.3845535014616628
-91, 0.7299405097451868
23, 0.26890602651766715
70, 0.4035202656682654
7, 0.17930942885960044
96, 0.2761631077783555
99, 0.20077151290660533
-91, 0.6659857599408807
30, 0.8595600553569891
30, 0.5722199902668149
-21, 0.26699097260479243
-33, 0.6431546283704007
-39, 0.8577472991543541
77, 0.36871109029034854
-13, 0.9068115378235585
-20, 0.6783047498865841
53, 0.14984739094180566
83, 0.13255824003543815
-10, 0.7199223184405518
76, 0.34966381834928284
39, 0.6552739160380173
30, 0.07717100788595344
83, 0.05553751259798112
48, 0.1381913357766703
-11, 0.010319925941217889
47, 0.3412491997162391
-29, 0.7413231311322468
14, 0.015493528624994757
-64, 0.5506565385509137
-61, 0.015453640980145011
-5, 0.5391884023215594
-29, 0.1612098544327053
-65, 0.8113535325723515
40, 0.0038512540351399727
40, 0.5206670139878709
29, 0.73738808571983
-24, 0.3288970017826819
-40, 0.49483932847069556
-65, 0.661268886792472
43, 0.20255019600113322
92, 0.40355442207571635
100, 0.31488072321615357
52, 0.5984363610152175
32, 0.011170731965700509
6, 0.05988560042240165
10, 0.6854459134241675
68, 0.7066150129949018
30, 0.8908367998148174
83, 0.9774053212779419
-52, 0.6015074489497406
45, 0.9006206521967886
98, 0.7114318412768909
86, 0.5419976652275943
-36, 0.3627350835834001
80, 0.4076685721005955
-27, 0.932520030985532
-74, 0.8470925882072586
-6, 0.8096798361420813
61, 0.6168798209084041
-14, 0.7949326074143706
-28, 0.048980740453809624
-100, 0.42299320591161493
-86, 0.13048357991786974
-95, 0.6323646863316655
13, 0.038715360503795204
82, 0.9615315841726748
46, 0.46154585444917506
11, 0.13487942982084522
22, 0.4922400887780626
67, 0.19620998175842752
-19, 0.04322031483336486
40, 0.25729031063087504
-60, 0.9517799834364651
45, 0.39939399732982095
78, 0.3941661921234866
-66, 0.5522432033687982
52, 0.9707228632399396
40, 0.4828636584500341
66, 0.7595725866241605
84, 0.2949686967352646
-79, 0.6633032717979079
-98, 0.4754542368020418
37, 0.6320028824449898
-11, 0.2598445711024794
-22, 0.9038822474779192
45, 0.5496228127070096
-19, 0.1826295768194468
86, 0.8853354804661205
-14, 0.8234129441748798
65, 0.34967806438397486
37, 0.0031931083274407968
-90, 0.4915625896765551
-72, 0.09706792080616422
-88, 0.5072155639619752
27, 0.3201067876581678
26, 0.3903009228066249
18, 0.03711083552550043
75, 0.651606485530656
-24, 0.19230342092511266
1, 0.5609488015200487
-20, 0.4803281598444681
99, 0.049051123114847384
-92, 0.568778464802781
14, 0.39228039810185944
-13, 0.23945435987102648
-92, 0.23833362471530606
6, 0.6574134305723368
40, 0.43733812211581236
-43, 0.27385778231303903
69, 0.8759639000103714
-45, 0.7972201699655106
-82, 0.44821209305756704
-62, 0.48965711067485285
63, 0.47277026081906326
-1, 0.0008559882043792655
-45, 0.9146672822930754
41, 0.004427262126553755
-11, 0.19906713597237757
38, 0.8789624784558029
84, 0.015002531245050466
29, 0.46217944894376706
31, 0.674733691710845
86, 0.04695440801147022
8, 0.4672899177863826
2, 0.06631325803289767
30, 0.08916126392002954
88, 0.3294230389791296
-79, 0.5418085306883305
84, 0.5362261077475403
-81, 0.3710876259200502
77, 0.8771856708216518
-43, 0.6413582470594381
85, 0.785262122857773
-93, 0.7325126794775467
28, 0.6250556623343336
77, 0.9451170629812224
75, 0.5604678427423948
-87, 0.31155796915253153
-41, 0.45913685918316305
38, 0.9033523609889534
-12, 0.9567868045732634
8, 0.09184257332636037
68, 0.5065745108347864
74, 0.4188907963057189
-57, 0.8447092386078188
60, 0.8702606770135828
-43, 0.976457553231614
25, 0.6456440117366995
-67, 0.017314423657039835
50, 0.7932848168491525
5, 0.7665862767084041
-86, 0.359662328917673
96, 0.874665386573574
-88, 0.32908864894730383
16, 0.482646631160388
-63, 0.7782429347901828
-91, 0.24165342326681505
-7, 0.7820344495253662
4, 0.5875011697029631
5, 0.8762707775123637
-62, 0.8869495735956477
32, 0.5014144302816675
-17, 0.975388027069353
-69, 0.3099174824241391
-31, 0.929190812233747
-57, 0.3609555262905185
0, 0.2304036772086958
-30, 0.7655207515031904
24, 0.3192175896912791
59, 0.10854824738242741
93, 0.814275191971684
70, 0.5769863344342767
-26, 0.1728088174385617
17, 0.4214433085291539
92, 0.3991424680988561
12, 0.2564881578008673
-51, 0.20593739615337736
28, 0.6047021454499998
-34, 0.8823312713044483
19, 0.6272866612650222
96, 0.9461947437641711
-24, 0.3936705916982588
-27, 0.3915144440886491
70, 0.5448640080807301
-97, 0.9251498710427962
-76, 0.7560345253281294
62, 0.965542299890613
49, 0.009212772531862146
-72, 0.3096098141581355
-26, 0.5256135695122782
-26, 0.3713026154930855
45, 0.649138084027143
89, 0.31307345732950675
-52, 0.19669262944033505
-93, 0.631212270238324
-11, 0.8475939201175815
58, 0.43870593824520543
38, 0.7086342208691652
24, 0.07933168967854187
52, 0.03345810949012029
-7, 0.5410777104142444
-23, 0.303069725181086
85, 0.4168101056424669
-62, 0.6139135351222779
59, 0.64106311227355
-27, 0.7482233827287889
29, 0.043135046168016
-9, 0.9874582602097811
41, 0.04256249236500742
-14, 0.36172623720555874
65, 0.4136973365519
82, 0.8891489793683572
-33, 0.2671548060075487
57, 0.6094148963326382
-61, 0.22232891253613773
-63, 0.6491046743093094
-38, 0.8189525552490862
-51, 0.682363645617512
93, 0.22385790451841403
24, 0.9042933793305705
81, 0.32520786504885024
-36, 0.7261316372824838
44, 0.9989694982142935
-20, 0.3668184737768416
-7, 0.1027482690492858
60, 0.36606165621272846
65, 0.008638193803366834
90, 0.628623332225422
-96, 0.9796581135342489
-31, 0.1018257400343735
95, 0.9518620249321652
-80, 0.11018078258566799
100, 0.5736523200667651
8, 0.24880651765613337
-92, 0.1780368002764181
-24, 0.01693945812818598
-8, 0.7348584658525678
-24, 0.5917843990539129
-52, 0.03991807966223049
-84, 0.24672766244424782
37, 0.596722511907743
-15, 0.6564545529858122
36, 0.20648563367420258
94, 0.14785578639987107
-34, 0.9428899640633225
84, 0.12296039467359765
56, 0.027729155518839588
94, 0.8862090241342883
18, 0.47505992659491125
-1, 0.14213988016635104
-62, 0.922712889268552
9, 0.3695301120308353
53, 0.6589394619461579
50, 0.20692560162515616
-87, 0.07029588985696744
-94, 0.588366907393178
52, 0.5802726019888417
-14, 0.7134632967249185
55, 0.19291486945539593
23, 0.6046161979214323
-17, 0.3193252710065081
-79, 0.2276505398205665
-78, 0.16281940970771447
3, 0.9828242814752988
90, 0.6775547417902259
88, 0.4689018863692098
17, 0.7676897457240184
16, 0.8339829259950693
5, 0.5241911758427619
-38, 0.856777930259929
19, 0.6813803200879404
-7, 0.9137286518648993
-2, 0.10481398595337432
61, 0.8951470210058711
98, 0.5090972825885044
90, 0.21380358222235252
82, 0.5974541450094744
-50, 0.9754790643304416
54, 0.5648389524444025
46, 0.3247896310610294
-25, 0.8865209460039323
46, 0.8724215362348845
35, 0.7323230118186781
-24, 0.8261577493647884
11, 0.7209198971295419
7, 0.1510740832048716
-71, 0.2736203369744773
-6, 0.6402822554848909
-67, 0.9934197965236429
-10, 0.07173608697714517
8, 0.5480444554932158
3, 0.09024249151979868
-80, 0.26401447336468553
-3, 0.15611937496265738
95, 0.8055861506455342
-44, 0.5023909140270016
59, 0.749812828445864
-77, 0.05712149990830162
-11, 0.18771833748505917
59, 0.7556048938959619
45, 0.05354353922550903
95, 0.657816311808295
-9, 0.9307646835123435
-77, 0.4689165509453631
-41, 0.4470470060897501
9, 0.08745850753731166
-41, 0.11626112466341654
4, 0.8426165913712084
-63, 0.3037182815320155
-18, 0.77467939029931
11, 0.017069517745531892
17, 0.9172665379133691
-15, 0.10128975781338356
50, 0.635158544630956
-50, 0.24002394667622984
-48, 0.038148093672111916
48, 0.07783200812107338
35, 0.695383793117638
83, 0.38911109798155885
14, 0.9104524507476898
-60, 0.7610278063451338
-60, 0.13316942908523277
-9, 0.1470969469646013
10, 0.5144929089732035
-61, 0.06101340395178778
49, 0.20660226160599238
-96, 0.8349748538611057
100, 0.20338710230357349
-7, 0.2597076083382148
-23, 0.9772009571634809
-53, 0.3459190446867292
11, 0.5756131450880221
34, 0.28223733003950835
-39, 0.5537569746850328
8, 0.8115242285376654
-42, 0.2633700376119298
-99, 0.6051792980143238
-47, 0.24957802453871447
-100, 0.14017884059454622
34, 0.4465890963239423
5, 0.03879381265063686
59, 0.5796957807136582
5, 0.4917147241983745
73, 0.44390943404752536
-49, 0.36876266995858054
78, 0.3054690916341718
-78, 0.8023720400717429
-7, 0.3665612350450199
50, 0.10683105781821989
-24, 0.9447471287375317
-52, 0.8130675839747408
36, 0.9227721393622382
91, 0.9581812218597746
47, 0.6764194164020406
48, 0.5028368801596335
-85, 0.28853336545583985
-47, 0.44116062727581573
1, 0.5875309204862771
-22, 0.49226415449289396
-39, 0.011916124056792654
48, 0.8946491579386546
-16, 0.6192752466091572
98, 0.9586592856525548
-77, 0.6379737785861974
-24, 0.9732252508931065
-91, 0.8718678926655508
-59, 0.3673536914290202
71, 0.4355269782181863
86, 0.7142741731429735
5, 0.9783797107627192
27, 0.8009212462149289
74, 0.6388381276044502
-90, 0.1574661062208702
-91, 0.5601174167840248
10, 0.33888965078235445
-44, 0.6654709671815224
45, 0.868686881130195
56, 0.8972660340294314
61, 0.43953917133833353
73, 0.7380226736887968
-66, 0.8896994415586654
64, 0.16442220920841788
75, 0.5048599873846786
-73, 0.5170268124800975
-7, 0.2108202393397236
-80, 0.7658187482311929
14, 0.1132771934521043
13, 0.22828714198617128
71, 0.4622899672084888
-71, 0.6100380177809581
-65, 0.34279057161105964
65, 0.5780062424970596
5, 0.26056473191813045
-25, 0.576078711467417
85, 0.14902182427246324
100, 0.014892341765946449
-81, 0.11732774404005197
26, 0.22821544747750844
-26, 0.6368461245962767
86, 0.7125223658955312
46, 0.6790884103744571
33, 0.2828165876454324
-22, 0.3304231501638266
-76, 0.8846775595735308
-91, 0.19254438442591792
95, 0.6924764321134351
18, 0.8290779435727798
-78, 0.8813929901920801
83, 0.729257167281606
-36, 0.1619347222477553
50, 0.6774162724851779
-91, 0.3714679881820562
-3, 0.39400348986572764
7, 0.30754356709106934
-84, 0.8813954869738126
-46, 0.7644059365295532
-61, 0.11034447268223302
-12, 0.8326720904383154
87, 0.13189877469401146
-17, 0.17543369753804905
95, 0.7024955735074656
-89, 0.42856175660339235
56, 0.9220084351542783
56, 0.6133938282452691
-28, 0.7620010251189008
-96, 0.9548144103137841
28, 0.5232060358258704
74, 0.7682013696683345
-19, 0.4663161256396764
95, 0.7338363121222812
100, 0.27929765036022935
13, 0.8167459392831
42, 0.02185915591580312
-25, 0.2131511799687933
-35, 0.6312408267937735
-47, 0.4467577452469973
-68, 0.09527449998245319
56, 0.9305554294705563
-76, 0.5764727560430168
29, 0.09887003150124296
-39, 0.01259529999004394
-89, 0.5926536146349881
-80, 0.5535842757828784
-73, 0.7660890760979178
33, 0.0835018055232084
-62, 0.2190275569087028
-75, 0.4177500468200721
62, 0.8767679394580132
-99, 0.861545356984372
74, 0.7020835283631708
8, 0.9920410360885797
63, 0.24154733004993878
34, 0.9646675718473219
-89, 0.4599689839213067
-34, 0.00610558889239643
25, 0.9575835198194711
-17, 0.9600243733306565
-22, 0.27550440556689815
-62, 0.4743380709559758
53, 0.6984177703714963
-94, 0.7937301298700526
-40, 0.19234729275141205
49, 0.7746667092618462
-24, 0.8848074103428338
-61, 0.31663335454575436
-39, 0.1748005677142529
63, 0.7675400788292023
-6, 0.5341840421823038
66, 0.35545444280507255
-87, 0.5817479452792561
-36, 0.016771522111190373
25, 0.39283390532204654
-80, 0.3448686664087601
-62, 0.4792414911573417
79, 0.5140616023478743
-35, 0.6151704470627368
69, 0.9761119077022203
-16, 0.048239337451093434
-88, 7.008481743098205e-05
75, 0.4084623385646514
-40, 0.47994498319373236
41, 0.0014031049824090314
78, 0.4396624784468187
82, 0.048178429301595216
39, 0.2035741744379822
84, 0.6943301791883305
-23, 0.08869622910756092
-25, 0.07852940245804096
-4, 0.17736667185969357
39, 0.47356468034194754
-42, 0.6078836294169648
27, 0.8060995794468301
-88, 0.6438346163719638
19, 0.7061276063075917
-17, 0.3137875611675287
84, 0.9028483750403588
-24, 0.32862330420452723
-15, 0.47750781975584367
72, 0.08678292135746235
47, 0.6188882658665692
-40, 0.08063257940898172
-59, 0.26777260713409046
63, 0.1350439639998312
-87, 0.15899214486025515
-34, 0.7159201445498299
-22, 0.833585405961942
-98, 0.6495374273237788
-43, 0.8419102947800801
44, 0.8605328497193085
53, 0.2892889350404646
-66, 0.5982419626754767
-14, 0.17265672929839093
22, 0.42866406911326627
98, 0.14876692526617274
64, 0.0029427485524371466
-82, 0.5874557180280012
45, 0.04315306009756126
-94, 0.30341885441613536
8, 0.9496717187023589
-33, 0.2536236099308331
49, 0.8371114006588549
49, 0.4441560297786775
84, 0.7576332584967479
87, 0.2670998839897516
-65, 0.10608284836432857
58, 0.6898857507974687
44, 0.9451372569120612
-65, 0.16073900735615287
83, 0.6999414708451775
-94, 0.6027724062414289
-24, 0.3914598366428055
-90, 0.0001061045804607863
-32, 0.08143185828088895
-84, 0.6992787236918026
87, 0.8673648377176758
-56, 0.9489870291702203
0, 0.3869678661437703
1, 0.7939467980007996
-35, 0.12662453112285876
59, 0.7030667136685094
-17, 0.7176505673433357
-4, 0.49720417800214
8, 0.7226686182652878
-51, 0.704497032231428
-6, 0.03822283776990876
-37, 0.8094802047473829
-94, 0.17688866894516242
53, 0.6199061846508153
3, 0.12127059282496722
-78, 0.3129743452388154
-18, 0.9094619770233247
-44, 0.16212279008527597
9, 0.7747049107542742
19, 0.6368471594597956
-62, 0.23772836512501716
92, 0.39697331139836645
4, 0.7163298929029012
-34, 0.06763848330536082
57, 0.8477730190571815
-82, 0.9201708867396569
-8, 0.6054133635855944
-16, 0.9859451214827523
-30, 0.2729004747386957
34, 0.043924238926736914
32, 0.010592317990682831
69, 0.23421023532746055
-86, 0.062333217673647856
12, 0.8928514838467395
5, 0.4795773141929126
32, 0.8776950357333466
87, 0.6443177949444858
-33, 0.6800408855938183
6, 0.07724562804052315
-82, 0.24986242441894535
-60, 0.7302902346567572
-83, 0.9890410567308429
50, 0.5370645700270389
59, 0.5323661520873393
-24, 0.7844583020608557
6, 0.6578431903614486
32, 0.9173124433187909
40, 0.3452462387458156
70, 0.9928114959189792
72, 0.5068145956533181
77, 0.9704282502756496
37, 0.9255182196376874
-41, 0.45896210674213966
43, 0.044124988908682106
-67, 0.05083325670171601
12, 0.4975976322821063
86, 0.35536988283377813
-53, 0.981630027065837
96, 0.8039995212476333
26, 0.029319218064568053
20, 0.11410236954743802
22, 0.5046893519128222
95, 0.9790892391653369
29, 0.1638123880092207
-18, 0.9571546012530182
-20, 0.5860248031077263
-44, 0.03921743967063229
-3, 0.5671080767340216
-10, 0.17699030275611916
-54, 0.17736225632758673
58, 0.31021268270517466
17, 0.2844955402037679
-20, 0.7413521655912717
-40, 0.2608401180683212
12, 0.15327269036379487
73, 0.630404656829622
-61, 0.7496704673771305
-49, 0.9900022234424921
-66, 0.2653686871344966
77, 0.3141855056053715
-67, 0.9818989693607559
41, 0.7610726513597796
-19, 0.2796831023243048
19, 0.129099222505477
-20, 0.28869920828767914
25, 0.5922151914982319
-85, 0.692764557720055
-16, 0.2737822612139187
-9, 0.9407764320450168
-55, 0.16411875229104544
-52, 0.6740283949321938
-35, 0.6827216524185444
98, 0.21897638506215844
100, 0.1609830673895234
-21, 0.9136243634710394
-36, 0.6183426562513953
89, 0.7412624570551641
-52, 0.026921975318864422
19, 0.6273835407946297
67, 0.35129674011090084
75, 0.5276622967428943
-31, 0.5109536447652178
48, 0.9208646258745204
55, 0.9742910455805252
-100, 0.42718630255557943
35, 0.018489703164590754
72, 0.676123821087464
28, 0.7022697864179506
-30, 0.5109909303311819
-16, 0.24131453812076442
-21, 0.8842565785676822
96, 0.7843794722447923
54, 0.05671396566023357
68, 0.7515050474246765
-74, 0.24967849176924717
-91, 0.24993411033601354
60, 0.20776416028563438
52, 0.7829487664084871
-2, 0.8755622076549301
67, 0.39833080845090696
-7, 0.3787431606123671
69, 0.5206381187298675
-91, 0.4175273678469489
70, 0.3012783489645684
-7, 0.7427339597595641
87, 0.2568450658839949
48, 0.7591069867733489
-90, 0.8523095740213187
11, 0.9490300570415947
-55, 0.5318646769289235
-81, 0.2363167106020787
-20, 0.601298902216803
98, 0.599925354619876
-93, 0.7869711188875801
-37, 0.9259996246342292
100, 0.5428404604573647
-96, 0.4922373048961902
89, 0.08240225320174
58, 0.16620839353445171
-71, 0.9012371493013773
0, 0.2832970192308025
44, 0.7565342825202618
60, 0.3677586420339036
-44, 0.1959149316963189
-71, 0.9332020799057816
-67, 0.7564325394165514
86, 0.6235552724914462
-69, 0.5877528785335783
94, 0.2785166812418477
27, 0.9111188028789254
-28, 0.2190086924871959
-59, 0.183568610698981
19, 0.8613924655351197
55, 0.09708368444778515
10, 0.8735844509545101
-40, 0.8165908966929111
47, 0.41635586128698243
-28, 0.14427158698848674
-70, 0.29374223984680636
23, 0.37469999801584886
-97, 0.12153232016777016
-62, 0.6557611766847272
-20, 0.9526989252740041
24, 0.8922385517379675
-32, 0.7262854557917554
15, 0.3769317023377913
-42, 0.3517413042558455
85, 0.06545323248808876
48, 0.6773504546171851
52, 0.15441864958076457
7, 0.5373991274603669
79, 0.01716458451061531
13, 0.8263362878549962
-85, 0.3529130465836917
-43, 0.7825844435626831
60, 0.464355175595888
42, 0.05127156797757715
84, 0.9237833833844428
94, 0.3574922257579024
-9, 0.7597521654323863
56, 0.9240464793288004
-54, 0.5081412822797106
-24, 0.17756483011794022
-54, 0.5358546407881477
-11, 0.17845950433997881
-14, 0.7541189216787221
-38, 0.3017328416806909
70, 0.21854360889204605
-25, 0.046351906448257374
4, 0.7835090892391635
61, 0.703839786924319
87, 0.5105227067012379
-3, 0.25349666515605707
69, 0.7040734472537685
-30, 0.46809783768682156
41, 0.7036324822606315
-51, 0.3063511665386037
-48, 0.22692608864183594
53, 0.1419218518650197
-22, 0.17026185450246445
-50, 0.5083220006670659
-34, 0.9555029585259897
6, 0.7995434408585885
-37, 0.7615869102340157
-70, 0.3983570357803865
-39, 0.7760234420910184
71, 0.5027954382054851
-37, 0.11334346960392017
18, 0.3764385269368802
9, 0.025079511783430708
-14, 0.19709443444404728
-100, 0.6030291751016762
-46, 0.6078361958004114
83, 0.9168863850874516
-34, 0.8464598235467555
-74, 0.5572667854572229
24, 0.23532509217055642
6, 0.43009083725235153
-1, 0.07440978516417929
-93, 0.18257414018676277
-60, 0.32296444806957636
-83, 0.362258806978341
-37, 0.5413281509602356
-58, 0.4116204721423252
39, 0.44546308347285557
-70, 0.10948471947490013
11, 0.8944258616090154
88, 0.3732193005410003
6, 0.2677515489055371
73, 0.46064130094458433
28, 0.866235825405819
-52, 0.8247453845246615
17, 0.8305180520397946
-36, 0.3916729076365911
-31, 0.27867866999364477
-42, 0.5324890288881997
56, 0.7787617257836623
-22, 0.33246918082561694
-96, 0.02830584239130629
83, 0.022807077907596174
-5, 0.05318514766623894
95, 0.6592526536999543
33, 0.47645430964399116
27, 0.47098693962682514
-9, 0.055395163359794664
18, 0.005210775360468212
-81, 0.6448080742317048
91, 0.6038358895681898
21, 0.7556731368189376
-30, 0.6955222823623217
64, 0.7814621887307979
63, 0.4334449266173751
-20, 0.38227957198917983
-25, 0.13917498363487035
-16, 0.04553745530261366
-24, 0.9994906733893075
-8, 0.9687601609509354
45, 0.8488445812540701
-6, 0.025540091308793422
-22, 0.9131302913363302
84, 0.5972301996718894
89, 0.18419877329082457
-74, 0.15607769501152802
-51, 0.8788113364582889
-15, 0.12511488735333964
40, 0.7404384231456411
-84, 0.28939955800663897
96, 0.34424005046494865
-43, 0.4040767115339384
59, 0.22745137754605305
34, 0.42484150160485434
-5, 0.5452519769723126
-84, 0.40674602798198856
-13, 0.516428418136469
-26, 0.32896766048982296
89, 0.3514744450855348
-44, 0.6107426160637088
-36, 0.5716254603153066
-78, 0.23971444025968258
-67, 0.13943947585335503
88, 0.5517530763353433
26, 0.4438516667471809
39, 0.3282611212223858
95, 0.4334221291154806
44, 0.3874021105518912
-73, 0.8237611493535606
-25, 0.37272282685232316
47, 0.6331503914215874
74, 0.9275894938031283
-75, 0.6011225028323639
71, 0.07294375840651823
14, 0.6035812462896006
31, 0.32750329866341443
65, 0.3269521256831398
-29, 0.9762495571664154
-82, 0.27968131912018823
-11, 0.09296818253062422
-95, 0.6752180336329309
-40, 0.4168663852140836
17, 0.5188661032158939
-47, 0.7465643887946299
48, 0.9377130963833669
-39, 0.9508461559418412
49, 0.6992970184091786
-45, 0.6947039566961978
-87, 0.5196418947669303
50, 0.9595197982511382
-91, 0.5619421832867014
-14, 0.4001167094328423
-97, 0.6207202854980004
-83, 0.6389238107969606
79, 0.06291390744942094
20, 0.46486192998239695
5, 0.7141794237156571
-1, 0.30526477744447844
-60, 0.026697836467181824
-25, 0.07101194513835019
-79, 0.08686375236850452
100, 0.5374035260413781
29, 0.40879377070996004
-24, 0.6873405435580607
87, 0.8709814823161832
-92, 0.18796344958957212
53, 0.3855283409728577
-64, 0.6796707048655645
20, 0.23179135263634765
84, 0.02354530930067944
88, 0.8544167861568861
-83, 0.6210667236159773
27, 0.7613332256521863
33, 0.7403134762983592
-96, 0.3960794585569559
-28, 0.13088055629835538
81, 0.09697330075411781
61, 0.9285677477833599
-1, 0.5674292946999885
-59, 0.17083204737556967
-70, 0.0963993502531375
-53, 0.8866306110953571
-4, 0.9920319924962857
-71, 0.33437423552075973
-27, 0.12796930580325772
-78, 0.9976664225348891
65, 0.5893780340599732
-34, 0.49761634418198275
81, 0.4479062861701907
-65, 0.7661642716396754
4, 0.8316629210777943
-32, 0.23144815482643333
6, 0.06645331469832283
43, 0.5536257181338421
-84, 0.4216893504190038
-74, 0.6442187864497778
3, 0.3600775156127073
0, 0.08638728352511016
18, 0.4959212268441032
-23, 0.08165514136059904
-81, 0.16177102523979614
-19, 0.22513521483263643
47, 0.10819844898925202
-10, 0.3590702721720268
-32, 0.7593635793321056
47, 0.9998762352820774
58, 0.015025435781955365
13, 0.08099924811574277
-27, 0.5232651340268538
58, 0.5416629769845213
-5, 0.18014208575695645
-5, 0.13867617352611872
0, 0.26418894912955104
13, 0.07841254544686072
24, 0.19637082379420423
98, 0.18869064474570307
-23, 0.9203312612810874
53, 0.9148578734041157
8, 0.6208603238829953
27, 0.7658838102893927
-41, 0.7876293935052235
-72, 0.8538112937613817
85, 0.0192726677890932
75, 0.258630436801245
86, 0.6129285736683009
-11, 0.6827038166938479
-82, 0.8371396777025294
-33, 0.8189531560969769
51, 0.20475581565915235
20, 0.06776189193234916
76, 0.07917742890163415
-5, 0.12879198014372262
48, 0.6271880008811207
-19, 0.11395706588312438
-28, 0.22503142888104943
-29, 0.39762714072828864
-86, 0.049876783447562634
23, 0.9307149272747293
-21, 0.08484294318663643
-67, 0.1231857431845017
-96, 0.04841830721862528
30, 0.5280731122544885
50, 0.2582457984240085
50, 0.8261204215485518
58, 0.08768407290276325
-51, 0.3199923241230128
28, 0.24105464290244483
-88, 0.9133257450528596
79, 0.05755915221162644
48, 0.024679391112292004
-16, 0.8447139179805566
-1, 0.9538549971164303
30, 0.5098744604327541
-46, 0.854417028240253
-11, 0.6971511573660292
-40, 0.018374692415674798
80, 0.8862689151032468
14, 0.8424685036107376
28, 0.9529386671914339
-51, 0.5643670862595562
47, 0.1967293574667679
-80, 0.37000361749028277
-43, 0.09758601623529739
-55, 0.1907331007770786
-95, 0.7972085885283033
55, 0.4486555396610077
-95, 0.30440687871232985
-27, 0.2804700688940184
77, 0.8974564002847178
99, 0.3227967805130838
-89, 0.9701002083488952
11, 0.21257626153455034
-3, 0.7548309112979626
-21, 0.06013571364069359
-55, 0.381227444969489
51, 0.44844621779403326
4, 0.16842222455816946
-27, 0.7158286400631206
72, 0.0029001595379005707
-41, 0.9677686973159718
-37, 0.678018099021321
-37, 0.3248065240835124
-74, 0.9438811097810412
-86, 0.13787124969442666
44, 0.2791589116222102
-17, 0.12298240010842931
-30, 0.6626839900047461
-18, 0.11661798551103253
11, 0.2188857192636442
60, 0.9497947714149422
10, 0.21341650365276377
14, 0.8191769353036953
88, 0.487321323112188
67, 0.08762482737742361
-77, 0.11467643027484187
-86, 0.4685711006547889
-51, 0.1641250189753819
31, 0.903211007127471
-91, 0.5928054444138607
62, 0.21913242605863503
-48, 0.6463468445700007
-62, 0.8239149959467793
93, 0.465487071037619
-89, 0.7005220707254749
-96, 0.6727005572552437
-71, 0.8551851709559535
-51, 0.43216268519489764
93, 0.3450637736289157
-99, 0.9341659646331499
-49, 0.7444248383254367
82, 0.1695167982148046
-56, 0.7617310666628908
93, 0.15600404464872208
-18, 0.8581459598255425
-35, 0.9620969289459151
-78, 0.981048426762013
79, 0.3120086726132817
86, 0.6630866302935832
24, 0.8126891372735866
-100, 0.2646562741666013
-72, 0.7977391016461164
10, 0.015145719332335772
7, 0.7447821718012747
-12, 0.6096674900561724
-27, 0.3658009176001965
89, 0.6511574376089971
-10, 0.7270745612268465
88, 0.019781732713393008
-55, 0.8851315881596207
-75, 0.8009890028015392
42, 0.3246124276210032
81, 0.5891810446755896
-40, 0.580549405310897
-11, 0.26297370899969585
-85, 0.8905581355643171
-4, 0.7213558458218127
90, 0.2051732610778192
-93, 0.5796261340115194
100, 0.5717314789330319
51, 0.20294786892117356
86, 0.36044294192198867
-3, 0.09820515681298603
100, 0.7818987267222474
-1, 0.4949600841654629
-6, 0.15681222518602234
-46, 0.31419748601735487
74, 0.38557093570658096
-11, 0.45138175268865843
90, 0.7455080886663764
-90, 0.28453112899274624
1, 0.7624918462859169
98, 0.6428775735577785
-37, 0.2959799612497944
79, 0.9210916838371783
64, 0.7801524900382067
42, 0.40753355250242074
-62, 0.8765923309622068
-98, 0.7228927557518474
82, 0.3197944513610651
4, 0.19092967868493427
-72, 0.9947112783683021
-4, 0.9147213878519372
34, 0.200870439772316
-70, 0.3771881211569682
83, 0.23062302758214304
93, 0.8203385520343542
28, 0.4129777297752505
51, 0.6383263290717145
-7, 0.7031490320584307
57, 0.5291756919876869
-55, 0.8011721361797542
-2, 0.31666087197257997
-93, 0.4237729460604256
-22, 0.566405945629885
-58, 0.6730914743325435
84, 0.40128646887432384
-74, 0.7054713663267298
-32, 0.9481215289364373
89, 0.9497767000774365
-69, 0.3427894406543637
-20, 0.6808052145498702
2, 0.9771946066957963
56, 0.7289437183831685
-15, 0.10125436717485514
-57, 0.47815211234508437
25, 0.5286137526849517
-86, 0.633506126542194
-84, 0.924608042189835
92, 0.44910333722198503
35, 0.11999025129342389
-1, 0.6937665875948678
82, 0.7059722768922673
76, 0.7968612301859789
93, 0.44650734245448165
-98, 0.9085047471397197
-41, 0.4928322511249116
68, 0.10700959224218065
-74, 0.9105450212165297
-33, 0.7046541376682948
-84, 0.3498020229781672
-81, 0.9336154356595258
85, 0.7798161089133244
-3, 0.13087256948299142
98, 0.030452211874509527
13, 0.02921841917457635
-90, 0.025243457323402718
-2, 0.7827795368197289
-53, 0.6310484197506929
-26, 0.03641634111604841
-24, 0.44724881768057045
99, 0.4634882199441912
-97, 0.004882044357151782
39, 0.903183019686546
-11, 0.48523559936623817
-26, 0.3415382071372488
-72, 0.42041119358493095
-19, 0.21308916732165173
-86, 0.8716994855238857
-54, 0.6031870573000042
77, 0.8796352681314866
-41, 0.5998071494558477
11, 0.15834584711716448
-56, 0.13023227328933284
-94, 0.8680512509759539
-64, 0.4979425732108054
-97, 0.9599410859892558
-66, 0.5157449737163396
-88, 0.417200950413386
-45, 0.679935252238873
94, 0.26163479696032543
98, 0.010298845035478177
96, 0.6402835823144987
45, 0.6633088949869315
97, 0.9608355828983083
-73, 0.20579703969679708
-96, 0.6243570915086656
-13, 0.17274806881834825
24, 0.7788078345051593
54, 0.1492895796364283
-26, 0.701097348760596
41, 0.24892119461138118
31, 0.8058659563355364
-90, 0.8579490664360342
-57, 0.8165461309370511
-22, 0.5131489538973338
-26, 0.4701259023875023
-74, 0.35580256314038217
-34, 0.7486951172362661
-35, 0.5256869465981265
-14, 0.4525292801856222
-57, 0.1910679982330613
7, 0.22329176698439968
-46, 0.11434983627762063
-30, 0.3403885738793885
57, 0.7174898451835392
37, 0.47049190046383826
57, 0.8635660676643667
-71, 0.42341416150737243
35, 0.375813722813634
22, 0.8372914635800606
70, 0.060067027906958836
19, 0.9208183012619123
-18, 0.15096042114116326
-65, 0.48410330410334657
-6, 0.3469902312656499
-69, 0.1617644617848999
-87, 0.5551383656096928
14, 0.3527982764541091
-74, 0.5595173605402832
97, 0.7236822717637933
72, 0.3711370259200286
-11, 0.9231577092126194
3, 0.9100200495745517
66, 0.408217044949473
-27, 0.3916307629328355
23, 0.6848397335944385
-34, 0.08188737764817877
61, 0.9095449913245576
-41, 0.4224280010000073
-76, 0.8644564762668436
-9, 0.7810951194947678
-64, 0.890671540974399
48, 0.7287719260338791
81, 0.96332789252906
38, 0.08107190881191229
-64, 0.3984038718218057
70, 0.13681399852349152
-13, 0.38577009748310553
28, 0.6675791148791445
-94, 0.43023818196216457
13, 0.27920136570550425
-6, 0.8258948148852705
-45, 0.036958761056325895
-49, 0.776687937316592
38, 0.2307975753978584
38, 0.5937388298293731
77, 0.5126855519999277
-69, 0.11283772382540513
85, 0.15217696012458048
15, 0.5481066603738305
55, 0.7989226429428224
-77, 0.23819441879639158
41, 0.5025239027719702
-23, 0.6793164581628687
-18, 0.12355537426370777
-85, 0.8818880594985368
-44, 0.139815935405466
24, 0.5743305779067925
-10, 0.10824922168972939
62, 0.3059825785077205
-26, 0.23068040228822428
3, 0.4150019707502801
-58, 0.43815687777179435
-13, 0.8158762387918647
-67, 0.23552991984365468
58, 0.10987037701850844
-13, 0.32379177835149764
-20, 0.9546094547647106
-62, 0.06016088301300326
-85, 0.18290441371948063
14, 0.850581092880203
50, 0.7700731915301795
5, 0.36458280508102436
-58, 0.9161418056158088
100, 0.12152543661499504
8, 0.8570290381327539
84, 0.3125931728050597
-9, 0.16925477080572016
-98, 0.507118373516485
-80, 0.38531646966408817
-35, 0.684908982272071
100, 0.44832843884023843
26, 0.31924744158997587
-37, 0.25990004903979846
39, 0.12209806368085585
3, 0.8181532772411468
-68, 0.8890510959891376
26, 0.8538299837874864
-23, 0.5931125694234209
47, 0.4828105235717609
13, 0.2981611103903161
79, 0.16972254056947722
60, 0.4306858617763425
7, 0.977081940706047
-42, 0.6976810104293077
-63, 0.8443134395465671
59, 0.06669085435949007
-10, 0.8528400566375408
-85, 0.6559159303352794
81, 0.2956958484069704
-26, 0.28486418897214594
14, 0.2196037231534761
-50, 0.9822038214447536
-74, 0.2548630213123414
-73, 0.3292527417910671
-29, 0.641334916021239
96, 0.5781935302415021
-99, 0.5251184851717037
55, 0.30121522414676827
-5, 0.7965621809090466
-6, 0.5723900840757158
1, 0.6897353734612212
-90, 0.03532193745675405
-73, 0.6431527962513408
-23, 0.2896318197172655
-47, 0.5130438122106786
24, 0.9421289320415153
-33, 0.6853576573045531
58, 0.7636013858331149
-6, 0.9394009393131323
3, 0.08214467342281573
31, 0.45932877024821916
100, 0.1295161452627246
-29, 0.27130057529599183
14, 0.39903509175577656
-78, 0.8468925058926143
-33, 0.673491736459871
-15, 0.008088677099620134
30, 0.17382370927249025
-55, 0.9682624625781755
-49, 0.8056618263436831
-36, 0.3456768495197713
0, 0.6768268808496286
-1, 0.7060233769629166
-30, 0.34278977965526836
57, 0.9994190768910666
9, 0.12601139122564753
-46, 0.8998538622053553
10, 0.6767362091064599
-93, 0.3445490725334397
43, 0.6352079761040724
-31, 0.9112803519764123
-74, 0.7533084759777663
69, 0.5430270404752232
-40, 0.21303957576651922
100, 0.822044190427031
70, 0.3496240250018796
43, 0.992691870261179
-20, 0.30732796343458735
-90, 0.4314036960047529
43, 0.7834712294639214
46, 0.5319882724879641
-5, 0.4428353907143132
80, 0.8500309691226776
92, 0.07242267095127541
63, 0.6427834815567778
-56, 0.8225421066352622
-68, 0.5119505632081915
26, 0.4348144259279094
-41, 0.8706367162945161
-12, 0.2758896771176008
-32, 0.9890327869925543
48, 0.5839220109947233
-97, 0.9035080689318563
20, 0.26617970225571885
45, 0.6237881975841224
-38, 0.7538104659430396
37, 0.09247736159409203
7, 0.7896208150610369
-27, 0.7368862820835114
58, 0.19951509598830597
-7, 0.0042146106812381845
-35, 0.06176859388206424
66, 0.3606282127800843
-87, 0.23242743873299465
92, 0.6011929551321655
74, 0.8701792154313364
39, 0.5380304065872343
97, 0.3058166098021784
-50, 0.7657275740818089
7, 0.5822738377078119
92, 0.8215306212510828
-37, 0.6796128997871912
-80, 0.955682212118458
2, 0.33691204446700895
59, 0.7807214626109139
28, 0.0729260674337533
-51, 0.00940236996227406
38, 0.8461505862469806
-95, 0.6481222352641635
100, 0.6923053856033402
-24, 0.6765255922105013
80, 0.16712241767840885
8, 0.6593005931650686
-12, 0.9590792092716038
4, 0.28790120806549535
55, 0.5843080533669295
-43, 0.09807915155966795
27, 0.010254277885183627
-32, 0.7214212401056919
-70, 0.6708321334586907
97, 0.5570390461407481
-4, 0.10839278960698673
-92, 0.272902749117498
-1, 0.8465992664786793
92, 0.40880857882554755
56, 0.3715138640567853
-75, 0.6633558981104686
28, 0.1883867203812658
64, 0.5981742692431254
24, 0.37325098890327835
29, 0.4991620203803947
43, 0.6727348988854259
92, 0.5550343289550167
44, 0.5306085866592815
-62, 0.8527488719217506
36, 0.2883647683347731
-90, 0.8562754330626814
-28, 0.48599310310490285
35, 0.8098309159102892
-54, 0.6497764620523991
48, 0.9317895496247939
84, 0.6876082431125285
78, 0.44459897569394846
59, 0.8742687295895541
86, 0.5775167282693152
68, 0.545654706778177
79, 0.9808770220710292
7, 0.7998926746046053
18, 0.8116345661980485
37, 0.9103670302347807
-82, 0.8753113125958882
-91, 0.19215774283251996
59, 0.4202238168193201
-11, 0.16715477560320446
62, 0.9568941025459227
-14, 0.3381109696640211
93, 0.5765581742280038
-10, 0.7112067595138267
54, 0.5449580046758684
40, 0.819728173387874
-13, 0.5112409711787655
-46, 0.31139971399395017
91, 0.4933460506068399
52, 0.524316418691027
34, 0.03721833488133619
-74, 0.8529054894287513
85, 0.4781659270959103
21, 0.008576005891121397
57, 0.7642724993896723
14, 0.12982532003179925
36, 0.4700057443198654
42, 0.8004174538869124
20, 0.02901536568475427
21, 0.8958193282666419
-15, 0.7564545870618414
-80, 0.15977425268283063
14, 0.4061789900622771
71, 0.5921443630726277
-61, 0.8334476723823477
83, 0.15790027707444854
6, 0.5179350246717316
86, 0.6288606211628227
65, 0.8905388550183182
-47, 0.9330143975457869
26, 0.008006473339582154
76, 0.06659102473077305
-83, 0.3308459049024468
51, 0.41241376439543564
-66, 0.4699925633294644
15, 0.8353600454138825
-42, 0.48522609396802985
44, 0.5363145015338533
93, 0.36103545383136404
31, 0.4813897951324583
47, 0.2547033795392243
29, 0.7060603184728922
45, 0.2979302670486491
-87, 0.3656555179477714
-6, 0.8144299560275386
60, 0.8806203708246879
79, 0.1646786987020652
31, 0.6341311220750797
14, 0.43454220525610066
-23, 0.5291071915710293
-26, 0.6837208538867714
78, 0.04501918255491144
99, 0.6003978757143674
-81, 0.4655134701621422
-37, 0.7834054755582525
-83, 0.09177416852653486
-90, 0.1134001729919758
-59, 0.23250500400563223
92, 0.708688095393016
82, 0.6704067492547203
-74, 0.855392379020587
30, 0.5283764448628774
-13, 0.591226888077334
-57, 0.46276342672980086
-36, 0.6872612490628055
-100, 0.9809952622455829
5, 0.04268920205962534
-3, 0.3222554462139845
44, 0.91494513603605
92, 0.2534180661671117
75, 0.1911709961281005
92, 0.15915059406243504
44, 0.5346417125754094
87, 0.9186594076590748
-61, 0.8965180730861426
-26, 0.296079745876183
-100, 0.8517550866685842
15, 0.3401189234944906
68, 0.6686853435368267
-14, 0.9564285729741543
44, 0.6829446046865749
-52, 0.22186767317638945
-61, 0.027092847441716472
-50, 0.6045553486624581
-73, 0.20607429052796866
12, 0.9499326457962198
57, 0.022786750722846194
-80, 0.20900522172263847
75, 0.9347466893817771
89, 0.8984440097693901
-67, 0.7635724194379258
26, 0.7267793211204576
-26, 0.9358885351666139
8, 0.43196127693805353
-78, 0.009011141369900999
31, 0.48514843373678906
-78, 0.9284700911040555
-37, 0.5635515808931016
-88, 0.2408042580487152
48, 0.6986618191222684
-64, 0.6962877798099828
-57, 0.3541006993524025
-20, 0.7878934696336156
-80, 0.42143090566844965
69, 0.1830021315357805
-92, 0.09830553163225142
-86, 0.9636782559946382
-100, 0.596169828646411
-4, 0.1830547284408558
19, 0.5795377434405125
-10, 0.11212269355209015
-67, 0.5119125206887206
47, 0.9162665681798379
-53, 0.12071919032010325
10, 0.814217479144043
63, 0.9487089684819922
45, 0.8268453401171321
-54, 0.8898824523829354
-69, 0.22063086437384782
-44, 0.771601591260633
-73, 0.8215612421983112
30, 0.2178103174887639
45, 0.7657782840063149
98, 0.26850166946457543
-49, 0.1127027610764163
87, 0.008386087617223925
41, 0.5828714580662668
67, 0.34374485599475857
37, 0.8241829957274919
-5, 0.4207869499220781
-69, 0.918330443607457
-54, 0.3432719015670801
-33, 0.49391059179387775
53, 0.7419986355229795
-6, 0.660513854001984
-5, 0.2515116913841361
0, 0.5109403954943798
-68, 0.15368304108410236
-3, 0.46223743975705567
-84, 0.5516454363198143
88, 0.35062530636990774
-2, 0.9753723571057772
40, 0.08689329460837203
-31, 0.8035967261650763
-96, 0.41936235515457077
73, 0.46602837654927187
-33, 0.06080781930803347
74, 0.15362134466528832
81, 0.1765902173989542
-30, 0.861136045491142
-11, 0.908369911687046
-21, 0.6160066947417738
-73, 0.09061195145081802
-8, 0.8043023886597532
-36, 0.036925891433501
-48, 0.8098846235274465
47, 0.6572020035520174
61, 0.6760691602948828
34, 0.9023671916356016
61, 0.46840038053614597
70, 0.506050737137525
52, 0.5953642891080193
18, 0.8122546956271114
-73, 0.26664191211437716
2, 0.537266357466707
89, 0.52758054485694
-83, 0.8485662259862415
34, 0.7921761836035481
-70, 0.7271461844521844
-30, 0.6429686974041104
60, 0.15708533737798436
54, 0.7784749632497837
87, 0.6559610134701436
30, 0.03552223293431522
19, 0.5281973871798941
71, 0.3993614390364968
-71, 0.6752180066432191
46, 0.17683416021966802
-64, 0.5850716572641436
32, 0.19640085450645883
36, 0.5370408670853679
93, 0.9879555690720956
78, 0.464475696158138
54, 0.5018792064458301
-6, 0.7871322755685775
-73, 0.7433689423126085
-55, 0.8252307948954886
-38, 0.5821208399977695
29, 0.051369033789373963
-27, 0.7170188883927491
27, 0.7338417757901324
60, 0.264586505829557
43, 0.7222217642605742
8, 0.15570645598767863
-56, 0.7469304038326765
76, 0.7441508966409913
-9, 0.19730807915043858
-89, 0.6679379349656263
-36, 0.688690246477069
38, 0.25827584829917083
-62, 0.02529142141790608
69, 0.08660367447173412
-90, 0.1701269853778633
-100, 0.5301589530507789
-73, 0.5925036995119376
79, 0.04073777396876754
13, 0.8714859689457789
35, 0.05300149925397046
-70, 0.477148416864575
27, 0.9753766098059133
95, 0.9348549884486864
-40, 0.969650444090431
57, 0.19556543662394643
42, 0.09577452324508007
49, 0.502836156654036
8, 0.3929843764725892
-90, 0.62827556901742
-16, 0.4976183218566924
-1, 0.4605268002841152
79, 0.949106668861535
-99, 0.5120387598803119
11, 0.9226091876582504
-42, 0.022691741434116564
-43, 0.5279506531919499
-49, 0.7293796237702582
-8, 0.7308144487273658
53, 0.42010413607079367
33, 0.8945774430909151
-8, 0.5455173370597473
-53, 0.6107308186587919
-43, 0.0076507634326736795
-63, 0.06469419633559947
-34, 0.8349278453442918
-70, 0.288258214987568
-49, 0.37269520153964997
-20, 0.3654410684284314
60, 0.15048456662712284
35, 0.982749877362848
-64, 0.7224806475777635
-42, 0.12131558062107284
-59, 0.3374176098974746
90, 0.5588095232645535
-65, 0.997988092097737
-20, 0.18782898791285707
82, 0.14768998749404472
30, 0.7955363559972776
-65, 0.39211974735784016
-49, 0.4737531934396708
85, 0.5981367778734887
45, 0.8029878341424347
13, 0.981224078688612
-13, 0.29226539391145334
-54, 0.8098276329874393
6, 0.9224505014600125
31, 0.024521634625770505
-89, 0.6655339623907793
-68, 0.16148121421549644
73, 0.6674312891252513
-98, 0.6621334995347006
-32, 0.5659137522552956
-20, 0.2805449888919901
-64, 0.02324733962778336
69, 0.8394770046039086
79, 0.41069747920329414
53, 0.5760068580425991
-84, 0.24711197806716756
-65, 0.3696011821896472
-69, 0.007836512789445194
-43, 0.7953759017898289
-58, 0.18974198742430615
100, 0.19083744871211294
-59, 0.6213229907597236
-91, 0.07894399688861498
-34, 0.04820717180399825
-35, 0.1551234186822792
-44, 0.9444136698288288
59, 0.9812056903845597
-30, 0.7183621104930336
-48, 0.5553016974351385
59, 0.70549363866301
87, 0.7270596015931937
-93, 0.32644565484133325
47, 0.5317598624240782
-3, 0.8601441077918794
53, 0.6779970810018124
-9, 0.9241923870679002
-98, 0.32348975193988805
-58, 0.8538345837509185
-37, 0.6048525447387519
22, 0.09816791669531788
-21, 0.9765009565904802
-42, 0.8911020673864408
25, 0.6469225891887367
-20, 0.7808957734619841
-81, 0.20415006348170472
-74, 0.4734839013079245
-91, 0.5730388145817011
13, 0.8340139456434807
97, 0.8812193281243758
64, 0.08421206747081533
-96, 0.6682146130637694
-22, 0.3902811012717117
87, 0.7555283899958686
60, 0.22144711930376493
-8, 0.3160653381910036
-90, 0.3989016868670687
-5, 0.5247531760398648
-19, 0.3347122244612769
62, 0.6612285685550768
-89, 0.40765752169114
-64, 0.468253142198072
-34, 0.5468604418925094
-17, 0.44994443231527637
-96, 0.17889188171548132
-79, 0.5892681679159909
69, 0.3077249647880209
-18, 0.9514120681612445
22, 0.4270612980279265
-28, 0.9085198234487512
-11, 0.9708823501203205
74, 0.07733304304748279
21, 0.056870051929636234
4, 0.6971920641355485
-32, 0.8172728678135248
-2, 0.5240082360805252
6, 0.4224996863689887
3, 0.6618322987099469
77, 0.01286414304998118
-58, 0.7948364531565798
72, 0.6410071114972975
60, 0.2048824097834553
18, 0.505333788256047
73, 0.15336989461192752
3, 0.9162555833433382
-23, 0.2070150337219232
80, 0.08250043134859697
-79, 0.23957475120120786
67, 0.5699508588702422
-33, 0.792878836449988
62100