3300
23, 0.6387510505691466
98, 0.8694127425291558
93, 0.30996720063915395
80, 0.6410540572899365
75, 0.9621393340076569
-79, 0.5404294438683416
41, 0.7727551503638745
-98, 0.18498969925137954
5, 0.30773492509892864
73, 0.7331822758444259
-45, 0.7697223349973578
-13, 0.36479712114029783
20, 0.6273627957908255
-79, 0.34319152394103536
22, 0.09737883637088696
80, 0.6468969818917284
-58, 0.7597441396293957
29, 0.5241994301740143
100, 0.38878224116904947
-70, 0.5417193064522252
68, 0.7854656494657303
97, 0.844756991454876
-32, 0.09561794091374565
-42, 0.4457638663282256
52, 0.02194187566536343
9, 0.8605755390567867
97, 0.22286739096044472
36, 0.6100366503906205
-31, 0.5570079037070117
-69, 0.19927496402090494
3, 0.45442801305197256
86, 0.5871134261015178
91, 0.23488061633265922
-49, 0.4912100958530152
90, 0.969385665028372
-42, 0.3625172258829733
-25, 0.3139799052327863
-73, 0.4158541107611836
30, 0.1359271822046808
-14, 0.4564133906021912
55, 0.7634012112345849
-34, 0.31389291102109207
85, 0.19391854643962214
-87, 0.4476650033291615
80, 0.7441874904807949
27, 0.16949360991936202
29, 0.8362926555417458
-78, 0.6422413488459664
-98, 0.4381398285200355
0, 0.9933895478068717
67, 0.015524835058902231
26, 0.10961610062552929
20, 0.43538461487623104
5, 0.6230325411759394
18, 0.6564454389014714
-50, 0.9073403759196367
57, 0.8813190631767708
3, 0.41455504185197245
80, 0.7260679516884854
-54, 0.1339001929550785
-47, 0.8937630861620297
67, 0.8780154105635337
46, 0.9190080399557565
89, 0.6956326302337805
-58, 0.297027063035216
55, 0.5170792061904115
-61, 0.11846880356804779
50, 0.4717751990643604
-56, 0.997033941357452
100, 0.23691593329586957
48, 0.9938503781579685
15, 0.7541616138581786
-71, 0.5424452193483018
17, 0.21947332464322555
-55, 0.4372909595597889
-29, 0.08202145113878678
-7, 0.8072345507146862
-42, 0.1536025591928828
-36, 0.49123361209265515
-8, 0.34713400238945724
-83, 0.8097327313755812
94, 0.4064955078776772
9, 0.929541222059743
-93, 0.31570998130136596
-96, 0.20295297356933906
-16, 0.749939242278805
-48, 0.5579642677928934
-89, 0.7371492941465926
-63, 0.8318660492834095
-98, 0.2961614498617985
-54, 0.10507999011022717
-71, 0.2921847270142527
-63, 0.8064712300750804
-4, 0.47286770375362364
75, 0.08454235975468105
95, 0.18697870572254982
-96, 0.3914409463168802
0, 0.8441626703722468
15, 0.9662540010161718
-59, 0.3805508896223869
96, 0.18528286744824518
82, 0.3921195637759496
97, 0.0008650903793057108
-41, 0.17915264754766425
53, 0.5149587087997578
15, 0.30330281531240244
-100, 0.2043377713432335
68, 0.44242857293629534
-65, 0.6781060164295261
-77, 0.6253469600235918
-60, 0.5196551591171901
-67, 0.7019467046852519
-1, 0.3325783324514996
-49, 0.6378250073448721
-14, 0.723924981881743
30, 0.26586597158320147
91, 0.4931872379974407
34, 0.8334521248709669
-30, 0.9860634511463475
86, 0.9364379726527201
10, 0.1102165097241008
47, 0.7637033775838241
-28, 0.41059103775928596
71, 0.756149215383065
-5, 0.7761150541794373
-17, 0.8074740965503736
56, 0.034706879127621826
-64, 0.6381252468732852
41, 0.31787000951264666
-60, 0.1632759447371811
-18, 0.3001086850397644
55, 0.6067239170320675
79, 0.5970919758953437
-44, 0.7907294719131663
-47, 0.3757762364840487
72, 0.6722604969300344
-26, 0.4181016968914526
-25, 0.08337963508433821
-38, 0.2757310878092537
-22, 0.8030967726255961
13, 0.8788070021169043
-33, 0.38537517789121556
-34, 0.5238853030582216
75, 0.2232872651832687
-92, 0.9105165778253774
-44, 0.9123074747022509
53, 0.67441523063611
-22, 0.5185755610316495
99, 0.39335273353248545
70, 0.7340347340275802
5, 0.34755821532603237
73, 0.9000386467721367
41, 0.834091127686696
-58, 0.8018801488046158
40, 0.16932904034892382
20, 0.9588733745120401
50, 0.6666930522751922
39, 0.6313509104617414
30, 0.07084594935759125
-88, 0.49585426461428805
-89, 0.4195146011025209
-92, 0.6090104671181832
-11, 0.30373527843281134
-83, 0.12538644829253887
-98, 0.6795992749245838
-19, 0.0615497494533086
90, 0.6595529183335814
-17, 0.04437293775284645
4, 0.4631170392785796
-13, 0.560350983211031
59, 0.6117163316394121
67, 0.8263647401047752
-100, 0.38253251641588226
9, 0.563912377089721
-17, 0.47407082926880195
72, 0.9796575652632912
-59, 0.9634156327886152
-65, 0.743979674844419
-58, 0.8496753897963192
99, 0.8726058341708494
-11, 0.40325176802143503
87, 0.6476393850837021
-4, 0.7473287532805328
-20, 0.9446881205816173
66, 0.6530729691158252
74, 0.058395269796942206
86, 0.9706538313624057
25, 0.5085966061702508
5, 0.8013591583340637
-77, 0.9493370928493687
-49, 0.48991200596396367
20, 0.3709321181544435
39, 0.43926181676353737
-77, 0.7411448909772557
34, 0.21408406143784142
52, 0.8371050267104613
25, 0.5331094697054782
71, 0.47041610818607993
48, 0.25882407311063305
-41, 0.8751852940649703
5, 0.16316719991419626
-39, 0.4124568223916989
68, 0.20634945527591786
64, 0.15923089076150176
93, 0.7376479706661665
-77, 0.4150940427517368
-28, 0.5470779178552716
74, 0.6716190585820098
45, 0.6607255301219901
69, 0.33745393278844227
-65, 0.9696106732212948
65, 0.6410342574965701
81, 0.8633522411610856
-21, 0.3256558736564261
76, 0.14803635116292901
91, 0.5236450651733705
-7, 0.2696106372032502
-10, 0.4640277239327303
-94, 0.21433918900678406
-49, 0.2548203041937118
82, 0.11423225476378629
-100, 0.7537428330219357
2, 0.6290772431798894
100, 0.3160224360215166
-29, 0.5788149096185109
-89, 0.6109760146799461
13, 0.23986700088379265
56, 0.5400686248976102
1, 0.6851434038913238
-32, 0.783620669212244
51, 0.7987994730592094
-89, 0.10929184383894242
-93, 0.19368012037593318
-61, 0.4579264366751916
-74, 0.8263226071229574
-64, 0.8189798378604226
-7, 0.8502941400978244
-11, 0.2518862107166907
-46, 0.23086863183647854
-79, 0.3283320759252063
86, 0.7284480954031185
89, 0.5283129172395765
-67, 0.7024124646789291
82, 0.06735379066760883
15, 0.10629401484437728
-38, 0.20714409826142643
9, 0.7409373946946242
98, 0.47779442477150047
56, 0.4376925244666485
-92, 0.4204596314992143
84, 0.553642791483102
-24, 0.08199229791674878
-64, 0.1519354510867852
67, 0.8376613923345997
89, 0.7255731476312847
-57, 0.4553709677613379
-1, 0.4840427360177312
67, 0.5121704191014657
19, 0.21317804582889255
-78, 0.5985206108531029
-100, 0.06970058797797984
-14, 0.12255527084029849
-45, 0.40069805308302664
0, 0.32791224694664955
-79, 0.23256296858271397
86, 0.2510010815005841
82, 0.7339685673928976
-72, 0.7761474680593262
71, 0.8343071581114535
19, 0.19857139960644987
-80, 0.9424832133233618
11, 0.4024719262909665
39, 0.9807591563462318
-21, 0.5445638367453199
85, 0.979071429839287
-75, 0.4068813192490285
7, 0.9373166049539395
-24, 0.4404072703744374
97, 0.5893835069818679
6, 0.8795667551254354
4, 0.09986315432600779
82, 0.367575920339002
-28, 0.4526500742172338
-6, 0.7081609091692256
-42, 0.1946392427279231
79, 0.8583640819410355
-85, 0.06413102608083787
7, 0.5885201428101599
-65, 0.0060249330899075915
-85, 0.5028335945231774
36, 0.06678296166961561
-41, 0.7644114290763884
-26, 0.6934542781569292
-66, 0.4985275419838142
50, 0.37837835179784873
-49, 0.67573584974554
40, 0.5199431428881526
17, 0.8460023295596482
-34, 0.7213809209145262
-30, 0.8797760850712303
-99, 0.3266497926227422
7, 0.17086981284650682
-33, 0.9886755181346165
81, 0.6322100021261765
46, 0.5266489235027332
-38, 0.01820871344048902
-74, 0.1563760080325426
50, 0.10951204911134438
27, 0.2481989414764053
74, 0.6718054244117977
-43, 0.022825363855515368
-14, 0.4905967126467825
-59, 0.9898107852394167
-28, 0.8765616674761242
83, 0.6739052251996275
-60, 0.05391362263221999
-78, 0.5937727957706451
49, 0.04413781470919609
-23, 0.553299126241321
-93, 0.6196379548320177
-35, 0.7255163687455162
48, 0.714955111896859
84, 0.24391407924097686
-38, 0.33160615082451017
-34, 0.6400374404038532
31, 0.508996949136038
31, 0.17528878576807927
-30, 0.7566092880995219
72, 0.5876031118393747
-98, 0.48488790334169407
-18, 0.03334197392654259
43, 0.08092816152210147
-23, 0.5379959399012386
20, 0.3939312780098455
86, 0.43403810684080446
100, 0.7797748262287508
-15, 0.07151936379978241
-86, 0.39182711420076843
33, 0.6199982135465032
41, 0.18908512862888738
-98, 0.878034820094744
-59, 0.4400194682408346
-61, 0.8950565394133011
-6, 0.6037058807226139
13, 0.7397279928652505
-92, 0.23509865071538527
-93, 0.6487552410728853
32, 0.09844152446041488
89, 0.36183783179885476
43, 0.6632139824627399
-95, 0.3129387887860363
89, 0.3585986947472074
-45, 0.8109844586137924
-35, 0.8536735419372992
96, 0.055329161828865936
-96, 0.05368235960625245
-9, 0.29430087993814746
55, 0.9252786795779663
-59, 0.5548394014924932
43, 0.8764061887282665
64, 0.030362086780134856
34, 0.4656274273065375
-71, 0.8178601742229638
-94, 0.7748866562115971
-12, 0.16284805468618657
-15, 0.8941626344861441
-31, 0.529926934691757
-43, 0.5566765998122233
60, 0.3647197420148245
51, 0.38843003519096886
-81, 0.12007206113837154
-7, 0.6321289716311647
30, 0.22570953040451214
33, 0.19928838862518639
-64, 0.5748598372298076
14, 0.7063144541045384
-8, 0.4668218775774857
10, 0.8298685428652217
-34, 0.6525204080666058
-50, 0.5555327947770824
16, 0.34714013341763617
-56, 0.611350101538265
-66, 0.6326727501174957
-89, 0.25363824634454546
-32, 0.08823847865229706
84, 0.11973508560324575
38, 0.34262360045682394
-58, 0.9973448965931857
70, 0.952732989863962
-18, 0.5354315230073619
32, 0.3317681767642615
47, 0.34574141479280274
-56, 0.2962710331994629
53, 0.3109670109968642
-13, 0.8946790497389935
-57, 0.8803734506608529
13, 0.17823209319853928
72, 0.42788197292993724
17, 0.33953058603151853
-44, 0.3126108923322597
-28, 0.8724466783164322
45, 0.03273618740778217
55, 0.7731034602065547
-62, 0.8856899283013595
-1, 0.5547165896535065
67, 0.027241081142107437
-29, 0.9515317810617074
-6, 0.9105640984833839
73, 0.4834113336652851
-81, 0.45246430848869623
26, 0.013035791530970897
-9, 0.2208327463107308
-18, 0.47637832052561935
65, 0.5232162823859289
-38, 0.9351561588450255
55, 0.682323445407832
-67, 0.4741474840694382
-47, 0.23979462898335446
6, 0.9396151270205289
54, 0.5191102527097178
42, 0.43732950503253054
36, 0.8757280881765092
-28, 0.3601962074834666
-31, 0.013399692927318796
13, 0.06019030761991462
-9, 0.6049145229966504
-27, 0.7383784307257434
75, 0.17373373651187318
-90, 0.47374852074588714
-68, 0.3768609311943061
93, 0.675122669784748
63, 0.7995676343022351
-97, 0.15348321701273282
-62, 0.7110741972361978
40, 0.6884712335616764
-83, 0.49354324133085437
22, 0.23220992651853434
-38, 0.21407437449538258
-11, 0.8351002675195865
75, 0.7373768640461924
91, 0.1625284467925152
-79, 0.2880873247297173
89, 0.12059598298954
96, 0.10563064908534914
70, 0.20548263548869083
29, 0.28683603456925744
-45, 0.4263162075662702
-83, 0.14794994723560018
59, 0.22994250638819635
-43, 0.7874274347466667
-91, 0.42062674720045357
64, 0.9724291780826588
45, 0.15057809132851774
89, 0.7526154478303605
36, 0.9347247832447557
-56, 0.37564693044860165
-62, 0.24997779975956347
61, 0.834687903190087
-23, 0.6942420759119382
92, 0.0160437862481434
-49, 0.9616340159264288
8, 0.274159674530857
51, 0.9667556095676093
50, 0.6214995820268708
73, 0.6251929376631082
76, 0.6645318737706445
-80, 0.09490514553194729
-35, 0.20397772123728564
73, 0.15127878341488987
-81, 0.8659143569758058
-38, 0.8122704298911094
36, 0.5633134676058001
83, 0.26666070281901044
-45, 0.38125746047814535
-65, 0.9724235249123598
-31, 0.38018292232102135
19, 0.6984915148494215
-80, 0.6864047211133106
61, 0.10670826297306613
82, 0.8164015248404788
-44, 0.20220544457868128
-13, 0.9217439568701848
-10, 0.08463374723229333
-22, 0.9924918247510749
70, 0.795506269723022
78, 0.9589649316679099
33, 0.06591567739831605
99, 0.49283537227347707
64, 0.535028729169208
38, 0.36133392132471875
-47, 0.0360223204288872
70, 0.3548494161919049
99, 0.012546359541841023
66, 0.9483389551436813
-49, 0.9749008159033201
-54, 0.7860000286434954
-51, 0.1842676942510576
66, 0.2359127182903188
-39, 0.5214518885275361
85, 0.11540825314276115
24, 0.5010483373592908
-85, 0.8526361078163498
2, 0.5543611667431578
19, 0.7460649329060727
63, 0.08570735347529335
96, 0.448741162551776
94, 0.6803243669349703
-46, 0.09964797453456031
-17, 0.08575752869976772
53, 0.806504721695719
26, 0.2936721858997632
39, 0.02919032765268681
45, 0.7920805077681774
64, 0.714587363806246
-92, 0.15809847038583746
79, 0.4515494837226154
-66, 0.5793393259159901
-31, 0.9516249810486945
-92, 0.26658263621771894
-63, 0.593168883200296
38, 0.8257066443260301
42, 0.13632544226577414
55, 0.5964096702688987
-25, 0.9328945340213962
-34, 0.3578819637856394
-49, 0.8538214482050579
98, 0.9013082072171723
74, 0.338258449454486
64, 0.14854472676760055
97, 0.6683939836400131
33, 0.45659439036869853
73, 0.043688614232140766
-4, 0.5377653304191825
-82, 0.47155488343912666
21, 0.8845018630609525
84, 0.4556708525609958
56, 0.25211655427579094
-10, 0.5361969465963851
-67, 0.38615086482814076
-98, 0.10053153964398043
62, 0.49118183893978573
-29, 0.5141156012629012
18, 0.15347501785065265
41, 0.4671556706380211
-34, 0.8040672608804845
-29, 0.20843217408931014
100, 0.47939485916431646
28, 0.481255166819482
24, 0.3300428458065421
65, 0.14206347767405958
91, 0.37836975217363755
-66, 0.4240568581868911
20, 0.8837550840945776
91, 0.18903722654225652
100, 0.3212272989909124
2, 0.5748700809744768
-3, 0.3783821239920918
70, 0.6567058540006732
-43, 0.784522511014632
-53, 0.19331556210621015
-11, 0.990904408453105
-17, 0.6511683498100517
-23, 0.7628676049539829
51, 0.08622123653344704
72, 0.9393911635356438
-68, 0.32780736602475025
-93, 0.25637909007499315
-82, 0.8458020792721446
-38, 0.9366998681066675
86, 0.9212225132770888
-81, 0.755261727200581
-22, 0.40744641757639966
54, 0.5953474256823929
-31, 0.6350747793783516
25, 0.7450524056740399
-53, 0.2428926833906585
75, 0.6853911380288293
26, 0.36439890833475974
2, 0.9351638707546645
-50, 0.31673744133444537
69, 0.6616021897401787
-80, 0.2971219269573049
12, 0.4898849857812806
42, 0.5054708968833187
-71, 0.28007295531573406
-77, 0.06803642675745036
34, 0.21284834519178397
-16, 0.6009476815909266
-36, 0.7437443155352784
-100, 0.5008901445963491
4, 0.8987949417802249
59, 0.015490474680582622
-100, 0.8516370635554583
52, 0.011000991209344613
19, 0.7485653502226292
20, 0.037413696372519456
-39, 0.5270521261360669
70, 0.2397668058751914
-64, 0.758642822103052
25, 0.6543152098310638
-92, 0.46405209128461145
-96, 0.9597243631937035
-90, 0.7925777472762765
20, 0.9397320926881764
86, 0.33487629969977895
21, 0.028950483927479342
44, 0.6763178547934776
-92, 0.38082846049578
24, 0.7435404972274189
39, 0.7824514714880592
9, 0.02726775798182357
-59, 0.7697861914264308
26, 0.09838167397522446
-86, 0.2360538892318258
-1, 0.5933099746370699
-15, 0.42894852720634014
93, 0.22783044457080526
-36, 0.45870797252553486
46, 0.6795699978694978
-31, 0.9158623133822233
-99, 0.09227143776577451
-83, 0.8637892254016059
49, 0.8251803169108605
55, 0.9057211917597184
87, 0.7446268694825632
-51, 0.9226402824133096
-5, 0.9076149956596363
-81, 0.9795277734268647
-85, 0.885337137665286
-52, 0.12994567153745895
32, 0.6626063510216745
-79, 0.9857424589855897
23, 0.6306053703743928
-10, 0.26259005608088404
-26, 0.9526144451709752
61, 0.07751593092328335
97, 0.9536425470344349
-47, 0.6220553487242814
-79, 0.8720054062450194
28, 0.49508335636140877
6, 0.012910869328911057
-52, 0.7005308767570148
82, 0.42287680055163424
-97, 0.6514186603008834
67, 0.19828658524500242
8, 0.20874267955831138
-82, 0.10577276723531626
36, 0.11282905893260065
27, 0.7943008909051746
69, 0.8207234298483621
-10, 0.4935287728571577
8, 0.774598706807923
-99, 0.5196539889930403
-24, 0.5334621865647587
18, 0.39534303259967396
-72, 0.11844664745533462
49, 0.10097829498144961
43, 0.42628698844190605
48, 0.5513595959060392
-63, 0.949040264441409
-19, 0.8226595673740817
80, 0.202090318794639
29, 0.5304299039694281
-37, 0.44518331097350416
-17, 0.8495055201864284
-1, 0.2609987191529237
-5, 0.01840699235791099
71, 0.7078304753654583
61, 0.32196726657855945
-4, 0.3550840474385639
-20, 0.274372751833006
100, 0.09369874075127882
-18, 0.533902368530987
-7, 0.05393007662617
68, 0.08842792457885085
64, 0.8320975572688587
41, 0.1472625550084652
-14, 0.48716167547646827
-33, 0.7881599138713574
8, 0.425469437602755
-3, 0.13751575941150052
-89, 0.515163001518561
21, 0.32652404548249636
-6, 0.0682652566901486
-62, 0.45558489033714533
-94, 0.6150023835393489
-24, 0.5530556834487979
-1, 0.760231755206173
67, 0.04823708787987191
-96, 0.9024767866230707
-98, 0.014085056707584753
98, 0.22140290010854413
75, 0.8064571199649762
-37, 0.2497264940598133
12, 0.051942279419481596
91, 0.3552282322432505
-33, 0.7614463306188594
-60, 0.01651111368639957
-45, 0.9430308601719966
94, 0.22999792585033052
-93, 0.7928350530226855
-93, 0.09249874125605861
-75, 0.5476621625139491
-48, 0.9580251572271931
17, 0.9886240207965589
33, 0.2355249760973983
92, 0.4668441023767148
5, 0.7918049128260487
15, 0.9814947438389023
-84, 0.3476945051478084
74, 0.2712756773042916
32, 0.7785537064410593
-65, 0.640562746469815
-43, 0.5020561581772315
72, 0.09235489433883504
29, 0.982571880890438
95, 0.6768354634069527
70, 0.9007417601731288
38, 0.09522385027058544
-85, 0.6506137336534767
-6, 0.6999051235757335
54, 0.34661584035206483
-68, 0.11139158117360537
-39, 0.9924276920535858
91, 0.7301655526350997
86, 0.9200321721042987
-20, 0.3921992177876402
-60, 0.18612549186739102
98, 0.9852374860531306
29, 0.9752849581478904
10, 0.5582796030488154
-1, 0.22465030578915135
-68, 0.58365083357892
3, 0.9258964180049464
-22, 0.3255888855222995
-23, 0.6949067803715958
-87, 0.9092209583219021
-97, 0.20606391773940558
37, 0.20183401339978413
47, 0.2375254704660975
92, 0.7575325759430145
0, 0.1726718806495403
6, 0.581220875174063
72, 0.23294522112449956
-27, 0.29219680230145584
-96, 0.2508603176305094
27, 0.6990248898802147
-93, 0.6421962534750917
-92, 0.48561288101352573
-15, 0.38550506348822167
-12, 0.30967192541291233
-52, 0.9902859684317225
95, 0.04370957348511251
-16, 0.8565942546900083
-36, 0.2905234887933673
-31, 0.5439733551881992
37, 0.026102932098482245
-52, 0.6879079459684756
-9, 0.8975477820985562
95, 0.49821234241870216
-86, 0.21357970311050656
-78, 0.3804399796329251
5, 0.35049914883639177
52, 0.5070233371904207
-54, 0.6549686361423468
-48, 0.18500402999794197
9, 0.3210481666468388
-99, 0.918208376563434
-82, 0.7811668572127268
15, 0.17077928280290267
-86, 0.8321068213120689
41, 0.3063816325666008
41, 0.08013974954803182
-37, 0.17555069147660396
-50, 0.3354816291019018
37, 0.13728391780409865
74, 0.6215928154821062
-15, 0.5938436959832787
27, 0.8442317850567028
-54, 0.09500042562084865
-36, 0.5012564718754278
-89, 0.6563634762078907
-7, 0.4858737270073402
-48, 0.701658607591872
-14, 0.2698552526786403
85, 0.06066637257355434
42, 0.826883481790771
87, 0.10102075879167516
-72, 0.4943988800639977
-93, 0.11710905013172235
-53, 0.4703791328780157
5, 0.31062075417492085
-38, 0.6754525769782747
26, 0.6096757473611114
51, 0.6932280529406342
22, 0.7513494166108113
-72, 0.20424872120031412
52, 0.12356739091649283
-46, 0.32968067066832085
53, 0.32173979348878223
36, 0.29082977605931104
35, 0.7116015555154388
31, 0.2569639884874344
89, 0.8669094746695698
86, 0.23988197415310974
-38, 0.27067234937395546
-18, 0.9144468233383457
56, 0.7300271246135954
86, 0.8275575465871323
-88, 0.0032214553802015766
97, 0.06987810174373088
35, 0.5288819423769743
-63, 0.7292886063601918
2, 0.3883946458204778
99, 0.06966142995431157
78, 0.275025471837853
25, 0.7379743178000486
-23, 0.8052868164606589
-39, 0.26223294988674317
-76, 0.4831531126735651
-65, 0.09542413845035813
60, 0.4702416094928258
-68, 0.6944151603811077
-30, 0.4541667969248021
54, 0.7487847597404359
52, 0.5146530839106758
99, 0.5738861213887266
-24, 0.13375833990677732
40, 0.8764693423984923
39, 0.5352846889770603
95, 0.6510969077771006
-83, 0.8828410590377961
-70, 0.7388672626625932
97, 0.8538456160154293
25, 0.4187358559221491
-19, 0.8695484067498502
74, 0.8532501961385854
67, 0.25453361244623773
-20, 0.9112173517524864
-58, 0.859999151557884
-2, 0.8063993626712763
-41, 0.5069998792959988
23, 0.3235346690675649
18, 0.8148727623106257
26, 0.7110253276537098
48, 0.91552576584306
-75, 0.7517297062052164
-18, 0.3724414571371053
88, 0.4084594818180447
-19, 0.8487696172175881
12, 0.038920964584851836
-58, 0.8934140129121122
-12, 0.8701401426138712
-9, 0.7616050575737282
61, 0.6031646268315407
36, 0.8480675763024984
-28, 0.05410592355328192
7, 0.6174077963395505
25, 0.7554531394670702
35, 0.00906133067596604
-8, 0.8393561444413872
84, 0.43884117302742187
21, 0.7117012400754472
-69, 0.5581495963727584
21, 0.4463266883967153
0, 0.7897620498099357
-4, 0.4878307493182579
78, 0.4603299452338042
-65, 0.37216928285421935
-78, 0.9390651281952944
-15, 0.939096756026254
-99, 0.9393123131708803
8, 0.7660368553784114
51, 0.8059979508179428
-60, 0.9534983306603632
-30, 0.3730945134918934
70, 0.6345196871138014
-69, 0.39205906578470917
1, 0.6415185812648273
7, 0.1963876681435468
-14, 0.7875387197089976
58, 0.6558835800926477
62, 0.1547673802489925
-80, 0.3001735343076013
98, 0.4633481756822432
-87, 0.24067129511926566
84, 0.08773800660306397
-82, 0.7487439752463981
36, 0.5639879300994856
4, 0.18580492513278535
29, 0.04551121281022685
30, 0.06320327609903131
-55, 0.36295645303630186
-89, 0.6603518991496641
-93, 0.6544305231694869
61, 0.8437681116707283
-90, 0.14175506213221556
-84, 0.3030438640952645
-48, 0.5451477215750883
-9, 0.07837546739811807
52, 0.9472441531123857
-73, 0.8287357243654445
24, 0.47297413240929
3, 0.5338481487178194
-59, 0.4550385471446866
-50, 0.9385751476925901
85, 0.14140765938790767
-37, 0.3843798143404564
18, 0.3805560155513341
-77, 0.36975403733607426
-85, 0.320670911167946
48, 0.7738090204505731
-2, 0.37579410305045935
51, 0.37921640324188255
-21, 0.35501329568992335
-89, 0.9842825042248534
-32, 0.527751983900661
64, 0.6673318751380503
-4, 0.6492230723923774
-97, 0.6979007108576774
-4, 0.34932404722202004
-71, 0.045011851508203304
-43, 0.35370009377953315
-77, 0.31569116020393595
47, 0.6072892036149218
88, 0.3414460829807383
82, 0.8597067491754262
58, 0.17603544192124398
-15, 0.5237178540675259
15, 0.1581384115512724
67, 0.06781703319496846
-21, 0.5456535855350714
26, 0.35310564095191965
-18, 0.31253210464641634
40, 0.6848593600444891
39, 0.7320282153471555
28, 0.23403595894715423
-38, 0.7872346039449637
87, 0.46878539834566224
-36, 0.782539227807969
21, 0.4221718368538302
38, 0.6802853358128189
29, 0.32761613510866494
68, 0.7860841122157676
80, 0.9926153104471659
68, 0.8973549395816268
78, 0.10129167797033745
3, 0.6562650582886842
98, 0.2144589707941542
22, 0.07325334571350361
63, 0.4022986305558467
43, 0.0019780154359513302
2, 0.2846230561184474
-30, 0.45746827614389685
68, 0.5948652920520081
91, 0.7031195995880662
-16, 0.6338345142637561
-87, 0.03337953068210098
21, 0.7458528848174691
-78, 0.996419033509296
72, 0.28807813782648317
69, 0.7479720711653782
98, 0.706639691768103
87, 0.4770364944344553
-1, 0.9622593502572818
-80, 0.605342112072845
38, 0.36409135068796883
-1, 0.9784200129751774
-6, 0.5329241573877548
-75, 0.6652127419701613
-44, 0.8649027132622862
11, 0.2687818619413127
31, 0.20254295700892644
-84, 0.20300853529895024
97, 0.6376632707581303
1, 0.6706928296705034
-90, 0.20640771483189135
-6, 0.479189372000555
20, 0.5742899310083399
36, 0.20903101748730513
-79, 0.9436446276426564
31, 0.21872479196138583
-79, 0.9744633715991198
47, 0.1989009030782779
19, 0.4996329559749716
-84, 0.6532471711651568
-72, 0.3021137965731917
-56, 0.0651662629243398
92, 0.010158070955331722
-66, 0.9243663589084682
93, 0.20034915895416106
-48, 0.016167303969530034
25, 0.9795634209141565
14, 0.6372052582697282
-99, 0.2055417793704446
-73, 0.9143074820711744
85, 0.9848959300837669
-19, 0.7446119741200514
47, 0.24738702255844147
43, 0.6619893539929577
-26, 0.2932776723195851
-28, 0.4940205344943065
-82, 0.19951946982498536
78, 0.2093159617738437
-81, 0.8912355281759506
62, 0.5992012400778807
16, 0.7894044955124273
14, 0.675167507937684
-88, 0.008196234915831102
-38, 0.5786773088801359
-11, 0.10902243751807816
-36, 0.4023782745495308
-55, 0.6373656732313572
-29, 0.8600311854398537
17, 0.1048942676068878
-51, 0.18148278468131596
-18, 0.37271045710782125
-73, 0.9019457700812749
42, 0.005934458037222479
52, 0.5835851107069563
-76, 0.27606770408501535
47, 0.41724996558119676
-28, 0.30668341156536616
-39, 0.8022648999840964
10, 0.9570640787571493
48, 0.2596180371897844
95, 0.18077454133312765
45, 0.051023617720481695
-11, 0.9303709808955839
-91, 0.1700717394864475
27, 0.05978909148033573
-14, 0.7995496310726866
6, 0.0679991463454227
-30, 0.3663994707553281
59, 0.7128347769066031
49, 0.38171151429243366
0, 0.09057966981045162
36, 0.43074192556779434
96, 0.9382603049092292
83, 0.20931747656449995
47, 0.44560319506750645
-34, 0.04152676832777269
25, 0.4617069361465286
32, 0.317573020871164
-37, 0.29725746374922857
-71, 0.5728890135716337
-41, 0.04962240662403439
9, 0.4114659665923074
33, 0.12800979856364914
9, 0.12006873377527538
69, 0.46544005778420516
96, 0.3407719660593056
-45, 0.18518535551350868
-88, 0.24259909688838444
23, 0.04662249411018571
60, 0.17196108901919438
-85, 0.0919101177091709
49, 0.07285514696663886
-33, 0.7187099702812567
-49, 0.23823151362001949
-40, 0.23135477769647572
92, 0.17196462886166797
5, 0.860862853929808
14, 0.9383383215131421
-22, 0.5757228675739191
12, 0.3080732211209557
20, 0.22298216948555594
-77, 0.3580109906357275
-28, 0.10664845218018215
-45, 0.5942867693636383
28, 0.9190420617068452
76, 0.7769597836407616
-84, 0.07257502480481148
-23, 0.703527178233669
17, 0.4836211920861765
79, 0.09429035534539354
-73, 0.81170999252065
94, 0.007093793509853841
-75, 0.5295524961419549
31, 0.8977924262353422
-38, 0.010110796158043223
7, 0.951094797594159
-12, 0.8927235907420098
64, 0.1631624618466574
60, 0.16255333490828483
63, 0.4376738283260686
-90, 0.35670953837134556
52, 0.024946544995868014
-17, 0.6329171337194478
-5, 0.8216983879152367
42, 0.46311494592399416
37, 0.17934967220669462
-56, 0.7779053793573271
60, 0.9728813950012448
-15, 0.23895903661956963
-71, 0.1987492335810861
-60, 0.028855935383768627
-27, 0.07323583199283756
27, 0.04478252875697508
63, 0.9053272372323695
32, 0.6932850580849351
-1, 0.1046966422936042
-42, 0.48830905737826613
-32, 0.876026142801851
-4, 0.8319566157343533
22, 0.3814427064450596
-38, 0.18264681755109324
-37, 0.9160053040872882
-7, 0.628115241492043
-33, 0.537461082244406
-39, 0.852129407179799
-43, 0.47513264410954004
81, 0.04668426317671537
-10, 0.02176471416341308
-57, 0.7220698138860348
-8, 0.7022838071685029
65, 0.11818004141975691
-47, 0.7147615921357334
69, 0.9442760746456621
-24, 0.5412656493055312
-63, 0.6540607593656055
96, 0.48787845244693206
-81, 0.35463979399532686
-21, 0.9536707157224608
-11, 0.09972945615972073
5, 0.7073479368288615
4, 0.7593580704425298
-21, 0.04272297474688391
97, 0.9663898557041696
-59, 0.3338972414847744
17, 0.37120470357141355
57, 0.7277349807320451
-96, 0.6993466032730474
92, 0.9048646090494791
16, 0.48128189429171464
56, 0.14060012343386274
21, 0.5883192001247368
-15, 0.8055522189859983
-47, 0.25437366030640396
-42, 0.29947347157782656
-70, 0.47401670737583557
-86, 0.9477149617156124
-96, 0.8007167914596165
10, 0.906017830060074
-63, 0.8069912628645968
-92, 0.946052578172619
19, 0.9973842243517995
15, 0.6921436078629805
-39, 0.9897281152495521
-34, 0.9428497441580282
-66, 0.47355408589381864
77, 0.6242270418955901
-35, 0.4460319533282471
59, 0.7008485114291101
22, 0.14115437467812197
66, 0.6897150591461979
-6, 0.6438361998397422
-65, 0.30481501322586824
-36, 0.40635030922254656
-67, 0.8468659967087238
32, 0.5669261932705671
17, 0.9385471392057078
62, 0.9214658841483253
97, 0.48735598113474654
90, 0.7855122295781117
15, 0.06092444138558173
-33, 0.969970850038049
-84, 0.03782227021262552
-90, 0.47808722471192444
-66, 0.30809239197843086
-67, 0.05689097339321192
51, 0.14308989914008285
-22, 0.722471660821518
-26, 0.975796431399346
-56, 0.1392377029153119
-13, 0.4834982613681449
40, 0.7275847403593274
-52, 0.2814349192121074
-41, 0.6514979792601252
-13, 0.42528158515590264
-9, 0.18614795355099123
-87, 0.08742896079337481
26, 0.7475020140821289
-24, 0.23382291131660826
-63, 0.16454586369473245
84, 0.03671071013891425
-23, 0.679358435300125
-80, 0.24941567300331757
-34, 0.6570058082928592
-15, 0.4871364315426707
59, 0.3217783466318651
-27, 0.863995759307826
38, 0.9170759971428086
-74, 0.04843259099349795
63, 0.7896088132400965
-47, 0.9671840826972714
47, 0.5622365956465893
52, 0.12313518920243971
53, 0.08426206829224692
-24, 0.34791850961860327
16, 0.5767121603970004
96, 0.6050412163008401
40, 0.4651437023988555
-24, 0.06467528345054618
95, 0.8274831395374775
-86, 0.6249976298070443
-93, 0.15089146343277438
89, 0.8740595217898065
-18, 0.23945021572448
26, 0.5887793500712187
97, 0.2752510662328278
-7, 0.6045366222030676
-19, 0.3456933117025689
-82, 0.6515238829533174
-22, 0.04538717194417974
-42, 0.07416804761412155
-33, 0.2960314089444849
-18, 0.054674659263825975
-94, 0.879721674178603
-70, 0.7105113831657954
93, 0.7561947716945064
17, 0.6374823739330503
-46, 0.4772477020978624
-42, 0.19981870301972204
45, 0.026838430843260763
-79, 0.29118804037168955
-17, 0.7062181574774962
51, 0.1793095928919839
-47, 0.24340963176919872
-29, 0.5167341177424072
24, 0.854247710829382
-83, 0.8072131997342884
83, 0.2254896901104213
62, 0.8160430662417508
-14, 0.11499503515484444
37, 0.9018643333131291
-32, 0.41636452573099125
-23, 0.5448334862294472
-92, 0.09678145361995516
53, 0.31087433693446387
-77, 0.8741097314116324
-42, 0.034814827860742636
70, 0.47833056355222714
-97, 0.7167757621851208
83, 0.5729434136499065
-68, 0.6622932287676274
71, 0.06252164828464635
57, 0.6436230126855367
-11, 0.7062380490286193
-94, 0.4897641699547979
54, 0.4707128731014134
30, 0.22526348900081372
43, 0.7730157611364329
-26, 0.3727012680661711
25, 0.5238862444053523
24, 0.031644735558589376
49, 0.7189972692954449
76, 0.452194352872463
-36, 0.7320703196708117
-19, 0.13912558186499413
-41, 0.3356655268248516
63, 0.2721400748070534
-60, 0.447603771957213
-95, 0.8283062296889591
-45, 0.33120214994769825
-15, 0.7013280681377985
-1, 0.8105674479901253
-72, 0.5872670734950994
-38, 0.0020233374316982466
24, 0.37170806283565305
-96, 0.600331071686282
32, 0.31417485524456923
-31, 0.5722350652378893
-85, 0.29176635317903954
-44, 0.3186233481641435
43, 0.3496888424955724
74, 0.8729253769762245
94, 0.1487611043815722
-71, 0.1594858986113019
-75, 0.6446094033333404
-39, 0.707731123657675
-9, 0.5180122313218914
60, 0.7362901585547402
-39, 0.8564618130108583
-80, 0.4314073626855166
-85, 0.8176174579971959
100, 0.11145747051656663
-71, 0.9933808756790776
-25, 0.738440682479526
-5, 0.8358125144608076
17, 0.4595280478924727
15, 0.1363387657090065
-58, 0.9540643340541566
-73, 0.3584162139027959
-47, 0.8445622114365273
25, 0.001520903309790933
3, 0.4641496461172274
-13, 0.5610677978896106
-94, 0.11608877496518633
-54, 0.13091217556049894
83, 0.1821876136419578
-36, 0.6892100003007067
-64, 0.826265776162198
-56, 0.8937396049215917
-28, 0.9314036828462768
49, 0.3596903789103295
97, 0.23072446491891896
-68, 0.407248955601312
46, 0.3634787565012243
99, 0.6952864723938311
38, 0.2735510984330478
36, 0.5954783792203298
-93, 0.7742268069702198
-95, 0.1724841996093036
-26, 0.32084969009741404
-57, 0.24464719141185365
7, 0.4942238667593468
-19, 0.5000087148090274
-16, 0.7204540727141587
-59, 0.42225032413027896
-28, 0.2525555051162083
56, 0.21289791596316265
-66, 0.7921163260557313
-10, 0.20941003603313302
-34, 0.0006224926093385541
-45, 0.007951703440121749
46, 0.6314347153363712
13, 0.14831472094623888
81, 0.13345062532197371
4, 0.012274271366101708
-89, 0.19330817846751913
56, 0.40558786792545676
-41, 0.40018344615886403
50, 0.3721830675094425
65, 0.30999425124568203
-33, 0.6963726671075382
-40, 0.20435257204703194
-84, 0.9240230186439417
36, 0.5565894424619715
-72, 0.11279934911333711
13, 0.529821596403135
75, 0.7894755826975757
56, 0.9213315034955357
-55, 0.5576118684280293
28, 0.830582264206193
-35, 0.6501845807881502
-61, 0.004731868957355445
70, 0.6749300871123844
-81, 0.6158767451331595
62, 0.9486322486805271
82, 0.796144722857328
18, 0.42696206190942665
15, 0.5189518706689128
-68, 0.7686901558480058
1, 0.2906581712137859
10, 0.13954517667188704
-56, 0.7553409476661582
-10, 0.1443986169371413
43, 0.5219234652703632
-53, 0.9591680963327261
95, 0.5188557877916669
24, 0.9591470180604028
5, 0.26675565364865717
-28, 0.5875005715540657
-97, 0.06639856624079654
81, 0.6355612798562237
84, 0.6747263230882367
-40, 0.5865610778509541
-42, 0.11586159472584778
76, 0.8353264386390064
-35, 0.3211847594645785
41, 0.5888889009039843
-4, 0.9418283968143228
56, 0.9877049290289893
-34, 0.10297067996325815
-91, 0.4054305553681947
-55, 0.5169002630441274
100, 0.1084880949365673
50, 0.6335031947280627
89, 0.061073259133022306
-99, 0.7482121327337349
86, 0.8801405556286434
20, 0.8638251845534588
98, 0.6810985982868262
-83, 0.8737597855605727
98, 0.0006883541870930099
6, 0.940729160125747
-50, 0.9411821484395538
82, 0.5143475257344339
-39, 0.6089138737936534
-82, 0.5592006132511032
26, 0.9121728752117125
82, 0.9467803411803289
96, 0.17735651213523285
-81, 0.8250463625293711
70, 0.3051590420285716
10, 0.6850390729878365
-3, 0.9259546621760177
-99, 0.9990602929248471
-25, 0.06703939576633422
20, 0.8011778372940233
-93, 0.4978437750987902
54, 0.7492744608046263
74, 0.20734939120405993
8, 0.5072157556022999
-68, 0.19682844424998203
-33, 0.0026445687103744397
77, 0.5094329918785565
-2, 0.6896419001436979
-28, 0.7321407700128026
-15, 0.1432435334277663
-29, 0.8200463103741473
72, 0.13329052852503442
-35, 0.7582663969171666
32, 0.8182454115751016
97, 0.12110854828030082
2, 0.15329706780146668
65, 0.547561366099196
73, 0.2943187306752467
-20, 0.9864157314770291
-32, 0.7187417814028535
-6, 0.35073069977285953
-24, 0.834619703381288
23, 0.14767559754653714
-22, 0.3002584279938555
92, 0.06412230183741374
85, 0.7851966980910432
-16, 0.649507300006786
-4, 0.22923645570350382
-84, 0.14188102873548047
-56, 0.6111106182637968
-74, 0.7297355563816673
-86, 0.5115611878619353
-26, 0.9469643371861313
-69, 0.057074294354900634
91, 0.4952871181888726
86, 0.3583094931188753
-87, 0.323289034406151
-32, 0.1703427204015452
58, 0.8146488819622103
-3, 0.17516343382084965
-74, 0.23282200291024657
-19, 0.23489234572491768
-27, 0.913499349009968
-73, 0.806831140449925
-58, 0.43796077686254486
-6, 0.9808245630944192
-28, 0.8730901135129313
-40, 0.598417095525987
65, 0.8831344004280423
93, 0.14953772865149595
-97, 0.20407022350931225
55, 0.2949450405007199
40, 0.7915064406956295
95, 0.6856555061373109
74, 0.8130089844908206
7, 0.1010229271605051
20, 0.47989582699665334
-53, 0.31316054125405357
100, 0.6888089998654858
45, 0.9470931406190196
-93, 0.6835898989609996
80, 0.6989544221999527
64, 0.1721231916894418
-54, 0.2476357203208589
16, 0.010781886781411787
-48, 0.8427708273895186
-69, 0.5710241748452866
24, 0.30216256636049255
45, 0.8391152166724627
-12, 0.2830440749174086
-48, 0.6564352600560232
-87, 0.42383575129830753
-59, 0.8803097602429124
-44, 0.4787891473848641
-70, 0.4403372387421697
-30, 0.637331394239689
-64, 0.012280659811492067
74, 0.5344116937422799
-65, 0.9830176884652002
-9, 0.4679276184270852
91, 0.350416347244659
-57, 0.8980746125182748
-29, 0.8475784966132871
9, 0.4296657920597384
-64, 0.7836131456021106
92, 0.920196987094073
-55, 0.07973628701895952
-82, 0.4137819307376479
89, 0.4502312769207707
29, 0.26367618177602037
11, 0.35208111126675146
-92, 0.4788651410746283
49, 0.36815308449363626
-75, 0.8142629764948691
44, 0.9269859600636152
-54, 0.5168563154537247
28, 0.8545243757713218
47, 0.09423936436142077
19, 0.8497290090736482
75, 0.3519203558107251
-4, 0.3517259369006296
-93, 0.1198809977284484
-11, 0.8469854662739147
41, 0.3247297391134698
69, 0.0662837374039712
-60, 0.04418436782243962
-54, 0.9201102062785887
-18, 0.6542100988424464
-66, 0.2885282486109325
86, 0.5876915993390428
80, 0.19263965628101154
-54, 0.05104929507084599
-35, 0.5597977973486514
-27, 0.3246622439519625
-54, 0.6754670853783297
97, 0.6185295956007985
8, 0.6389889309628232
-70, 0.9006468603019602
-65, 0.8251607633807955
42, 0.8108293035732872
53, 0.39883443451798617
42, 0.776458252779642
69, 0.21521624107743187
70, 0.7774799914290007
26, 0.6761662273326026
12, 0.5707286729743458
-36, 0.8854510727082849
-62, 0.29980927114327394
6, 0.5788920450786837
-7, 0.41482225779258486
86, 0.7158232395973217
-72, 0.09097144691460624
-55, 0.9157793870704338
-77, 0.4286725037068969
-19, 0.6594784822206504
-13, 0.7555266672033223
31, 0.9514179896591883
-100, 0.20917720232183612
15, 0.31995959249823824
12, 0.7015001889307043
-23, 0.9885821326281325
-71, 0.0822535056241841
100, 0.1931793524576959
-48, 0.04035141843286094
-59, 0.8992861302217092
-20, 0.003503085872591405
13, 0.33971064529315953
-8, 0.42808696104777033
-2, 0.7683870250957417
-66, 0.23672266107097428
81, 0.8595868102705552
-56, 0.2881379338404271
-55, 0.4069392082404284
68, 0.0742928028520714
12, 0.968203047533992
62, 0.046952739310501035
67, 0.8635755591050531
100, 0.9345360890358123
-38, 0.9636074714454342
50, 0.9370386486281475
-32, 0.18446827184993353
-34, 0.9154554427421376
-92, 0.5495711664887379
32, 0.2834468740508156
-79, 0.037130350798108336
7, 0.3906786668949883
46, 0.6237879732041666
-90, 0.296674322958713
77, 0.6597232703760494
-93, 0.2001241599524206
56, 0.46438327156699943
-70, 0.49992892392183863
-58, 0.7378370344198644
84, 0.5998405605271045
-18, 0.5173337584887915
-26, 0.13475063082545258
60, 0.7399653207340812
-55, 0.9542389221444811
-81, 0.3180187001586039
-85, 0.3015091943011816
-28, 0.7574201710645966
-35, 0.6766496371325993
-36, 0.8586759400609824
29, 0.719650910609028
58, 0.5079717903776271
45, 0.7081353403936373
17, 0.8442916003867672
-75, 0.5375016250767759
72, 0.6998854237992392
-15, 0.7172387542120745
84, 0.20592292128423162
48, 0.687717128029979
-80, 0.7254686550185308
-39, 0.443025948064411
-84, 0.23550127092224493
-39, 0.07565751439964297
-81, 0.503322140548758
91, 0.4394201919602655
63, 0.7955394195772141
-50, 0.39533906469503544
-5, 0.14320733702305133
86, 0.028289368215657418
91, 0.07687986111197642
-31, 0.06141701433806501
-88, 0.26081820323528404
-18, 0.28454716058891527
34, 0.13945903561337203
-13, 0.9661023401068075
47, 0.19652047909825354
-48, 0.1764507448575171
-55, 0.23361386549169538
45, 0.7370272862278461
-14, 0.3287028834650607
-11, 0.7323679544810039
-64, 0.3296963180288278
-8, 0.6556126554954332
-97, 0.7277329494444359
-53, 0.10833045953081055
-98, 0.7063260398893185
78, 0.9209454052508749
-75, 0.08522527315761874
100, 0.8145583463104186
59, 0.29329348511081166
33, 0.9354498726973901
-48, 0.22485276343388727
26, 0.7141440607306038
-5, 0.8591961256573547
52, 0.23823212237754843
-23, 0.7492223401360292
74, 0.4579282969583862
-98, 0.041905124225338986
-67, 0.4748213939170137
76, 0.5133477137133454
37, 0.9175770052607545
69, 0.766142429340793
-4, 0.5813881213220528
86, 0.6741583599081481
-53, 0.9277053845932659
81, 0.1466506984871796
-46, 0.930811154951837
-3, 0.2623887891749471
-25, 0.8883965122173259
5, 0.8479504057519595
35, 0.30089810682493046
-55, 0.5283376373278571
-19, 0.1132122706235783
-98, 0.5685201890028274
88, 0.5713839994658052
-46, 0.8551137866186109
-58, 0.48901920668143783
51, 0.18960067963231741
64, 0.796141391817617
-93, 0.8964871375391499
31, 0.3639094796427196
44, 0.003060052446288486
-93, 0.793522885113737
22, 0.8017404044354806
-48, 0.5368820090173477
-50, 0.990711401761601
-52, 0.5900331799259297
-98, 0.22892440880682563
16, 0.8712823130894981
2, 0.5944639622531488
-35, 0.13182631153821078
-51, 0.9366696109049385
44, 0.377873038128255
-63, 0.8486490606981898
82, 0.8930458293382935
9, 0.44542617448528365
-96, 0.019160296330059556
-32, 0.5704327738878435
81, 0.29252758529156675
-44, 0.18842362065579965
56, 0.6097060984969014
-36, 0.7589509759866234
24, 0.1300226409280919
-31, 0.083427850117618
-43, 0.6511731092548436
-58, 0.24893283296401314
59, 0.09823378519513126
57, 0.04234815019863736
94, 0.8610749978357822
-32, 0.41898618574525437
-56, 0.08007064100476247
81, 0.6549809616187505
-25, 0.2222345961744464
19, 0.8245872506833679
20, 0.48730913028957523
-86, 0.8847943404098035
11, 0.7621549094127723
13, 0.9807130974800702
72, 0.7917538990179387
18, 0.8796955601485921
-72, 0.5247559605803795
-91, 0.9768304080503771
-13, 0.594918715934087
62, 0.415422497739925
6, 0.3873674603901057
26, 0.08585926255328213
0, 0.8406816448255543
-30, 0.9481706912335683
12, 0.6482520200169476
-55, 0.19283066604102495
-32, 0.2760439494269532
-84, 0.5134680457344768
5, 0.6877665559476906
43, 0.37070742434639925
-74, 0.8989725422850653
-10, 0.6517277990925617
7, 0.36662332399781605
40, 0.3607400966031903
-82, 0.43280416483807294
50, 0.524212555135666
-93, 0.6228164510085094
-10, 0.9232828357395773
-56, 0.6279186277810755
52, 0.9925159779325822
59, 0.989858105738265
-91, 0.6911906501293085
-57, 0.417688872858644
42, 0.729646434531116
-70, 0.6740344058936049
65, 0.9755813914782492
20, 0.3394065040093025
-9, 0.18629568491912019
-12, 0.7311965459341633
51, 0.9191127791365882
-23, 0.8933457671777145
-57, 0.3512118836955136
28, 0.7841315038587475
-90, 0.5279561896230938
-12, 0.8735211039740073
-48, 0.7816839526754978
61, 0.988557750067509
40, 0.6521437914679927
7, 0.07808188157851059
-18, 0.056458816166443215
54, 0.4926899457387053
19, 0.25106803401464506
-60, 0.20538331062559434
-27, 0.7342237257102341
40, 0.9934704520094084
1, 0.09508146469595946
-90, 0.41712772032957857
-53, 0.5386047178834816
8, 0.7994519569627251
-11, 0.42545616740310743
-65, 0.5300877869979798
4, 0.19063280039877717
-24, 0.1718478411593164
-8, 0.22789818185797328
-81, 0.6279049487744076
89, 0.06634567589419882
55, 0.261063050283701
22, 0.4446573067637245
-80, 0.6433204499958889
-60, 0.9473281922060259
47, 0.6879943225322647
-39, 0.8906459330592502
80, 0.14243347254803174
-31, 0.7311057490071535
-89, 0.08913210955455675
-41, 0.8027196042336568
-72, 0.6588936928827956
-11, 0.6729207848839088
96, 0.3395466434541782
-13, 0.5242496767287322
-61, 0.4103214858993054
17, 0.5450382555001412
20, 0.579136669776936
-48, 0.17279265858495751
40, 0.789632931772533
-32, 0.7232807634601077
-49, 0.5158315158723632
27, 0.46416113427841543
-27, 0.11741160901627523
-75, 0.18404820582785586
-2, 0.18872383086509759
38, 0.7858301312761217
-78, 0.9010096689120078
46, 0.11432061043508679
-92, 0.6620605067419794
74, 0.24223495241007398
-79, 0.484225747169424
-30, 0.6064187698622421
-84, 0.498960472924882
-74, 0.04255280770380021
-9, 0.22539977048416449
-6, 0.08620872182300787
56, 0.6373032345818097
66, 0.3408007314104041
-4, 0.3703889319932826
-36, 0.1812694383291129
44, 0.6980489448826597
-96, 0.5070869087374473
11, 0.8345428701907577
-27, 0.6371531818322566
-95, 0.08164717478241168
53, 0.2739392581735316
18, 0.6583010319572301
-23, 0.03446460386142236
98, 0.7425600940262324
45, 0.2897084097009003
-22, 0.3321296025750907
-14, 0.5239594084889359
72, 0.268251053025477
15, 0.25104549700628587
47, 0.35106077830698845
-90, 0.22678182906393773
-5, 0.20435761751631198
76, 0.4356221460140888
-15, 0.5440178394643764
-56, 0.0071503040822610275
-93, 0.13341996345713714
65, 0.025905135436754656
-92, 0.9763780702348132
-14, 0.44194434944184235
73, 0.5224689634981161
-96, 0.42380161391816573
-38, 0.23312096448099184
-61, 0.4164921782804003
-45, 0.5357780264179772
18, 0.01730478869027352
-67, 0.03474407178293404
0, 0.8388191738513084
-75, 0.23326399643398288
-100, 0.9354007922963082
55, 0.374303381738194
-7, 0.7394274130530155
-35, 0.5981381340496845
55, 0.6542708668982948
57, 0.7253818596676301
-51, 0.14244153161456807
-27, 0.1584832601600643
96, 0.5164062867474205
-38, 0.3108544371835503
-82, 0.2918195520027027
-19, 0.30035938199899126
-71, 0.5883658753759908
-39, 0.12040548805797224
94, 0.2527021186233753
-58, 0.014354641821681113
82, 0.891331842243089
-24, 0.4369412270117936
72, 0.5730856097485019
4, 0.7493065832549138
-35, 0.38124360087473996
40, 0.9467278677910586
86, 0.137593212944625
-12, 0.37275278901660747
-23, 0.5252372420297906
52, 0.6937947455441479
19, 0.12606390115981547
89, 0.6315459402427266
-68, 0.819282204262041
39, 0.38213642963504846
23, 0.5448223575508595
-93, 0.8320008052804884
83, 0.6104429454227653
79, 0.6471844957099004
-78, 0.6170795324726515
78, 0.0020849538999125894
0, 0.12080441522954499
-16, 0.6102786143421848
-72, 0.29267924333543927
-41, 0.4930614251878864
35, 0.798258001773288
18, 0.44976232105699177
-73, 0.3881747773139508
60, 0.1340656437609431
47, 0.2217377315592325
20, 0.9256672945408689
81, 0.340713516414635
-87, 0.6211767649482972
59, 0.2770083219858682
-45, 0.15228713183242326
93, 0.022141707837066815
-4, 0.7986894983401874
70, 0.409329707930599
49, 0.06791325606708998
48, 0.019746552625218294
-5, 0.1714752393279242
62, 0.9090847959460218
50, 0.3111937059301457
11, 0.4387539408457489
-31, 0.8142153612385575
99, 0.3121258922335022
-58, 0.2334602370131842
62, 0.8549607979694666
95, 0.26225047962046877
94, 0.5337445268203955
32, 0.8932801722248762
92, 0.5003576302296889
69, 0.16905829204035283
-54, 0.7837296010928446
-35, 0.8070930005770597
96, 0.3539745265583151
-93, 0.09832424226239844
24, 0.21276081769545108
46, 0.27037615558119177
-50, 0.850628064902674
11, 0.7171578994278329
82, 0.39578303059562825
-80, 0.6606256378657932
-61, 0.468910729086368
74, 0.5669321280022633
-82, 0.7466285693062749
16, 0.41564011840481496
23, 0.6285285032628244
-38, 0.9618453519227409
-68, 0.242646704060006
39, 0.11836706523708473
-25, 0.9673744131874569
-94, 0.8208601109857246
-11, 0.8611468241734744
100, 0.02094886748098701
-22, 0.8609626433412202
53, 0.010668175663825719
-5, 0.7825928616510569
33, 0.43587192773836425
-32, 0.945468136620067
33, 0.49384741857997694
-48, 0.3500173071341438
96, 0.010473588161718839
8, 0.5918052564116064
75, 0.30211849214498077
12, 0.13099599488290614
-2, 0.7319193146589058
42, 0.3171674198896739
2, 0.7067633222693397
-45, 0.7854744269376508
1, 0.42686325601544006
-55, 0.7672449404927403
11, 0.4424159951975648
-96, 0.6087200136572457
49, 0.36895074576637155
-71, 0.95941224591232
16, 0.04584404059843328
-32, 0.8176857290779056
64, 0.5684135052153623
-21, 0.1613157351553357
-85, 0.09400935889356588
-72, 0.7801162892357234
-17, 0.9219736312613422
0, 0.8107645582780444
-17, 0.5836025705653898
-8, 0.17095098777949025
29, 0.5229654098715139
-42, 0.043657797137483634
41, 0.7050738225398892
-42, 0.7860437916117684
-2, 0.04104761417838865
31, 0.8213571907041418
-67, 0.5213524847552018
37, 0.027087910359100742
-72, 0.3135157152368482
-33, 0.8890402552337121
-37, 0.7996699840672068
-35, 0.3497718069873389
-30, 0.8604422173109595
-79, 0.960103599997539
80, 0.1602446423145636
-98, 0.9838330742529695
25, 0.5281684727989258
100, 0.19592280022148734
-63, 0.7406362332563201
-17, 0.3618654949942257
-76, 0.372805947829561
23, 0.7496959985118522
-30, 0.7902872048446588
-93, 0.9621299393546614
11, 0.206146404383871
7, 0.5839755054130396
77, 0.699003488877334
-81, 0.5057374307102865
-56, 0.09124617202383367
68, 0.7349192638348925
-65, 0.07641853375757568
-34, 0.26446713055676485
-59, 0.046571159406302964
-18, 0.44638454289184704
43, 0.6988023427590293
-41, 0.054043797566146634
-53, 0.7404602470265629
-22, 0.18424925220970745
2, 0.5853414012361641
-54, 0.5544664747920762
40, 0.252046341591478
-45, 0.6140409886902449
12, 0.6497566856994177
19, 0.3751999691459599
-12, 0.21619054859907372
-94, 0.5686558367496612
77, 0.7619182351300522
36, 0.7106969701034244
45, 0.5203932522549397
9, 0.4456026208626388
55, 0.3034899538704374
90, 0.2039161047011786
-51, 0.006706131575422436
68, 0.8114776210580247
91, 0.7588606772256318
-7, 0.9472650438220798
6, 0.6202284909337604
58, 0.40961839230568275
-68, 0.6181437957317528
81, 0.2918925854540322
40, 0.38246411803378366
-3, 0.5320147944497369
-51, 0.5311197101537047
45, 0.6510718682254553
-12, 0.993605624524005
-28, 0.042943443287303706
-71, 0.5767449252111114
64, 0.01862411959470489
-17, 0.08486210065486555
88, 0.6144461211013023
-50, 0.6291432283236308
51, 0.6968764796908287
52, 0.3885078026442128
-87, 0.7435264174907735
75, 0.47144063987524243
78, 0.012770807781773641
67, 0.9229292248471175
-25, 0.539052433641287
7, 0.701137047760686
70, 0.40299230460371427
51, 0.4704735798843833
35, 0.2314967866172799
-50, 0.8850941382242699
92, 0.2650268699609649
-81, 0.07060457802534292
98, 0.2579554881485143
-30, 0.11127124002869726
-28, 0.9770063559351438
61, 0.13422579231264853
-11, 0.494634175437036
-22, 0.6040417047357881
0, 0.47660990211128784
23, 0.6521459075824422
-61, 0.1346238011010853
-57, 0.5180728836208311
89, 0.7980464242812028
23, 0.14964038728403783
54, 0.40758551477246174
-64, 0.013898298812357934
52, 0.7167033668236029
-10, 0.0830022419623484
3, 0.026578662822231425
-81, 0.24357151430547508
-12, 0.4018540761561451
82, 0.7072855196453067
98, 0.06276145464409799
-13, 0.8819921207640126
-64, 0.26960519238792646
-58, 0.49034969896605063
53, 0.12266864328863225
-49, 0.335931046670883
-37, 0.07293300844059736
95, 0.9950598406903967
95, 0.021706396465791866
-45, 0.6277998043088978
75, 0.7780886598858264
-99, 0.37603224250488465
44, 0.9523854044778804
-83, 0.3591661851881113
-3, 0.6649808562619015
-47, 0.858285844340492
5, 0.4501473203924421
-10, 0.7341702224564542
-7, 0.5089234486696897
65, 0.8602626206952889
-38, 0.25063236768249075
22, 0.45132310230505734
8, 0.17451671942745783
-86, 0.8839897528395909
89, 0.7558773696784179
54, 0.5176159929159067
37, 0.38656868241912545
-7, 0.3464446212967708
43, 0.32315059819949654
95, 0.23541620709720756
-42, 0.6264894735273101
-13, 0.7352545250386524
73, 0.46304057066421656
-27, 0.05879103049821455
-66, 0.013160682691603975
-69, 0.5660176932360569
61, 0.6482514493751923
-4, 0.23909212233602584
-37, 0.691899769658755
-83, 0.8549542438706028
24, 0.6584230665834973
-41, 0.2626717588565094
55, 0.7006389891837584
76, 0.6339575333536539
-87, 0.8169018028740465
-35, 0.005086907315007383
-79, 0.8527200500473108
-41, 0.5057910580286639
-79, 0.32070602405916115
-37, 0.05478524272448804
15, 0.9496090073351714
-50, 0.0286717530735926
-39, 0.050764426402052254
-98, 0.5655280834143535
14, 0.980971013122916
-52, 0.41541798417478903
-75, 0.00410236392279828
-80, 0.9902063138918042
-88, 0.5855298567169583
-78, 0.6746989404943616
-37, 0.9489393260361353
77, 0.9162236082368763
31, 0.788604722885553
52, 0.42235372640025226
76, 0.056082542954285164
-37, 0.9081703134719561
-42, 0.8435834772121764
-54, 0.6166769510917305
-54, 0.024320567231261303
-96, 0.6652424552878264
18, 0.18014526809454146
-61, 0.6220503355249589
47, 0.6775642283702192
7, 0.06612163577808261
36, 0.772824472028048
22, 0.9434228299766381
-40, 0.6170543040768312
75, 0.10602524952451842
16, 0.14197365100281867
52, 0.5528018670535536
68, 0.32283220410190994
71, 0.2233413601628883
86, 0.325225793104023
-97, 0.2160602713999713
16, 0.9385460316260101
-67, 0.9892622822525962
-84, 0.060123178009049205
-70, 0.4703851377621583
-22, 0.9853302001923081
-73, 0.8269302797971722
94, 0.7282212374601874
-45, 0.5187808490039777
-47, 0.9701532511032318
-61, 0.866519435552121
1, 0.4627223816543694
87, 0.592720249892374
-86, 0.20695285738789537
-90, 0.8503491916640117
73, 0.535455060048618
-52, 0.46214623873884286
-90, 0.907446926665009
87, 0.2954187596215029
42, 0.6718883837173432
-96, 0.22412062230254037
19, 0.2636288909828045
-39, 0.6123554838001908
-67, 0.4012529815304978
18, 0.9256233592978248
28, 0.4965910905417268
-83, 0.7147408098119262
65, 0.1140461623778678
58, 0.06119832661997093
84, 0.39932403618484136
29, 0.7667744046612821
24, 0.7357656263174289
20, 0.7331432587180285
30, 0.8665637605228439
63, 0.27247383060385044
64, 0.8251064161268158
-48, 0.47704573750975354
3, 0.12643474049044523
-80, 0.9894359674369831
1, 0.1687069872131176
37, 0.2123376599222574
-32, 0.9475746260050776
22, 0.24504920519083173
-93, 0.4033424120534158
70, 0.29671195340161716
-97, 0.9132291268034527
22, 0.2660632687425638
88, 0.5560979375095533
6, 0.8827041897235156
-89, 0.011151268670769987
29, 0.23135529280305478
-74, 0.3503999600630451
13, 0.010182459048375003
89, 0.578319791902122
-40, 0.8280301079955931
62, 0.4929441733108436
-26, 0.5229828736270178
-34, 0.44988912808064363
-53, 0.5355083495010263
-64, 0.2505218042849783
17, 0.07959492475316876
-28, 0.626392159764779
29, 0.9806468573721461
-56, 0.9327538631307961
89, 0.0665883852643453
8, 0.03231754444998369
66, 0.2760675476225488
-32, 0.061906393850572394
-41, 0.1474981132363049
-22, 0.21186968956027585
-39, 0.8081820535222921
-46, 0.956876604949873
81, 0.5548901426940045
-23, 0.9813565369314287
-15, 0.15542469212459764
-49, 0.8401773288292944
-31, 0.1592625486168847
97, 0.6434346617327518
-39, 0.11665186203475564
41, 0.1754978458916503
55, 0.2878725045460149
-27, 0.22795620848188403
30, 0.9159064183484129
-7, 0.32682400903022624
-98, 0.6818220368852594
9, 0.7701210540707022
33, 0.18584022259485655
55, 0.09135772210949433
-15, 0.07299708558192541
56, 0.789259209186746
-45, 0.3099017004751624
-33, 0.11379328728002158
17, 0.7446930997853523
28, 0.032492074327824194
-56, 0.12313629981486474
-66, 0.4402513968945455
98, 0.8460046567622347
-37, 0.4297371826444437
-83, 0.42837932107610466
10, 0.15187120316963254
-3, 0.9203729244206111
-2, 0.07419068723644073
30, 0.1548666270091763
-54, 0.04541456400610755
37, 0.4608137705017288
89, 0.9262946033404853
-15, 0.6925566565499018
-49, 0.42782582561240357
79, 0.4377929221136584
-41, 0.08744129482360574
15, 0.4780139364558028
60, 0.9111783664159243
34, 0.8797253106825488
39, 0.28314061582561745
-13, 0.23340494815126733
-46, 0.5021959430657176
-21, 0.6883334680026238
-25, 0.13680887780064732
42, 0.6966555073722889
77, 0.09868545164258735
34, 0.4085519468987401
10, 0.8094784942697375
49, 0.8172560326447986
-95, 0.5811820199924695
-34, 0.8740062405093733
58, 0.4982549647834512
-25, 0.857806943791891
70, 0.34104851283358506
64, 0.4885020115569687
69, 0.8466758401548645
-23, 0.47669598209246156
15, 0.8949041033193846
-53, 0.11041908581529636
22, 0.9840887554048149
-35, 0.3468585614277989
-2, 0.511790547625015
49, 0.6632746635821376
-65, 0.2626567363393483
5, 0.09129466594532698
87, 0.5384497873639493
99, 0.3525404383425831
7, 0.8377970605825661
-22, 0.8140672878520897
94, 0.4718547615731228
-21, 0.10322049059910843
63, 0.4552111358748474
76, 0.8410580428092176
65, 0.7813045134442862
-67, 0.48596177298833576
-75, 0.7270925343885541
98, 0.701466513538855
-45, 0.04192766583820917
-67, 0.14049495165132309
96, 0.8868190283763719
87, 0.046417849634075026
-87, 0.09163101323590073
63, 0.23341684299910026
43, 0.0853450102008324
-72, 0.261698147989635
56, 0.6286010976228598
14, 0.15348603878930045
18, 0.900805750798849
-42, 0.1341557950821587
46, 0.9586039745328466
-9, 0.6817482351762798
-16, 0.47507268568220395
-86, 0.12739058732090336
55, 0.003007042822751549
81, 0.5880786952906596
-15, 0.2547537100941131
-82, 0.8837940623419708
18, 0.8704810305266966
-50, 0.8925188919275107
-48, 0.9515701854061702
86, 0.523729479203755
-52, 0.2146676972889323
2, 0.4537668659173688
-44, 0.9467704533790913
-27, 0.2172112521005125
82, 0.770647476783652
46, 0.9871815797595483
89, 0.8297279972068674
-75, 0.6920108416719312
-81, 0.09656135544777755
-50, 0.1587473470202292
-2, 0.6319277533963656
85, 0.7942652383299316
25, 0.5280743036333815
48, 0.06077044453667413
47, 0.611706544611129
-1, 0.37842557992780146
20, 0.27619899873722975
-14, 0.029211814842232897
-96, 0.20919644127971448
92, 0.6316740022489268
-6, 0.255755971206473
-90, 0.11902820321093299
-66, 0.9595211723716734
87, 0.256410579049292
36, 0.4611936108785277
-43, 0.002782053099622539
32, 0.4408468097038545
-57, 0.9630397225315537
77, 0.9374105023721477
-31, 0.40126976588549823
84, 0.6391097090316635
96, 0.028987192332590395
46, 0.7093988389786471
26, 0.7103370422116406
-72, 0.8635350119754401
-49, 0.891451177175135
-21, 0.1038311660381972
-6, 0.9783852521817424
-81, 0.8197047108010179
86, 0.9547137494885433
-89, 0.45738517756414443
-88, 0.9469968805944197
-44, 0.08752447696980992
-25, 0.425580321262816
87, 0.2891020997903948
-49, 0.40463128309804186
1, 0.4989615208399608
53, 0.16183759215151194
-61, 0.5519571681282733
-26, 0.6706187026708301
28, 0.21513485602221105
-42, 0.7737131209095239
100, 0.16180076538630817
-9, 0.39285406272768986
69, 0.48917285367816876
-9, 0.019612177901222383
-1, 0.3223668798227656
50, 0.454347162909159
86, 0.8639076364506985
-8, 0.5689292470419297
-11, 0.6469341816086607
-98, 0.5557212038122846
28, 0.7125966579725151
-49, 0.6626650824292905
-61, 0.01828082037740919
-23, 0.9146418568485003
-44, 0.8335612324056362
-29, 0.36699084955175343
15, 0.6816818466939614
42, 0.9162539891812592
-18, 0.6547117576796203
52, 0.10004809343281751
-86, 0.3831641849683014
-92, 0.6287228320760271
3, 0.07703907076311123
-92, 0.8060905101960613
91, 0.5032682558493056
-99, 0.7825968534719405
-88, 0.03372905964055295
-74, 0.44676558333617455
7, 0.5970884614586324
80, 0.5126487496656594
-37, 0.6145514383675773
-97, 0.27396093735908555
33, 0.9129979663653147
-77, 0.8582222652683466
-68, 0.017916934668831375
-74, 0.6841781699613728
73, 0.030857184169935548
-42, 0.9196705169657909
69, 0.9510294385991112
94, 0.838994041815655
40, 0.38489578337229735
83, 0.9763292757209565
-30, 0.24049210051154335
-95, 0.031236831840366297
-54, 0.9405900090893742
-60, 0.9796952608392386
-96, 0.7368799387768012
23, 0.34000064071640146
-43, 0.17195580781852604
-88, 0.9670237965177301
-37, 0.6301455418776127
78, 0.9221280149730483
17, 0.5112165995316331
-22, 0.14325128973388257
-63, 0.2344155417376773
76, 0.6109424257142091
-22, 0.9775974657187638
40, 0.3028591420231793
33, 0.6670631912264363
93, 0.0366528676578487
2, 0.7571107942656067
44, 0.6884142795410952
34, 0.6242647432408588
30, 0.8270191833642848
-74, 0.164937576562733
90, 0.8245726162805241
-52, 0.11419333471280657
-35, 0.43096399399719776
17, 0.8959981345968887
-19, 0.7858970301245634
13, 0.8960593609654864
-68, 0.014717516322412472
20, 0.7449249306453883
-57, 0.3635036437121303
-8, 0.45622947712674156
-84, 0.7004993012233881
23, 0.5148131120262219
-11, 0.48271848889769187
-56, 0.6446049527996891
9, 0.38075604741489444
41, 0.0030984472042918654
41, 0.7916420027423203
-63, 0.09286994625548073
66, 0.7071887792945505
60, 0.5360148928936446
-1, 0.728745373386367
-80, 0.24217264589969179
51, 0.5348922829666448
-68, 0.5826662124139832
35, 0.30046777101842115
12, 0.4027942020393269
-1, 0.9351855495701136
12, 0.29314301164798406
15, 0.8290636266094396
90, 0.6632918141968408
-80, 0.6591571412684691
77, 0.6595066732231817
-52, 0.4457181019400198
82, 0.14437499196180192
97, 0.11886786608870858
-35, 0.17873990220253266
90, 0.16259538520451433
65, 0.17357282164095456
-82, 0.04990647862700548
-47, 0.9776288055677912
11, 0.35273525274135753
2, 0.6241999363730492
97, 0.49404367892042644
-78, 0.846888387240018
-8, 0.6957952939459318
-7, 0.7499651365032182
-52, 0.338673753446063
-88, 0.9900501744754224
84, 0.7589984948275782
-57, 0.059716675274444686
69, 0.31636065969453686
33, 0.36192067401452077
82, 0.7721537561360274
-15, 0.17442213166304266
86, 0.8081970419050036
-63, 0.976950255954981
94, 0.18364127747964532
-57, 0.1574132343991339
-89, 0.9771749343769316
-48, 0.2528812065829237
83, 0.4036107303155795
-39, 0.022944507430316508
40, 0.11447397094818568
70, 0.5956513624365648
-89, 0.4538293471734941
63, 0.9160437749316527
88, 0.8868280445384059
-96, 0.8204950243451118
-55, 0.9023239479599354
59, 0.7410992721063435
80, 0.8850289046778614
-58, 0.39785853825470074
-9, 0.8352570431244059
-72, 0.9720530971911209
-68, 0.2911780142614061
100, 0.3904360034212716
-55, 0.6310994440835576
-36, 0.43585816413195455
4, 0.48741852390166385
-13, 0.38972610559432863
41, 0.979879576635423
7, 0.6189118793974882
-17, 0.07580225024103093
-22, 0.5553956540085887
-56, 0.7798855449008355
42, 0.689630270703788
-89, 0.8811379715737565
-41, 0.9376536792624629
78, 0.23390704841101517
-24, 0.9742138223276526
28, 0.04871748533934428
-31, 0.5279609368915645
-30, 0.465778449933283
36, 0.23246674011407797
52, 0.019507772517012634
-100, 0.6515716942694239
-71, 0.2989452794820192
69, 0.6954485631276925
52, 0.1728037346274378
-13, 0.29390807063047064
19, 0.5775563671926719
-65, 0.3564209228721622
-97, 0.003788939377541878
30, 0.4408408313464903
-79, 0.3739590614070266
85, 0.253159151035529
80, 0.12734017391918873
-64, 0.9579381550932946
-63, 0.35439889645638656
-23, 0.64782635315596
-17, 0.47665727531175195
-51, 0.7821646111705997
-35, 0.7008595090463097
50, 0.9451524506584198
-48, 0.650873936593654
-49, 0.7534270106505174
-58, 0.5502641433716571
-36, 0.42452390557085506
-89, 0.8258724227274937
-66, 0.8246434186032287
42, 0.5073889092905172
-77, 0.6200169842024207
99, 0.5343693381134094
84, 0.6003112204453204
25, 0.40869035036866164
-74, 0.95605601982827
-73, 0.44828780326000117
51, 0.43774888384270216
-62, 0.008467181401204171
-21, 0.9648059926149563
88, 0.7072291560873007
57, 0.28249375847196456
46, 0.5999313683524201
52, 0.12287400777825852
-2, 0.522953895328642
27, 0.4287599026800504
91, 0.11801711682735883
26, 0.6891018581503819
-46, 0.08267852705259104
-52, 0.9318140042079585
-39, 0.4586569937175726
71, 0.09450972319371087
-13, 0.42650275223260115
0, 0.6757091561184129
57, 0.44592669852322886
-60, 0.2584724982617106
97, 0.11439184393917501
87, 0.2527872491136641
-93, 0.38144482329464446
-45, 0.1802701585488402
-12, 0.9398016558769047
-31, 0.5089921378938094
-2, 0.837628201264632
17, 0.14169262717339115
58, 0.6499840765586953
24, 0.5792010587709499
25, 0.6459534380916128
-42, 0.3336538091685277
28, 0.9370421817088426
-37, 0.16095604142181197
80, 0.06158695802898018
-90, 0.4936912280683178
46, 0.9666793431354146
-77, 0.9482355305976646
-54, 0.7289738644541759
39, 0.35397294144789215
14, 0.8629400604252175
-59, 0.5112562328587166
-81, 0.7432027048034726
13, 0.4304899859924527
1, 0.2635386392799691
23, 0.03212549662531061
-78, 0.05277903735966283
85, 0.10475009627291443
26, 0.788507234355968
30, 0.705211718376925
85, 0.7795057042525069
-38, 0.07299113383559686
-64, 0.6897129867835023
-87, 0.5083601405328666
-61, 0.4787961538196094
66, 0.397059687055041
-26, 0.6504920371138485
-44, 0.006815456523312724
-91, 0.3152838363008805
54, 0.35100996758837133
-50, 0.8593850853088092
-78, 0.37101737962748227
39, 0.09628760034788275
-26, 0.4711462585236339
-97, 0.9149880555819426
-28, 0.8416404475224661
24, 0.33337023137372623
-9, 0.7901123147526999
89, 0.259975690369431
77, 0.45310062970411324
10, 0.3424351411043036
-98, 0.47615033529562145
-19, 0.32689867140096396
62, 0.42954022627249133
19, 0.7567465820164521
20, 0.47001213287058374
-89, 0.5300425564649395
60, 0.679933317185441
-39, 0.5356408678931315
3, 0.08078327446883127
-41, 0.5249577783771854
63, 0.8334432570510769
-44, 0.3969615136785579
-47, 0.20304174025712285
-1, 0.7965769214906914
34, 0.2791614656874166
68, 0.03743668846810155
71, 0.3263115367196615
47, 0.2501329995111319
-41, 0.613241173384643
36, 0.6135871964751378
-39, 0.9820483858806475
48, 0.6904314491871931
33, 0.49951965118571107
-96, 0.00022429802861378967
-73, 0.33589997148833106
-32, 0.1418458922887954
-72, 0.985258542581946
97, 0.24944553193454566
71, 0.5502916697087706
-10, 0.692308606016862
11, 0.8016640169233125
40, 0.23686068083801448
-19, 0.1847817263121755
38, 0.7747512414837323
-64, 0.8795061137882071
-32, 0.40229655374828366
-39, 0.15391617590963513
17, 0.7092809054130101
13, 0.8346948804130515
-82, 0.02994062667904185
-88, 0.89588297817088
70, 0.6646846373134908
43, 0.8565378548028769
-34, 0.40899988246584007
-31, 0.33858571652239344
29, 0.06605605782513457
88, 0.596895721757999
94, 0.9418744100483804
62, 0.2182807816747233
36, 0.006958666587511875
76, 0.4586531669568912
82, 0.9850507425926455
91, 0.8037404896089115
52, 0.6951483450888676
-88, 0.07532463481582274
-74, 0.918219483908816
-42, 0.6900955353421029
19, 0.15683522628384183
11, 0.4464548539466232
-43, 0.2591131931891453
52, 0.15568664427353718
-38, 0.45515516469460626
-72, 0.49320863425340955
-77, 0.6813147612600066
-54, 0.8263960967944005
3, 0.9330003153111428
0, 0.935142109423705
-25, 0.5419533004582104
-98, 0.9348142471070232
47, 0.9646103979666627
-87, 0.2343391796613742
25, 0.11992348172306855
7, 0.8414913827942698
-32, 0.5789461290577991
6, 0.7127769900295606
96, 0.06554502613640467
58, 0.8723320375035096
-27, 0.432911139958445
-31, 0.3499255918559069
29, 0.9258756526177536
-95, 0.9340010214738527
77, 0.2800039453384272
-63, 0.11363467105826897
72, 0.4607110633645789
45, 0.6567961743941673
67, 0.9473990703447598
96, 0.4762493595311518
82, 0.09886270857604407
-26, 0.7291642947113678
86, 0.7985268357903761
-39, 0.7681287519364554
87, 0.9197514790219709
-19, 0.9951623006299721
-35, 0.17031342240387126
-96, 0.10786633493049302
-2, 0.014204648242537754
3, 0.19070982274154158
-48, 0.3146656531466693
-7, 0.5230452714724239
67, 0.893787678415246
-80, 0.48354144739881
-59, 0.5639219113337941
-6, 0.8946380215548261
87, 0.055673995829895184
43, 0.1434280720319846
13, 0.7799712315537006
4, 0.9059713556394174
45, 0.6855351628877485
-70, 0.9226029381697659
31, 0.567370004044625
56, 0.6551176515368187
-43, 0.6814893443624652
-56, 0.6885177584069081
-98, 0.2966106858838571
-95, 0.580607389592996
73, 0.40443588295518706
48, 0.07986684730308813
65, 0.4800878169688285
34, 0.581534586825477
-39, 0.8930773065330831
-37, 0.01893336548757385
80, 0.6682541582484876
4, 0.0009852917227697322
55, 0.2251065575082073
-57, 0.6044666553861076
-57, 0.5734622512630797
5, 0.8328449055004509
-79, 0.7090119688235256
40, 0.2798406260771975
-97, 0.7275401464421127
98, 0.8342693567326142
-50, 0.4041533872479641
-65, 0.15265657454149617
-96, 0.9289649061642099
-76, 0.7921333789245202
-90, 0.8764139077619524
-94, 0.6295250669847292
-61, 0.20915037123792302
39, 0.08236415437269129
-13, 0.8985371481892784
25, 0.31001176778740325
29, 0.35614195890682965
-92, 0.48269635640507524
90, 0.29884208465142537
59, 0.38641736715334796
-97, 0.2353109148201663
53, 0.3286626568307842
65, 0.5107269377823549
76, 0.8055496133889429
-59, 0.6192467163723879
65, 0.8216113192781839
80, 0.9656725604487884
-71, 0.250677499798449
-45, 0.8102685198790951
-22, 0.3005557844396627
-97, 0.9863037122585185
42, 0.7437178712181074
-27, 0.8081577878442
54, 0.5038575446483962
-39, 0.7636826380442614
-34, 0.9437181933138937
95, 0.9852589314208262
-77, 0.21804643093074982
93, 0.9668523299157031
91, 0.3574336394170786
-22, 0.5997705737764494
28, 0.5119836245637445
-64, 0.48638640873247874
-67, 0.5719813463399536
61, 0.05551983176136721
4, 0.6202313764972281
-36, 0.43580246782835586
77, 0.3411688381628416
-95, 0.2781039831673445
40, 0.4553332655614387
82, 0.7496904829778513
77, 0.618844991993993
66, 0.35775190710895177
90, 0.9662719270740521
46, 0.46148296015722334
-51, 0.1135423635280155
-81, 0.8415334631517994
-23, 0.09354809942890652
-25, 0.013716985188611308
97, 0.9761720165945525
-8, 0.6661324923996295
-19, 0.5542234792402029
-3, 0.07021912709422695
-27, 0.8910045350065913
-87, 0.004833063341110999
-72, 0.6703070616500874
-70, 0.9367704849693232
53, 0.9933457579751666
-22, 0.6481686455106606
39, 0.4866327317281821
-59, 0.06602234975054966
1, 0.7020960079393304
94, 0.4404941598249018
72, 0.23252361432797075
-16, 0.367511920881884
3, 0.6766773967461959
94, 0.9568144412672945
-25, 0.013123486469342138
-82, 0.7147825042326801
86, 0.947714050302055
-61, 0.9497785013570221
-98, 0.6541830974735892
31, 0.7603272172022
-28, 0.3887016306933555
-31, 0.15287783278864253
9, 0.9622301717764206
-29, 0.9286894327834166
-75, 0.7219814973554158
-68, 0.08892023764822332
72, 0.021294283369570288
40, 0.48177381857703694
75, 0.7286910609015366
59, 0.6889458291955673
-8, 0.026925714720141825
48, 0.034400181697759935
-6, 0.5409509160048543
-61, 0.8576782923917206
-68, 0.5857763959342193
-79, 0.7410244564238105
-35, 0.8277946398797801
33, 0.7651575525375864
-43, 0.6170858397680201
71, 0.9321102849368043
83, 0.7183334345680916
-40, 0.830072569827175
38, 0.062077550407904636
100, 0.4681082745995706
-23, 0.10253253748848412
-48, 0.7036840898141477
70, 0.07647921481590148
-32, 0.5282734266413829
-16, 0.08170656931630027
95, 0.17112897031388807
26, 0.8741495359495233
-17, 0.28443087716912707
-25, 0.4889207532823546
-41, 0.42020131432804597
64, 0.9569997819075324
-17, 0.9982585944584259
8, 0.2985256978593205
-69, 0.6409235113610819
-35, 0.9929005840722022
-37, 0.48440753645336887
-75, 0.5955208309692861
-3, 0.05432200048650948
-79, 0.13528141323608966
-26, 0.41093802457897755
53, 0.12687285988749175
-97, 0.17221873323998993
62, 0.38065669586719875
69, 0.5010821874071466
44, 0.06081775514350651
28, 0.5983236681988384
-95, 0.6255082720645805
-14, 0.8927765191955571
74, 0.03259955480651078
82, 0.077793321713023
-73, 0.5076737982610928
28, 0.9283842733538439
-5, 0.7346537269840911
-37, 0.5373714184893337
31, 0.49474936848315176
-19, 0.896167192245751
-16, 0.3591982306729411
-59, 0.17316571702492445
41, 0.7727053746290545
91, 0.4021681591260623
15, 0.12126244833594335
90, 0.5754695833785435
77, 0.9657755676044373
17, 0.15335194219975745
-64, 0.8218994524863458
-3, 0.27161475362032883
45, 0.9434006299765615
-45, 0.3812889233429926
14, 0.9451175665655085
31, 0.5564735916667234
-46, 0.33931419166630583
-23, 0.7071633253220474
41, 0.8434897231150826
39, 0.9171084893501753
57, 0.671572054230014
66, 0.5112272357316819
56, 0.16769071962948923
59, 0.2568026029397211
79, 0.14660122880180892
20, 0.7159605649722968
2, 0.7193769240718025
18, 0.055498535509101776
-40, 0.6241081617361689
-52, 0.14472970901678506
87, 0.031781205674334956
-78, 0.5872832424245955
-92, 0.7211850897037525
30, 0.018593659105320515
-40, 0.6355297802727948
-16, 0.028413618448991818
-70, 0.5648423467835754
42, 0.06924233921088263
-12, 0.2693825520758053
98, 0.15162849373984122
40, 0.4002206328741442
20, 0.8693753429158858
84, 0.3176881573033512
21, 0.6161526000561035
38, 0.06926210224856943
-70, 0.7663611654678634
-41, 3.660633319113593e-05
27, 0.7021111351023842
11, 0.9736932835903008
-11, 0.5137406435664482
66, 0.6954896635561385
-56, 0.7564883178457744
-32, 0.8487820703685417
82, 0.8059666442991633
-22, 0.09834574282406772
76, 0.43516819036029497
-24, 0.3153034591212919
22, 0.9535390898423113
-43, 0.9625220504793548
17, 0.9458951713813268
-94, 0.15916136308444373
61, 0.594181601514132
-71, 0.019936966366908226
-88, 0.5359041435377545
-31, 0.6662743218320835
-47, 0.6410983412745973
54, 0.025523324424069238
89, 0.8541385828030631
63, 0.1533774750174134
-22, 0.3968818779329447
-81, 0.21445882719271903
78, 0.4161676464545979
72, 0.33292392401924786
-81, 0.7905396615736465
-70, 0.29900685500544955
-38, 0.24190016082363608
96, 0.103042689090723
-4, 0.6049533510348141
-92, 0.9170589821954167
-90, 0.9491584165330029
10, 0.4610543380472122
81, 0.1333383356186224
-69, 0.2532271682815699
49, 0.7765852662551517
96, 0.8942636889572233
68, 0.3857551570466715
87, 0.39480208949995355
40, 0.07974125900716478
-16, 0.7933569239660319
-31, 0.6743085046807222
-5, 0.043209682025076135
69, 0.5649385703501243
84, 0.4633931386667932
54, 0.799718174622481
-21, 0.5607563056082673
-55, 0.6638430428659324
-53, 0.5037412690880698
-94, 0.8087502665492493
6, 0.5308569248380626
86, 0.23990587842969202
85, 0.518154749832645
68, 0.7966728196754144
82, 0.8076605450783194
63, 0.12890248387175496
-76, 0.9996288193236271
-2, 0.12106502508277628
-36, 0.860343160243339
29, 0.4950267886202395
-8, 0.5832391938503728
72, 0.6774953308099331
-57, 0.9739601999726137
96, 0.4402442729726668
-95, 0.9036497549764977
-50, 0.16378324402769417
-89, 0.10912398839058768
-53, 0.782416742301724
63, 0.5101360198246923
9, 0.3287761536944276
-13, 0.5557666982903622
56, 0.8175582684401979
-93, 0.0019561236577800845
9, 0.2747607775410097
9, 0.15169745458482076
-82, 0.6337498355068127
-18, 0.8677241151147155
-31, 0.43667925801505436
64, 0.6759320559159371
44, 0.28409378407459784
86, 0.5686393549962436
63, 0.8497315682178571
-27, 0.577728953715266
21, 0.5507374309373536
85, 0.5711510108685544
98, 0.49316514464596495
-77, 0.7612833739595605
60, 0.07337705484894774
-37, 0.08161187755239085
72, 0.10521702477092953
10, 0.9733878149196116
-100, 0.8076195152881189
0, 0.6161539920382958
9, 0.302127834011813
3, 0.2953277328934535
-33, 0.11547709372994608
38, 0.45508295135870935
-69, 0.6175972980836756
18, 0.6216650680232353
-8, 0.08272185506203278
8, 0.027335082519588716
37, 0.8750149992754923
46, 0.14368587782811393
-88, 0.2315450431715902
34, 0.09563811858637705
-81, 0.05926085820165128
10, 0.7759600772474803
80, 0.019552983277272618
56, 0.13482755758488696
9, 0.07016541114178843
14, 0.9652329130782752
15, 0.7123469550231842
-30, 0.9099990034129476
-3, 0.16730816397658155
-43, 0.18973353730081766
-47, 0.6305272435760038
29, 0.6484285178651591
74, 0.05923242582402777
23, 0.7726796399748721
-7, 0.8438873920307182
51, 0.12861241766308695
82, 0.744592712993569
-12, 0.4697825339019016
54, 0.5151300244688487
38, 0.26143374373896433
20, 0.0354583945796032
-3, 0.8643754102504948
94, 0.44264660734753725
23, 0.43680533776187325
48, 0.21576482063508107
35, 0.6351966102647582
99, 0.49376080485360996
-89, 0.1493596593101586
-73, 0.561635005578469
84, 0.2465739055830367
15, 0.3190663456460424
90, 0.6739493617013382
87, 0.007068344675324134
19, 0.9560967992426983
22, 0.45524265957517474
-87, 0.8833505666121557
-48, 0.8518232368968386
51, 0.5590687357653334
-18, 0.8587923539855635
-15, 0.18973606849119784
-40, 0.5977611540385286
-1, 0.3583944408212961
-41, 0.40739208381925285
-58, 0.9188540316932586
89, 0.44868704511314994
15, 0.6365710219927765
-28, 0.2041428428165155
96, 0.20129391286868203
55, 0.8359113861609728
-49, 0.13860492927742796
-38, 0.30679040782483213
-32, 0.528607890453542
71, 0.7791271310029643
-28, 0.5426889567502461
-30, 0.9207937991815646
-2, 0.5060002527221469
-69, 0.6752164582139548
-99, 0.7652754428828
-97, 0.46767973884307645
-64, 0.5372064906625135
31, 0.6830884970754145
-19, 0.9800145581045222
-16, 0.4632071104658919
-42, 0.6536730543194051
-12, 0.5686359780311587
100, 0.434377585971353
39, 0.9891968769609926
-82, 0.38721468850619045
27, 0.5692205794860571
-10, 0.08393339942816647
-26, 0.7076575319906682
-5, 0.810084519775438
17, 0.9374277991956972
-90, 0.2645032905835025
11, 0.7847862683413745
50, 0.5043418709561946
-1, 0.8106734634155457
74, 0.7811729524770025
6, 0.6279285900950231
77, 0.4872230556494631
43, 0.6972289214769641
-94, 0.06020835778305511
24, 0.5823737588398553
-85, 0.007970160356624012
42, 0.874865256107288
-9, 0.6513113927276417
91, 0.04297706051453165
-35, 0.9214575099060687
-74, 0.07095149734793793
-40, 0.9661142885935744
81, 0.09894779599421666
-8, 0.8546467634908087
-69, 0.5635898835901486
95, 0.10114270278100301
12, 0.18019198803190462
-86, 0.8062183341111099
84, 0.7660430261982218
-78, 0.07185537684516197
-48, 0.0830946178520865
96, 0.04280273847803806
-15, 0.5043275624332307
-10, 0.1652909311539864
8, 0.5499886640889013
70, 0.22718462884290258
13, 0.4207915138312176
-91, 0.23943238056554272
16, 0.3747137710837304
-55, 0.7721980898397555
-40, 0.21095570747876746
40, 0.14488071536584202
-6, 0.3647317313651346
-26, 0.3750341692148411
-50, 0.7634542235928599
-3, 0.584255216687777
78, 0.3673170508007061
-98, 0.17569830324932434
-49, 0.08651352061081063
16, 0.46184525402977616
94, 0.6938158393929242
-46, 0.38598559461568216
-46, 0.28024800258320826
66, 0.7373630257179852
79, 0.14666650382915947
67, 0.5305915231781154
-43, 0.49757790816691694
-66, 0.7114872005585955
73, 0.025199340828449657
52, 0.6909860699940836
58, 0.06814783993012452
-21, 0.8491165119853156
-81, 0.8363254476375863
78, 0.9978307459741129
-38, 0.6870616335795077
-75, 0.3389111396599599
98, 0.660268086270271
-82, 0.275447026217954
-30, 0.16236935940343966
-43, 0.812807783587187
69, 0.7849469045591869
94, 0.22233357922643615
86, 0.8565477946459397
-40, 0.20339249278214633
-40, 0.07616042817952251
93, 0.1618522987119787
92, 0.36231524540688176
35, 0.6589667662866779
-63, 0.8440701457464062
84, 0.7596719308203843
88, 0.7223149675273618
12, 0.2707070835077271
-43, 0.6229779574584227
-99, 0.8465440191909114
44, 0.9370719907891919
14, 0.8705997097921622
-64, 0.4576790578565191
24, 0.9393654301667392
-17, 0.23490470110685802
-81, 0.6232323864193873
-33, 0.6071615150347675
41, 0.8272316560694103
-10, 0.3771792716868021
57, 0.6907130918582826
-77, 0.9908658910268148
98, 0.2762497367365653
-13, 0.8210033064630964
-62, 0.8474542829627619
-97, 0.7040074638202515
6, 0.5428216067345994
-86, 0.5020584362684906
-40, 0.8686021786727952
57, 0.17102579459142042
-82, 0.6066167695952195
-15, 0.3828839377761821
4, 0.3155573060713761
-16, 0.23640471642379635
3, 0.5299238694196492
10, 0.42216443831585426
1, 0.8365347560496974
35, 0.8143121150756457
-52, 0.49167624011622335
7, 0.1356586406557294
26, 0.0013392892490871056
26, 0.43511487924551906
-5, 0.74812345082945
53, 0.26937076589864695
49, 0.9133576188298345
90, 0.017114500466831828
57, 0.6376785642318591
-69, 0.505894035844465
28, 0.03987350581003879
38, 0.5355762439473103
-30, 0.2910471423777573
47, 0.17645458894106958
-80, 0.22117069738890038
-72, 0.37597976748899764
-42, 0.4372432367736616
26, 0.08512162307709348
50, 0.18627951130548126
24, 0.3999530829236301
-89, 0.9586577530843814
52, 0.995654304560626
-34, 0.6074848104205388
-92, 0.36675869381541615
-58, 0.20186355779719867
95, 0.28247703893631504
-52, 0.6070197528093649
59, 0.54953215844173
11, 0.0022415083621988297
-17, 0.07383751393883331
97, 0.2234218792797954
81, 0.9338107662872439
62, 0.408315475962593
21, 0.9767490724148044
79, 0.45680691861081935
-18, 0.9149139290057491
-49, 0.3163123023462251
91, 0.2594493850085233
43, 0.0649884937460159
-41, 0.768453358539616
-71, 0.8888130106601068
-69, 0.8457508653881106
-84, 0.13220676945908894
99, 0.2685713734533892
42, 0.8028597345347128
-69, 0.8954785707458061
-4, 0.8259727358999704
-13, 0.01131571837123635
-84, 0.32053987900835434
66, 0.503891974629041
-42, 0.12164881590544163
90, 0.48597292113421275
-100, 0.9270121395616949
-2, 0.9585343305301947
-63, 0.33134564169764047
-5, 0.039907686419478505
-59, 0.913621183971325
-42, 0.4708840511560377
77, 0.5702712618438097
91, 0.9127973576648746
-9, 0.3597576599188387
-24, 0.744916652459929
-37, 0.6084524497248771
59, 0.795666602775799
-21, 0.8275607969877088
60, 0.1517006807648057
-67, 0.43178746045826966
42, 0.0682993525150104
29, 0.6951407678677768
-56, 0.798439851211243
-68, 0.1097201493495571
-37, 0.15247423388558146
-45, 0.25324171285048325
87, 0.8596964900838642
-53, 0.9014667166140647
-52, 0.3202591747801329
-25, 0.1373939852978746
13200