3500
1, 0.7302994842553419
-84, 0.7350787169273466
-32, 0.4440157860420566
-10, 0.5964520651807399
-97, 0.04973062246664339
-18, 0.12201058276405674
8, 0.9800486538688599
-3, 0.7255919690339515
-76, 0.00876805966384897
30, 0.7234170435986876
32, 0.14818035263985674
-13, 0.2185536660091294
-92, 0.026426975552238496
-60, 0.2493297014981647
-89, 0.34537600542519686
-82, 0.0778464226447958
-69, 0.33119869421984993
22, 0.09663556391926931
38, 0.02232283097483212
-8, 0.5074239288794342
62, 0.4141990939490626
-40, 0.24839358929774535
-89, 0.7375933105793775
42, 0.4498087771959449
-56, 0.6361571666979591
-100, 0.24566244781352164
37, 0.7189655495888982
83, 0.9638419393147616
-51, 0.7084967658384854
-55, 0.24645887052968662
68, 0.5164315090154702
-65, 0.8728481657040067
32, 0.5760475249796416
-13, 0.24667156543014757
-92, 0.9328418150185168
91, 0.41327453100256606
-39, 0.34252159380931546
-22, 0.8621705809352835
75, 0.951667440628285
67, 0.7499156090201001
10, 0.644532711637262
68, 0.7686203456894034
-24, 0.14721398500221228
48, 0.5341138429085095
37, 0.05880283213121351
35, 0.622509086687033
-57, 0.7510803562380285
-5, 0.9174434234448173
45, 0.6873564953527845
47, 0.5853999058515306
85, 0.6100803285539941
41, 0.985065399951497
60, 0.6963353193771746
77, 0.46945857785878387
-82, 0.335674579857006
29, 0.5271000132614093
44, 0.7285952810423963
-60, 0.9237823639483069
-19, 0.260843803788977
-33, 0.17331221553592535
-97, 0.7185004618981513
95, 0.8352361197317715
-72, 0.6182909226859868
-79, 0.3691342167544822
39, 0.583670740838345
-39, 0.4012674484474258
-14, 0.3282424821856603
99, 0.8480930926733602
-37, 0.7486839737202295
8, 0.05975945874472732
40, 0.29386511540729443
41, 0.47140856368893114
29, 0.01886536085731616
99, 0.8923111809291064
-42, 0.2526689453082348
58, 0.685020371463237
-25, 0.6433431538719298
38, 0.7341416108522925
94, 0.728508345238196
-74, 0.3402276838479117
-6, 0.10736478289365226
97, 0.3157087667545275
-41, 0.4696631616034532
-98, 0.2822831454288368
89, 0.8315283644969864
6, 0.4358949733680376
-54, 0.9335024795679316
-2, 0.39084167289937244
-62, 0.018849326308743808
14, 0.8222459687868743
-55, 0.37677903364937526
-90, 0.8356115989526351
66, 0.8865550028679168
57, 0.3850290705796042
-42, 0.7924502290820591
66, 0.30133357533379623
79, 0.35802182450737174
1, 0.4884310722759503
-1, 0.4125617905647546
-92, 0.9142999950550235
-72, 0.14430111459285755
8, 0.8028550319750747
-91, 0.14652690291514903
-7, 0.7165437681898327
-76, 0.1047675133311412
74, 0.28133417503253166
-22, 0.1524873778842799
-54, 0.5448325438356404
94, 0.8865505518200425
-52, 0.36155449123888606
19, 0.286273900812243
-69, 0.15612702893660046
-20, 0.7836353506724226
-41, 0.731652145365213
98, 0.11050796369444038
-54, 0.36345435246568447
-42, 0.08506576180363246
0, 0.3273842611880583
-76, 0.4691120071964424
-54, 0.8318890206320212
57, 0.6463571141928751
61, 0.22096132686992254
45, 0.7248438864626079
34, 0.08346460865122962
-11, 0.01916328223429853
74, 0.7286377524147213
-37, 0.21748667981992376
44, 0.3693294768817563
58, 0.5677334302188257
-77, 0.7388484999717384
-66, 0.08283461954073978
-6, 0.9765755929990696
25, 0.7675362999730331
-44, 0.6411580644803562
-100, 0.22771088488826485
98, 0.5882374815792654
24, 0.44858997595396555
58, 0.5961794781662273
-25, 0.03144561982068528
33, 0.33009312547404535
32, 0.27845085359886335
87, 0.3953777346090478
-79, 0.6129824623994747
4, 0.1585502098901339
72, 0.9174978265020413
62, 0.08613923222627895
25, 0.8261336091171021
12, 0.7510519457897432
-42, 0.8336643481436191
41, 0.736897900131025
-29, 0.8268987978294405
-34, 0.5951837171172434
-28, 0.9690007102005541
100, 0.8627135413924668
77, 0.7413593868420193
70, 0.4982254076254813
-87, 0.17576604384386862
100, 0.4567731304248912
-54, 0.5702969701208114
71, 0.22294951833121668
-25, 0.19578342072681576
-91, 0.9533694174206243
26, 0.4355935893262788
3, 0.7756223457521204
17, 0.505924288194004
-50, 0.8615269437781341
-27, 0.8849386002421016
21, 0.044097623868916136
45, 0.4332580327750567
-66, 0.438779210140649
-10, 0.578858993690746
-39, 0.06802199640015782
-93, 0.6047658784982644
-74, 0.41138870839395303
74, 0.47186953091947625
-26, 0.43683171545864763
-4, 0.4548880564466692
79, 0.802998664562509
-15, 0.29923218879927727
85, 0.6095928233004997
36, 0.6286704572588072
-98, 0.693932812435218
79, 0.45026768623670554
33, 0.4871542383852008
35, 0.437252961099736
-43, 0.23296550598464305
20, 0.6279306157795488
-92, 0.31123375607090353
-80, 0.10014704086186532
-37, 0.5699048935408199
27, 0.3384910901932169
43, 0.18719477839602738
81, 0.7775130335801272
69, 0.10955296785126589
76, 0.14579865453147445
-26, 0.31226979168191993
-27, 0.5213552883908018
-58, 0.6358323066420123
64, 0.9951982449626435
-16, 0.6619553829231807
4, 0.6286566627948353
31, 0.7491810779082846
60, 0.2116831682203102
-46, 0.9709452777754694
11, 0.5763151572335847
56, 0.4494063263023643
94, 0.27993440443939765
93, 0.44250069257615166
91, 0.7122807753160705
44, 0.4074250141854714
3, 0.2549180715419398
-58, 0.974475506825544
1, 0.41709242705069527
-21, 0.416044080202572
76, 0.823931998344854
-4, 0.7785488911114817
-79, 0.9220757286557456
10, 0.7030021127099247
-49, 0.20824135542851852
66, 0.8750782115716671
56, 0.04332495104620537
-63, 0.5918520706206198
15, 0.5684072494186947
35, 0.4251535013909188
-96, 0.6238673027756877
-56, 0.5464544124527181
32, 0.17398945526474552
-9, 0.9194629908666493
-70, 0.40683432785716234
-82, 0.6565903202883014
-23, 0.44828624042759513
-90, 0.7970025261672606
-89, 0.8268711420016702
-26, 0.006187367299637314
57, 0.10468204177932494
-8, 0.6373849210050023
-31, 0.06354110813364777
-60, 0.03833566889096773
-23, 0.6512751417915904
100, 0.9775769485795751
65, 0.8957303877133043
47, 0.25535291839330687
55, 0.5040733448854182
-75, 0.34319196850935685
67, 0.958181408973545
-59, 0.9840113329570268
-53, 0.16945325936935252
56, 0.2780551442077581
-4, 0.7829908551016037
15, 0.23956711355916682
11, 0.8651326344088733
-83, 0.28914928612400537
32, 0.40688063519799134
-90, 0.4128944345173565
67, 0.35384404292531
89, 0.17535513410303893
-44, 0.17510142809495444
-55, 0.8937054433000452
-18, 0.7554756428864801
4, 0.1652276429485443
78, 0.5523336741489889
-43, 0.4226145230576318
-35, 0.26934517011202674
54, 0.14874164046110805
-84, 0.5294512279706193
77, 0.2566017172502615
75, 0.2843888544927241
-85, 0.19242439690358093
-57, 0.5909453960581579
52, 0.9406063660026867
-2, 0.6613481052122541
-26, 0.4740052858219037
-2, 0.7216955054702358
-60, 0.06117662410248892
30, 0.967089727932759
-4, 0.7177458089701826
-19, 0.36214306525504736
-86, 0.10247313212498432
-68, 0.5059785482230722
-79, 0.5459902316319019
31, 0.47174344883232067
61, 0.44928616181711634
-13, 0.01397304627555307
43, 0.21124499715951273
57, 0.7325268807765679
89, 0.9792904250242567
4, 0.5340511248771065
14, 0.3769379232008364
59, 0.9274655253885616
15, 0.7720193189900054
-51, 0.7184545362299739
-5, 0.3255049373901804
-10, 0.36259839378241754
78, 0.8468703997927435
-8, 0.9977912632502994
-91, 0.6998080111248373
34, 0.8019802552822238
-21, 0.27868579640735747
10, 0.6452036392304314
-89, 0.4593922171628755
-41, 0.08515734322513546
33, 0.7268453028680999
94, 0.063678071631179
93, 0.46753996052234326
34, 0.05365140984328731
62, 0.08544854814987513
-68, 0.6932182870648275
-87, 0.7431642712489219
-76, 0.7752768960548108
4, 0.19992771225746053
62, 0.4605025221002029
-91, 0.38495679214325573
-3, 0.5085284800281699
38, 0.43645355463305646
-76, 0.35785508843941227
-9, 0.9973513700101926
39, 0.24400903165912846
-69, 0.7025139811018304
-72, 0.17128233814016092
58, 0.66917311086387
-26, 0.3489844307816615
-26, 0.4614345379046886
12, 0.2382468782440974
-94, 0.4170548897172385
-13, 0.8769689405963004
-81, 0.618767859604003
-94, 0.031681380970015716
45, 0.9898334038381149
61, 0.20657361756955783
8, 0.6830485559848841
90, 0.38307709829158365
39, 0.9974055253982431
-3, 0.5422361518932333
-51, 0.4931182847346679
52, 0.5585756350770553
-84, 0.484007938200413
-90, 0.5473615663719207
97, 0.6188889940874716
-47, 0.28585027955403086
-67, 0.41009980384136546
2, 0.05502434800661349
93, 0.874477871370649
-55, 0.6772422416757634
30, 0.6165261910015588
-72, 0.2543918973597584
-96, 0.8728264828280432
67, 0.13597353590707217
-50, 0.28097089493018623
-74, 0.36062647530671976
67, 0.5463971784079372
62, 0.9425211156890344
19, 0.1806815849032346
-26, 0.7791509658771426
0, 0.020578473240016826
-73, 0.1935596760357181
-76, 0.8235927950543925
67, 0.32665616228043604
2, 0.3443575312154512
70, 0.10185317149100281
-80, 0.42531275212328734
14, 0.40258583206622645
80, 0.5862436160376622
-45, 0.7626284506396235
77, 0.9853330608915462
-47, 0.5112407407371775
4, 0.4707126598073095
-61, 0.037289766484308484
-77, 0.24418398037498634
83, 0.9995963382128081
25, 0.5312135255984125
22, 0.9153392870843576
10, 0.2401645390049174
26, 0.711761852552581
-93, 0.9518240417239129
-17, 0.8918778718299117
-42, 0.03193404042397763
15, 0.18674471516115698
68, 0.7720605870739771
-29, 0.6410292931840831
66, 0.604015953538175
87, 0.7004187649144812
-52, 0.6201964483950962
-24, 0.3830544254173658
18, 0.22519519207076077
-78, 0.06553872652369896
8, 0.5019204264265205
-5, 0.05921980456171738
54, 0.8120228651600319
-48, 0.37622860944433323
-71, 0.8676648447101136
80, 0.45111928704515725
89, 0.09518567541700085
54, 0.21957663160582774
100, 0.9617899690230798
88, 0.11587526416781035
60, 0.42306168245043985
-17, 0.3939773379019127
-92, 0.13306255684248391
48, 0.9604912074270293
42, 0.24886113064920734
37, 0.9610234764994686
21, 0.0882999582976054
8, 0.5508113432922361
46, 0.7324269691339987
-37, 0.6665693728969813
-56, 0.6479480011112133
5, 0.6206903388035102
-72, 0.12484639457060287
-65, 0.8712823698181911
58, 0.5301412673012075
76, 0.4321240148364799
-5, 0.74975277384303
-30, 0.32116760692527535
-6, 0.1928358832528061
79, 0.17340122545818393
-89, 0.21028995839315856
-9, 0.6920760673363457
-78, 0.9348472853706373
-95, 0.6639831477562798
9, 0.022875665072236262
86, 0.2823472567418167
6, 0.8686788725981728
-34, 0.9571491784687673
-52, 0.14219595574473587
-50, 0.4332335472463673
-98, 0.8255304466853626
85, 0.08097646961662919
41, 0.3442852586138453
-16, 0.840515764468184
11, 0.8807682427191272
-98, 0.12264045146532587
9, 0.18355195238391642
29, 0.4360167428254539
92, 0.7173507641318507
-48, 0.5402061963697157
2, 0.406829899933829
0, 0.5620077868677786
67, 0.5616812868546107
-71, 0.7785088492945521
91, 0.7281908043853671
14, 0.7566351898684286
-96, 0.45931732226848343
83, 0.8901231088891732
-89, 0.5304662389737181
-38, 0.5560601992463109
-18, 0.25936798160859353
-26, 0.7991154771229309
-68, 0.47960952492319564
-22, 0.5238217519190091
8, 0.9893085004376496
-25, 0.27760565063145537
74, 0.662777431405011
-66, 0.927072281265505
-32, 0.5443587008233348
56, 0.909407740148938
86, 0.7223396195020663
-56, 0.1902738426765519
87, 0.9538811777042884
-75, 0.6640276736680604
-32, 0.13333565421599758
-81, 0.777968624985265
12, 0.37673914155853594
-65, 0.3311139448996947
7, 0.4094607311535937
21, 0.4179104927498637
22, 0.2537229028621729
32, 0.8669988923592349
83, 0.3310763466517396
-30, 0.09882448655717824
-95, 0.13070538385562613
15, 0.6393303408492088
-63, 0.46157922073212154
-89, 0.2779812516713249
44, 0.7808233556192199
66, 0.7640304381177763
45, 0.7027032644305047
38, 0.9115558283445625
-45, 0.8625472634232255
76, 0.2140737256500267
10, 0.4765177254154582
-55, 0.4314543809574699
-1, 0.40418234253478824
-8, 0.9427883856065414
-34, 0.008519942967196048
-16, 0.15918677845091023
97, 0.5954718738999936
11, 0.8616514669453068
-49, 0.5242273984914992
-99, 0.19899316100095688
39, 0.41215570190851714
-51, 0.4722462111112856
-13, 0.23345290065912472
41, 0.0036673705005052515
-7, 0.9464919539114709
-78, 0.31410125674926537
-31, 0.7677762668719773
-38, 0.6190957891286331
-66, 0.26114294701005847
-76, 0.11474866751589108
-80, 0.5170402861435379
-60, 0.4233569586566429
-10, 0.6935620335943292
-41, 0.46895464249489005
-77, 0.45749160535322475
34, 0.4278882698142674
-94, 0.9030468957145575
-93, 0.6476232765723462
85, 0.2673585599139251
5, 0.9116215080994419
95, 0.8590441056571296
7, 0.8472172243329095
-88, 0.5221502860527774
-41, 0.9270617224321791
1, 0.21720735756600718
-87, 0.30623572957800427
88, 0.9088542489066614
-86, 0.0628450743798673
90, 0.0822711802522329
-15, 0.6318358471277841
72, 0.9451488195656318
-52, 0.2585771794451467
63, 0.5839256867706384
-20, 0.9154746858000499
100, 0.5648027253310065
-79, 0.10115815625959634
56, 0.7837764371441703
-81, 0.12411876783971376
-31, 0.5194801305588903
-41, 0.821208972637513
-90, 0.3375707476281413
-17, 0.33507181703013034
26, 0.4779035713641252
-16, 0.6738472384491457
32, 0.3204237589343796
-21, 0.3041960401775844
-11, 0.30284736922351096
12, 0.43128846694967216
-78, 0.0354900214084628
86, 0.7095104241914671
18, 0.4099933103310719
14, 0.2504730961905891
81, 0.8513593933620381
37, 0.7369428871304886
62, 0.7644218812684866
-99, 0.6345682965355008
62, 0.5248614381824851
-82, 0.9556632561121131
80, 0.5012511511980121
-31, 0.796733578685269
92, 0.7783778153149781
69, 0.35821550617201026
-25, 0.5836409616591172
-89, 0.1744826162845603
-7, 0.30244828902615184
85, 0.6987736684070646
-48, 0.00038733939996216105
-35, 0.2464921309845436
-29, 0.17370415975345488
-45, 0.9282855160928497
10, 0.6073950952588181
-1, 0.5971069689177556
75, 0.30977389031270686
-84, 0.20387232838682212
-87, 0.09620991657918065
-71, 0.2758925381075594
100, 0.09866685085680882
-58, 0.005158945824068506
86, 0.05952463868473823
-61, 0.9049925580200223
51, 0.1266548352609549
-8, 0.9717283954344899
-1, 0.10038784573736415
20, 0.47117713639237724
86, 0.25274351228031244
-89, 0.6221207748924893
-49, 0.2195912347250052
-28, 0.6685289956435281
16, 0.6524814538401756
-62, 0.741722450545353
-39, 0.5676603436430959
-11, 0.4806032604482835
-25, 0.21224265560454558
-48, 0.9665110435422757
21, 0.29040208099624976
96, 0.906420983314845
38, 0.5060307343221544
-44, 0.08771008122447033
81, 0.7413696661851076
-25, 0.07097691671947948
-96, 0.2682199636248722
48, 0.573789468905952
-11, 0.3890118110276508
98, 0.7353468067312913
-53, 0.4002073770797784
64, 0.5397250557299507
4, 0.7539290372822246
-71, 0.478947763514884
-28, 0.9782031134690733
-23, 0.5537947296266766
56, 0.7561753074608626
52, 0.4903995394571137
63, 0.6458877251982472
39, 0.7744841652486016
35, 0.9489631497809439
-96, 0.1459502267791013
77, 0.5888888536269564
25, 0.4674446343324824
-53, 0.027987872021750904
-84, 0.01770721142789622
-16, 0.13071116705004848
19, 0.07024200716810025
88, 0.8152145367320713
63, 0.8471020205805965
78, 0.1494926357922407
-1, 0.8483379090461015
100, 0.6908640064896941
-73, 0.4096508041779592
-42, 0.5328714381535337
18, 0.08004974344391891
-7, 0.051935339856347684
-42, 0.44811530738669336
-88, 0.5959404005929343
-25, 0.9896946522091528
-42, 0.15472004051953325
-95, 0.7647380366084675
68, 0.4185025551771615
-47, 0.1252438553124091
-16, 0.5055783903312717
88, 0.42703475222935894
-10, 0.46116091970050777
-83, 0.3131338839077453
-86, 0.9002968463111563
-58, 0.6712085000312118
-23, 0.41451493912707427
-51, 0.25156843851032906
42, 0.7613991332925669
12, 0.1887897533049664
-9, 0.936329179899025
-73, 0.022734364912659788
-21, 0.06249696763396284
-43, 0.8790817135259047
-9, 0.18609913292454905
-89, 0.8626055306086117
-45, 0.5384060476405869
7, 0.539311216124029
61, 0.012003187278885608
7, 0.22409153513692393
2, 0.41051055543157977
-29, 0.6423544855966498
-3, 0.9458260345834052
80, 0.2782262057362581
74, 0.9640883992231473
-1, 0.45785567099994195
33, 0.4349976257407031
-74, 0.5138428731609712
11, 0.6135044246721313
-42, 0.524670128892861
-16, 0.45642733117520284
-4, 0.31680791448854095
-57, 0.1755950213630575
24, 0.37685715923455854
-78, 0.4734976060488335
-16, 0.46233903980337065
65, 0.34095757109528935
-11, 0.7674527287827257
25, 0.4762361754004696
39, 0.6178203219644145
-19, 0.7469012539349765
16, 0.40310064510320254
-2, 0.2814603317393152
36, 0.44070301773241516
36, 0.5512190148687508
79, 0.19497383865479534
-50, 0.7488772869841942
-98, 0.8808359344964463
78, 0.3976661750887168
38, 0.30526693671215366
92, 0.8669926754091389
-5, 0.7304630964037563
62, 0.8016108149529543
74, 0.969403492987967
-68, 0.31472995806321036
93, 0.8367233816256423
-99, 0.5328471713274282
-96, 0.5149466947621977
-4, 0.4084873700013776
-2, 0.42935876418336216
66, 0.58069209642887
100, 0.1458003243069932
22, 0.4297385250737883
100, 0.08130841182304349
12, 0.3128696391222684
75, 0.024268953168136265
4, 0.9213506448955603
95, 0.7278983875643691
-86, 0.31935491988765075
2, 0.7332204586350956
-91, 0.1352668786336233
13, 0.21510933300108204
64, 0.26594594686115725
-19, 0.6511481507060756
-21, 0.9149655958833746
-68, 0.2660913065611
-38, 0.5387076965372144
-17, 0.050560209452722216
32, 0.3999902170152214
16, 0.2146151959193865
-4, 0.5548873104736582
-28, 0.09129626923972478
-91, 0.10759858524469756
57, 0.4922982254712964
-16, 0.864117642705994
20, 0.3741669398487314
-82, 0.5477306006210543
-36, 0.13702525859727233
-81, 0.7614923394227032
89, 0.8944173855896018
32, 0.6073754195654734
-4, 0.41249496555776055
74, 0.9370918930260753
97, 0.37483401558524954
-77, 0.11073789418015911
-39, 0.6618062758640096
83, 0.8420923489799754
-67, 0.5345832639387585
-10, 0.2669430282034594
8, 0.24110111387531885
-57, 0.6429260899671907
20, 0.7703585696458489
64, 0.1976372951823533
-91, 0.7817534314123988
0, 0.3585632957012109
12, 0.30933220979378884
-41, 0.5020651342162492
-61, 0.7266628817829468
-58, 0.44823460248006997
-56, 0.10070905726550528
58, 0.8316692101914396
-7, 0.3456218229894711
-35, 0.15897256538938054
-51, 0.16909225186675103
39, 0.27035733065494405
-21, 0.6016437031048573
-24, 0.025986739720790242
31, 0.8152119106183014
-19, 0.5820691022387722
41, 0.20172521711657465
-76, 0.5026381645110064
86, 0.4033772869815092
76, 0.9835129650663034
-70, 0.8540658211693506
5, 0.9282584823806939
-82, 0.1814374747797851
-24, 0.26813741030623417
59, 0.030754085589581814
5, 0.6274533911072944
-74, 0.27058239202276113
-95, 0.5121455949998857
45, 0.51523816955056
68, 0.6600075942720521
-79, 0.28660642536419056
8, 0.7021449837383016
-9, 0.7722379216703885
-36, 0.6471381636879195
38, 0.029443011585994383
9, 0.4022118968921359
-93, 0.2526571354984416
48, 0.031693181757556976
82, 0.5250357625103852
87, 0.8776714417072257
79, 0.5223760268879455
-27, 0.44032993995225334
68, 0.20247297702024514
15, 0.8437446694557664
-86, 0.45554013447647446
91, 0.2481465906383965
-91, 0.3530860702664951
-33, 0.23954846888105863
-34, 0.5519689252879909
65, 0.017596717922444216
-33, 0.3695954134096072
87, 0.5893689570702844
56, 0.30258099753949075
17, 0.9540992768510284
-7, 0.802887707578686
7, 0.5865674524110598
23, 0.9706559802110633
20, 0.9756245787207662
3, 0.5390686142764146
-80, 0.6968672424273442
-30, 0.07429046229053049
-71, 0.7511282103050116
-48, 0.2532789606829412
18, 0.48739609585150334
-41, 0.9427770478558547
30, 0.39948261830472653
-31, 0.699526028423141
88, 0.5468329790049338
3, 0.726122130510796
14, 0.06905659854932056
90, 0.767814410874393
94, 0.07216071258199419
100, 0.5566784693084527
9, 0.5550334781335622
17, 0.3329396832923254
-75, 0.5486554259059719
4, 0.2711939180529034
14, 0.7456091753146807
-43, 0.8402114863183827
37, 0.44409125999172927
31, 0.5926823911136097
72, 0.9088383145977111
-17, 0.133135642247456
-3, 0.49088394426584403
96, 0.17496191862320254
93, 0.8769465366769538
45, 0.024876564790642375
87, 0.8489729806394962
-53, 0.890705764646617
99, 0.2565816084932562
-57, 0.5048913372505635
-47, 0.4308338140619732
-20, 0.9640855270992683
96, 0.0533799699257298
-68, 0.4764445346611559
-51, 0.23538576336236894
-95, 0.9874570414681656
25, 0.9280050299532813
52, 0.21956243060179648
-7, 0.9061346290249955
-57, 0.481308971500766
-48, 0.4614790084710819
-65, 0.030184145649215344
-9, 0.09288849882463568
95, 0.0766638331097993
-32, 0.27028742808724904
93, 0.9110813601985238
2, 0.1635746707880127
53, 0.24941018165945494
-55, 0.6732434930140886
-91, 0.5534572198954759
85, 0.6187579424149258
51, 0.805845322196611
55, 0.8742639235668117
-28, 0.3314608151170513
81, 0.7038148890784649
21, 0.09767865028814915
-76, 0.5925406747310223
80, 0.5473061004998823
21, 0.5131480697515758
-12, 0.7678104684998021
14, 0.5976008137453412
-17, 0.6968583237135759
56, 0.06934133741009385
-18, 0.2343690879416197
72, 0.1481532189792315
23, 0.7073184135644752
77, 0.05479783422180673
-42, 0.20585157987770297
8, 0.5774864087627308
17, 0.5316925579475269
7, 0.2603863688697786
-90, 0.7572321759424055
12, 0.5432203912386778
-26, 0.3554222055045658
-23, 0.6216008138523438
-50, 0.7517475843248898
-67, 0.7896223200553236
-95, 0.39156206647824765
69, 0.5617274708037165
-2, 0.29221709189057277
38, 0.7969509783733612
82, 0.5770473936504565
-73, 0.763997302448135
-78, 0.22819236318524405
-78, 0.29134170376517887
-56, 0.6213429573860799
-7, 0.15604393037007425
20, 0.4667332362081702
-92, 0.4452327283954587
40, 0.975135328371469
6, 0.9086003953025619
65, 0.3615939798085196
62, 0.007798931966963019
-87, 0.5801100250315395
24, 0.9474218343690235
-83, 0.6049879506923327
75, 0.3386964633798708
-45, 0.4141138083066074
35, 0.5391396148742189
-3, 0.4666026084175737
34, 0.0894942904947551
86, 0.9958487521981837
-7, 0.18050450684092434
6, 0.08009528657564347
91, 0.6874224395010273
98, 0.026210313406372032
75, 0.773921348257561
-92, 0.09382284200902025
39, 0.3941794327857142
-13, 0.014411738856577538
97, 0.2694453910836657
-88, 0.5675347085435499
55, 0.5656627630296807
-80, 0.8664587458699057
36, 0.9739143951643496
-23, 0.11118751685483563
12, 0.09067379466020498
8, 0.38155459746552156
-88, 0.37454794136652736
24, 0.31633109007337556
61, 0.404220727272817
-50, 0.6703917502720339
31, 0.16796813194588134
-53, 0.9142085891159012
31, 0.3471062951786952
72, 0.22751725626877373
-19, 0.819139568151655
16, 0.13666398007037728
-41, 0.965656650406026
-58, 0.671583131806417
-73, 0.8438429310106029
-14, 0.2997632871554031
47, 0.9149576250106077
30, 0.6139336838312586
63, 0.8851171609133321
53, 0.9818042143278471
-37, 0.9755579582521788
-91, 0.5244057376403847
83, 0.4980556965716514
-90, 0.1435060810830353
64, 0.12038184697474885
-60, 0.48072115960834827
-8, 0.1776530271118062
53, 0.9149668175698793
40, 0.5311378737196518
-91, 0.4693034717450075
-84, 0.573468955216628
-56, 0.7667772366731064
-96, 0.588806223299166
8, 0.2985108865000242
-26, 0.9785220225939757
24, 0.3429456146574489
65, 0.5494689092681866
-91, 0.3281700366649526
-40, 0.5901053498462911
46, 0.317759320205387
80, 0.3329885832334887
12, 0.6194383546323202
-54, 0.19582102662140743
-23, 0.13181580341548893
-64, 0.8109768287095793
-8, 0.833234887371283
-62, 0.4589405296538548
75, 0.8545376134170507
58, 0.15455965383450443
29, 0.4609108337030995
-28, 0.24201004476705434
27, 0.10613734025203747
37, 0.7608026063884168
-59, 0.26653608425989306
-57, 0.1669930505317524
-51, 0.4597291844488155
16, 0.5083154514832093
31, 0.582146790748084
11, 0.5943958606750287
-34, 0.7527496695520384
24, 0.8273842130529703
-9, 0.8075551083636916
100, 0.26467698477466917
-40, 0.6504912169007739
-94, 0.1185184714951859
0, 0.8402521257094545
-91, 0.574014516847609
-88, 0.5397466329147721
37, 0.5095907627177597
52, 0.6978349048882744
20, 0.3621309544815642
9, 0.731776409250469
83, 0.004310503837867796
-13, 0.7370806744402392
-52, 0.2597483751157931
63, 0.47758539238093833
-46, 0.2668313475573746
-64, 0.4689858733530131
30, 0.4066953773778704
71, 0.6546057233942507
69, 0.13416913200179537
68, 0.7729275917743593
30, 0.5365136353118902
78, 0.602034769240533
71, 0.24903216652195626
25, 0.5292912363062348
78, 0.3293604430116468
5, 0.9483817707739479
26, 0.863453066147481
-98, 0.8103481216261097
98, 0.11774888178435139
21, 0.17850121529217522
86, 0.036457030574104876
-28, 0.2562170306923879
40, 0.19915806035223926
-61, 0.9725188062952309
26, 0.3889857125627756
-98, 0.44467941906440167
0, 0.039765511444797785
-85, 0.5524037918256499
-79, 0.44414817169805987
-29, 0.8157358933261338
-77, 0.6043045945213273
69, 0.4144909595536259
-1, 0.5429075136306736
-45, 0.5123284737486531
53, 0.7080815336534402
-83, 0.7392392752514927
4, 0.3406508834092171
-56, 0.410467802941444
37, 0.02451080803189476
68, 0.9493309059960264
42, 0.2068610660432526
57, 0.1943046040253148
68, 0.5001325954251526
-64, 0.13736459476545715
-43, 0.7571809243901244
55, 0.8328776433224115
34, 0.4963370880369533
36, 0.11586421793994772
2, 0.5941090714346181
6, 0.5625752789516278
66, 0.019194459420765142
24, 0.4652025183059777
-58, 0.5633691678583416
71, 0.8463212291255398
54, 0.6623621428551055
-46, 0.04961457751823195
22, 0.49635806369058466
-24, 0.3990627847292224
-69, 0.40587347821399955
49, 0.41524417318041973
75, 0.19287705409953304
53, 0.5037943282381289
27, 0.4214513559361599
38, 0.6408728274967924
-91, 0.9377322286211247
7, 0.3029040623516923
-47, 0.13122254307152814
13, 0.5058636993281966
-52, 0.27657074587200836
66, 0.12141656412478019
30, 0.8919790818209715
-51, 0.24938898003327947
21, 0.7988341011219241
-23, 0.8382342070722879
-62, 0.08100761094807596
98, 0.4723315139010462
-81, 0.4954345778844189
88, 0.008676649607760267
-49, 0.9167659492664121
-6, 0.7745390159263879
-15, 0.4968349248074796
26, 0.42924470038465457
98, 0.41233087423357284
20, 0.5075616707850183
17, 0.6600809734559052
-99, 0.6544401783693607
34, 0.38917188619828313
-56, 0.8606627914025986
-73, 0.18368175781022233
57, 0.3447945435700447
43, 0.772357844872112
-29, 0.538111943675206
70, 0.27246609270979405
65, 0.8151932463262606
62, 0.45233222814007457
80, 0.9905428074560627
-43, 0.2066403112632892
-53, 0.4848694999825236
-26, 0.17013108166668023
36, 0.06491759076461645
-35, 0.374272334422863
-29, 0.8589751609499756
-85, 0.6969648150668623
68, 0.8354815913645137
45, 0.81916984440945
-44, 0.909754529129615
-80, 0.5121809213643708
9, 0.062460141051598694
7, 0.9715096680795693
-36, 0.061634092525769346
3, 0.3261065271627812
2, 0.6406642918849484
-63, 0.46672603336433327
-21, 0.3451472982935574
65, 0.8825496916633164
25, 0.16399488109242755
44, 0.9338491060541126
60, 0.9637463838787174
8, 0.6633792264659498
-40, 0.04008334532251201
-9, 0.7152678576661894
27, 0.22776279046323566
-85, 0.6934709847351492
30, 0.5606811418744647
51, 0.7543695368222378
-43, 0.7958092969501701
94, 0.1525843614133362
-20, 0.051061509634842905
-85, 0.5715852390653267
44, 0.0216607072112196
-23, 0.7966076994845493
30, 0.8808784154223471
-2, 0.9155963060589588
39, 0.17525732611766975
47, 0.5373835249154133
-3, 0.17747897853042605
41, 0.5822544811201223
-27, 0.18308836979945275
38, 0.714399406307033
1, 0.09223248397651684
-83, 0.6675486406562717
35, 0.5390517758047808
19, 0.819502651466201
-41, 0.9989763395084584
-73, 0.13212761196421574
-59, 0.5668651222138734
-77, 0.7146619601811064
-48, 0.6482193059746189
-81, 0.0484114300442402
99, 0.8596487921635907
-47, 0.4628916434158953
29, 0.10834295589776244
-81, 0.8125230054816316
-59, 0.9944800249936528
68, 0.721241073791951
-91, 0.17960317059940345
-47, 0.9357100844578049
75, 0.9064511838126724
96, 0.14332749045208992
64, 0.8521167840285954
-24, 0.340845246289347
-30, 0.09586900570813695
-93, 0.8642532508843382
31, 0.34701116985518454
-40, 0.47910515749010485
-94, 0.9807409689990695
34, 0.38510680674604447
48, 0.9814546821760517
-71, 0.836899785938294
5, 0.4734091405398617
4, 0.011625121144158257
23, 0.7341823476421988
-61, 0.0473834063221944
-86, 0.8119117545172655
69, 0.9783735285549992
-87, 0.6127655658512545
-7, 0.7748064116023536
-54, 0.7030465101149533
-20, 0.6971455105264085
53, 0.3636877818615306
97, 0.777281966161816
3, 0.8932233064202798
89, 0.4772364801089445
-96, 0.5257065911813396
-70, 0.6319576389477498
29, 0.33491047581506694
2, 0.023079646655067787
25, 0.7454402713195181
-11, 0.8101470191057664
43, 0.47980873280577485
-37, 0.15174762986903556
44, 0.15571468088529405
-58, 0.09607897311178903
-78, 0.25193095108456454
56, 0.8022324801574591
-71, 0.5804672294467336
33, 0.7480329567156897
71, 0.37898269708892074
-81, 0.20489139145026003
100, 0.1701234271719836
-63, 0.7558257924089988
89, 0.3468384507094998
36, 0.1635380482357882
31, 0.4135971051257743
-12, 0.5267554677895755
72, 0.13139727495794062
-54, 0.6528590131132225
-28, 0.8445911027039589
41, 0.14064384843130806
53, 0.10025836668068566
-93, 0.03099499734555633
-80, 0.18845360562533764
-49, 0.5495386588815947
-44, 0.9997651547111258
45, 0.1375484859840599
23, 0.12454161092759397
90, 0.9108319261901368
36, 0.4164611849485671
-29, 0.20766776918178143
-64, 0.07866703392121877
82, 0.9562751088192634
-21, 0.5549803869558229
-5, 0.7586571968535161
37, 0.8254857323809941
40, 0.2060077045824804
82, 0.3159049176532289
-38, 0.22240332338902957
82, 0.9720689268604928
-91, 0.223242828311505
-78, 0.9068115542403236
12, 0.3613614135397184
-45, 0.6333446722382384
45, 0.8344040495262061
-79, 0.912506754259334
-88, 0.5013316058277003
97, 0.6665214666622779
17, 0.932885247415402
-13, 0.64886652645353
-12, 0.383763724127995
76, 0.5579078270125929
-31, 0.6027849211550277
68, 0.3203583617079494
24, 0.3145667001871878
41, 0.44292397782070825
92, 0.12424218524419806
87, 0.5030172459940625
-9, 0.9396541521820584
-32, 0.8351416105030299
98, 0.9225424175454591
60, 0.01161754077051702
-90, 0.25984372391004296
100, 0.3185970106406716
-94, 0.5942558717358928
-87, 0.05627731538873515
37, 0.8298514761727118
80, 0.14881595899377154
19, 0.525354912603803
-83, 0.10835786989190765
-40, 0.18517254199719124
-54, 0.9316430206769821
-7, 0.36090056814914206
64, 0.8275773564307869
80, 0.8823935713500507
-85, 0.6202356042490811
93, 0.9232655267948093
-98, 0.6728868509136486
-82, 0.7443797186431874
76, 0.8227804907399717
32, 0.36350411812963124
12, 0.7041544203763459
-71, 0.6150794256091571
79, 0.06804152767264982
14, 0.6732261107234314
65, 0.8781453557224593
-28, 0.6716006684692692
-94, 0.43765502252058597
-29, 0.694201881208579
58, 0.2204010375027562
-49, 0.3893700771990404
82, 0.9631508676937713
100, 0.79997133907741
61, 0.5246492928949539
36, 0.9175075183653993
80, 0.5467702462924587
91, 0.13493540574532537
-71, 0.4305448087632914
-53, 0.9033151181700462
82, 0.45065917341904593
-38, 0.5608252446197854
33, 0.2563469806511848
12, 0.0413002909545217
96, 0.9373751003675235
13, 0.4146767549549384
-21, 0.7465156142496023
-34, 0.09795006555423613
-9, 0.9335352517446802
-46, 0.32088242646093923
-80, 0.08402119928387342
-86, 0.21180232514797193
-36, 0.7116575062949508
29, 0.40113646332023256
77, 0.5403790820021417
46, 0.14917910555893898
-25, 0.4328543339765212
-3, 0.6934967315001238
-27, 0.28776662281597765
-57, 0.12107796815273097
-73, 0.4250354188799006
4, 0.5661540531494439
6, 0.6850380984657048
43, 0.8661316503669639
-50, 0.3680913310449365
73, 0.770929744751168
65, 0.6992280129370734
46, 0.2444385666630129
51, 0.1595453133013971
-35, 0.908583804354967
-56, 0.1799199162962123
-89, 0.347507465512612
-92, 0.36265181861656226
-90, 0.8566968012350565
100, 0.35431538293060183
32, 0.35919733452620695
43, 0.007445037686029332
43, 0.6560300812447875
-45, 0.5265087759694316
4, 0.37758686995385093
31, 0.873331279042518
-5, 0.4289725358105252
54, 0.8744828357490969
-31, 0.3090687535775716
70, 0.6409340786716846
-76, 0.11128907626503437
58, 0.10210099627266467
51, 0.8633560050483243
-16, 0.9521828201633181
89, 0.4915950878141736
-59, 0.7799039873610449
-33, 0.6236561332116207
67, 0.14173258325295401
10, 0.5566934609393321
5, 0.839186799829494
44, 0.11957154009252413
99, 0.5237136495230269
15, 0.9435736309515874
-16, 0.5871804763038183
35, 0.859440285441539
-78, 0.9984480641051491
96, 0.28428762396751994
-31, 0.12917737121039263
28, 0.8584869579317234
64, 0.06920136899375373
9, 0.02284449083515072
-77, 0.4709312701674935
-17, 0.1865817511783402
-74, 0.42527685766971346
-80, 0.6752928824672578
59, 0.7601305587123582
12, 0.6131734735944795
14, 0.18673385648439322
-37, 0.1535716978779721
2, 0.6414278339666014
65, 0.2627655419985654
-77, 0.3267433999887529
-18, 0.9287924734118647
95, 0.26634731570753545
-98, 0.39182777539309976
7, 0.11855991953827749
99, 0.2809622126321648
-53, 0.8918640312014058
-73, 0.8574658353401627
-95, 0.18937851441584908
-24, 0.2887648336958708
64, 0.9514521379826103
-99, 0.5837570377026295
-67, 0.33677715255900686
32, 0.49107944845788887
12, 0.16362364832112386
-41, 0.9367186915181426
66, 0.8309363522244466
-45, 0.11317735651537608
-1, 0.48362716242690607
10, 0.5360043906896654
-87, 0.3307880211052783
-60, 0.9992878153945973
5, 0.8275362209361782
93, 0.5446568089407198
-18, 0.44456675851480143
-37, 0.2634761297435235
-58, 0.9822057993525042
82, 0.6947838525096885
-7, 0.5686042154991298
-33, 0.1551428552138091
98, 0.1966772465512352
48, 0.7222237241344069
-16, 0.950429366035931
26, 0.9602003634174675
42, 0.11063466940640676
70, 0.9374643490295836
-8, 0.2675333464198232
28, 0.5190217638645884
91, 0.192048356792772
-72, 0.9794370765320358
-48, 0.30138916610062805
-55, 0.5963682810460059
88, 0.14580508911549417
49, 0.567628466850349
47, 0.7247920850367713
93, 0.903494316068876
-96, 0.999233282319787
-87, 0.9109185680580042
0, 0.61561678020059
88, 0.9346694569313949
-40, 0.8920375129033312
-81, 0.36248994192337314
63, 0.7671191561569777
7, 0.4695361636842441
-52, 0.9398930886721397
-85, 0.29332969913686946
-93, 0.7299655780986848
-99, 0.0773832670556922
-81, 0.136960524880141
-99, 0.4022283982036742
-98, 0.5773291430488989
-25, 0.9211190591897134
3, 0.008278516220724397
-85, 0.03606998000817074
48, 0.4548517914512805
63, 0.9750683488520632
-56, 0.29532982138758324
-99, 0.9810528852148124
3, 0.5568628114375352
77, 0.04217511017305964
-46, 0.20327237097697992
-56, 0.9744737263568907
59, 0.7575986367566591
79, 0.9689114473065772
72, 0.2925232602323419
70, 0.15327859625268359
21, 0.9561219154763606
-83, 0.11673071944662783
46, 0.005033526096142715
-27, 0.673832866322675
13, 0.7846210254043798
40, 0.7951695433348369
-75, 0.5497796921694648
8, 0.4159581683761704
-2, 0.4681610354039091
-44, 0.8895352375458031
-23, 0.12711302061424046
10, 0.2438963898420815
99, 0.6727502548187662
-80, 0.5428485284378448
-43, 0.15777158206677144
-40, 0.5276936093550679
13, 0.06331588375277897
-11, 0.05511458620532428
-16, 0.6367508789296726
-35, 0.3394960402366122
37, 0.019400821836421556
49, 0.1626945718802223
-16, 0.7789366096361423
92, 0.4132527934978324
72, 0.19659623672844495
-9, 0.19565387898489361
45, 0.605613757361152
-75, 0.4514443043528471
-57, 0.04665589243152102
96, 0.9216150864650127
30, 0.26646208663888016
-7, 0.17172671682724205
6, 0.28539200980084234
30, 0.24330904318676816
89, 0.6574631681687633
8, 0.8526451409076481
-50, 0.6450889865218529
-7, 0.2755983589716463
-31, 0.7025808209413416
81, 0.1695631742275191
79, 0.5228411637954097
-48, 0.9918642774613917
-94, 0.13287987579590876
93, 0.8468644342740527
32, 0.16285213731301795
84, 0.8244373544764962
14, 0.8178339561201323
-95, 0.6881301747516467
35, 0.8218918847007278
-11, 0.4912117065443484
46, 0.4825187036463624
58, 0.9616943420946499
-81, 0.7409198298889796
14, 0.5531204095605802
-82, 0.5400712759225627
-72, 0.997581401096081
80, 0.1521514440890086
67, 0.44333212784912324
-92, 0.17151214621802702
-18, 0.6545729766582151
-61, 0.5369152535821846
-73, 0.3412980624712688
50, 0.38772477249264325
-67, 0.30537658879056484
86, 0.5088935126877976
-97, 0.2818749649507081
12, 0.4668906421914929
20, 0.08760673201102576
6, 0.03891509993431852
-26, 0.6345315279364774
-79, 0.10962979684567975
34, 0.9654562278230318
76, 0.2643057043355478
-41, 0.5378843191817304
57, 0.9024088452818257
13, 0.5732263579962811
-15, 0.15162617346481067
58, 0.24578913747147968
70, 0.8342659109063201
-73, 0.024477192932227054
-1, 0.9319244350689465
-49, 0.6057560888830009
93, 0.8074952958763033
51, 0.6826122502684026
31, 0.0013381886249801411
-87, 0.10234574157041343
90, 0.42921064467678527
-66, 0.9033384804665525
-95, 0.1555313344958913
-14, 0.274127679565207
39, 0.5203205447801589
9, 0.7772965285259696
51, 0.02329632691691408
96, 0.848700695761915
45, 0.7711329501642044
-89, 0.9008562681989545
-76, 0.08742023213918781
-50, 0.7523223602360912
-35, 0.5349386927091714
-14, 0.7644081651603599
29, 0.3647857024727942
18, 0.359369148699727
-40, 0.37630522694296287
49, 0.035599363390374617
88, 0.3324357525820393
-16, 0.5806799087391975
36, 0.32695179661445695
85, 0.5633521101630536
-17, 0.629004428747776
9, 0.08184378250832569
-38, 0.667047595463502
-64, 0.8101602654644865
-48, 0.9810517123031818
-49, 0.2993866591138613
-56, 0.4538679194912828
-3, 0.8810909225524081
92, 0.46575095928087007
-19, 0.005462245702532176
-83, 0.07436986974946591
-22, 0.05610604673344155
44, 0.661371032155409
35, 0.3250240080585066
-60, 0.18499621528613908
-62, 0.48047905870104246
-70, 0.10680933161340356
-53, 0.7436049163517131
-49, 0.5490458446310824
-96, 0.04856185325104423
52, 0.3871419730685727
-70, 0.44618843963013266
-39, 0.890450968100305
23, 0.0986302832670003
-76, 0.30279328857725063
26, 0.7045743583581898
93, 0.2245641720935333
-44, 0.518853290933472
58, 0.3276869476000569
16, 0.2359624346752186
-81, 0.5866727711379209
-78, 0.6988505188813288
-81, 0.47926626060445965
-94, 0.8720570213758135
70, 0.08526730751026523
-73, 0.7413395667297052
7, 0.7267692279653788
-34, 0.6879949496245693
8, 0.36156164457977213
40, 0.7328508662252663
-84, 0.33495015734813105
-13, 0.8722539369300151
60, 0.08636059612641511
91, 0.04818863030562326
-39, 0.4226901272330621
-79, 0.4767551815856722
54, 0.24745504593206258
79, 0.12896291968328177
-1, 0.8344209543411562
4, 0.7381634767437125
-81, 0.2508028218288417
-24, 0.10725997038830037
70, 0.9569686600323506
-97, 0.3003264116573251
-38, 0.2188529634352424
-91, 0.32872611818021535
-61, 0.965506063268527
48, 0.3044852190101386
-69, 0.9382474865113442
13, 0.49050709271967563
87, 0.40981472875036606
68, 0.7462018261354131
-15, 0.19053960310063278
-43, 0.947404700970658
-42, 0.7659836375146408
-51, 0.8423213302832337
89, 0.44991163737648676
11, 0.45216527629616343
20, 0.06137648102976512
56, 0.7380926251212789
89, 0.7299241018236395
72, 0.20652525643822595
47, 0.8193339242259637
4, 0.7463645079568396
-42, 0.12521475244521463
63, 0.180012012329002
-2, 0.2485736922306201
83, 0.12079054479586981
-30, 0.6831720052562086
45, 0.43758821594733743
-43, 0.5532719474258952
-91, 0.06655762452172742
-53, 0.19826463859335375
-30, 0.5082441799741053
38, 0.029846201534014072
32, 0.570432215819456
-37, 0.06303499752777242
-8, 0.43863481253548275
94, 0.5175092955120805
46, 0.8754444971632048
11, 0.6318394615724081
34, 0.05113875890067798
27, 0.5990756789479028
88, 0.47519394947569515
19, 0.4757313988071866
18, 0.25621686574021074
-83, 0.37520339933043123
-99, 0.04902472718528872
72, 0.8216494089563484
61, 0.2906061437308791
-48, 0.8187088121260104
-58, 0.32944448024243345
-55, 0.8635351126661701
32, 0.9941116697089898
-31, 0.6069856986496579
-54, 0.7196168151126324
63, 0.21117642217484145
73, 0.4581066528215908
-54, 0.48704673431263745
-44, 0.46150670612602884
-56, 0.7815581041063063
-33, 0.9743994865988194
-61, 0.21474727459670162
62, 0.6643893683208891
66, 0.9148913751345013
-28, 0.8443080522161666
66, 0.865086188651001
-18, 0.38709080721912303
38, 0.050397821723992875
-99, 0.18723245834046243
23, 0.7220104992877625
-70, 0.4758412744566576
30, 0.6491726016809782
40, 0.26973748065121594
25, 0.85700268895599
10, 0.32931243873826077
-72, 0.23343954295842406
65, 0.7337868684891606
3, 0.2532015048559969
-50, 0.29579828721812407
81, 0.7244299286245087
64, 0.1674942942112453
-38, 0.8494680687762235
-20, 0.8173164980443643
-31, 0.8722149814295979
-58, 0.8633498155898651
-77, 0.4011167231868492
-53, 0.3662582886226422
-75, 0.7533751101305809
-12, 0.5379424838826391
-40, 0.41131944914377205
-64, 0.6400766407062112
-16, 0.8264948757579754
77, 0.365666768027475
94, 0.5234428463302828
18, 0.32919469731115447
-5, 0.5955905505822103
-25, 0.9848637956014056
51, 0.8347905485256701
42, 0.2959134270998325
-63, 0.6457321393898626
0, 0.30722861875813834
7, 0.043785128707715004
87, 0.18022176755701214
-93, 0.6522691623296607
-90, 0.012607697810959384
48, 0.5372877697171023
86, 0.36478457090282235
84, 0.8900850244980003
62, 0.5044612788776788
68, 0.027851411828345274
-13, 0.4958958609202887
30, 0.9787399001318201
87, 0.18292044544009178
-37, 0.4858790898257016
83, 0.6487806103817283
-81, 0.5740162468146038
11, 0.5034559227641504
51, 0.7126484086717181
90, 0.20213677284883025
17, 0.07872573865263721
96, 0.10335264887847384
-100, 0.13534638406426958
-68, 0.5469143296559564
79, 0.8565284611359175
53, 0.42064283763343047
69, 0.535657975366658
52, 0.6625980239395817
-54, 0.8079953016830879
-100, 0.8861925713125609
-24, 0.9769869799425613
-18, 0.21176304691177372
-86, 0.23913463659037815
-96, 0.08709036514975388
-21, 0.6800664943268651
43, 0.3665600180450651
55, 0.09943834384000405
-70, 0.2976660017323022
44, 0.13872091450130775
38, 0.4098057309686979
-39, 0.34173994033148536
53, 0.042892395869917554
-52, 0.030678656725540376
-12, 0.18668956516220325
-46, 0.6198407382816556
39, 0.8767784397137298
-28, 0.9276516360834314
-27, 0.9693069088371687
95, 0.3474672511941759
35, 0.4731048522362812
-28, 0.140586944561219
-80, 0.4661101952022565
-78, 0.4804165062146447
36, 0.2785177364993825
-22, 0.8015426444634483
-12, 0.19749882823345255
69, 0.6063227052112484
-41, 0.054139107724134994
-19, 0.965475765477823
86, 0.10240491809042984
-93, 0.7291668455497333
-53, 0.24947187270876658
-17, 0.06079375719687086
17, 0.4929359521889426
-66, 0.6085983497949452
-13, 0.2517447355977698
25, 0.51853558283423
-18, 0.7838735405794597
79, 0.9664989496348166
17, 0.8793688520734585
-98, 0.9878353749394492
-62, 0.7896591235656724
38, 0.625745580293454
-89, 0.5648713168094289
65, 0.9241579919426289
62, 0.6022501754231925
41, 0.6444065156331237
-27, 0.5874031731370998
84, 0.44573150285178265
10, 0.9900818498854927
-50, 0.6006197981358405
98, 0.573045605485313
-21, 0.5946155328318333
91, 0.9485404614613948
-91, 0.39706753282040064
76, 0.6674621404917468
-11, 0.7812927726290484
36, 0.18960955443361516
-91, 0.17769695200250857
67, 0.16045887559832184
62, 0.613042468359564
-85, 0.5284704902388146
-59, 0.14227043724069943
-61, 0.7721147447636645
-24, 0.8127616880498051
8, 0.40563941371219725
77, 0.2724667379574407
-92, 0.29272300497027326
14, 0.3407854647784626
-21, 0.21922156512322122
-92, 0.6456871407244918
98, 0.1779344567314406
88, 0.7550588580783739
63, 0.18113389567993232
-4, 0.4973126781310975
37, 0.923112173474733
-8, 0.8820043959461852
-65, 0.28464140553237216
-30, 0.54195373380527
61, 0.4358122043769723
7, 0.7197531204468456
-96, 0.2400223777438243
-70, 0.012726358261381021
-82, 0.51521849318091
29, 0.5095598505404036
-74, 0.16653161242746028
-95, 0.5191245032550077
58, 0.09184915003229432
33, 0.040534439998487826
45, 0.9409613888772819
83, 0.34671597146386424
56, 0.9816086250863774
63, 0.09081722464761088
71, 0.43644360366934876
32, 0.054729107638379904
-30, 0.2560748608217701
-80, 0.964321686127862
100, 0.26712113432386464
82, 0.2857187420689328
-28, 0.39316864998950385
18, 0.6157709897390963
80, 0.6712831365071765
-86, 0.515484663986772
-15, 0.9829169455796717
78, 0.828169015419418
68, 0.5950571523110816
26, 0.660814695863314
-84, 0.9845471987393863
48, 0.46879219431617136
-9, 0.9427254697751901
-22, 0.6306974589699365
24, 0.0695473430139616
-74, 0.7747611196114159
18, 0.5512422366561839
19, 0.5394798785772958
38, 0.18126012803304148
20, 0.402368704191717
5, 0.46375014478760024
52, 0.024099641928041926
-23, 0.7446025378121335
16, 0.7057912109615689
26, 0.47894229168423463
63, 0.31680508246597205
-100, 0.502835079274569
68, 0.8662779698293451
-62, 0.3602432127606858
-31, 0.5237023403566242
-66, 0.3839056933274819
31, 0.15084524522946352
61, 0.6113523586397064
-26, 0.8907773108967532
30, 0.06855696320560245
2, 0.3141976434147037
28, 0.49734352293914075
-53, 0.30120723928194204
-37, 0.8698225407079884
-1, 0.03942999393568014
-10, 0.47143907506134064
-81, 0.15556139323125784
80, 0.6340231768994891
25, 0.451454814184884
89, 0.009061933045347526
84, 0.4465906406473422
66, 0.23137939259013574
-22, 0.5897887701277773
-49, 0.9964929539575434
27, 0.8444919876586903
37, 0.35991318788332183
41, 0.37562098233347097
-54, 0.7477689628825187
-64, 0.38793470421338305
22, 0.22337624525107347
50, 0.4935839215856094
0, 0.9891438061079012
51, 0.48981524741881777
-44, 0.02765036449649383
-6, 0.6658260038142078
1, 0.9331146290851382
74, 0.05790424920577908
70, 0.2404702037285683
-77, 0.27727566305830686
25, 0.40227218938012677
-3, 0.8477536399318696
-14, 0.7337764944849191
-24, 0.6730792866937584
10, 0.7602218024045491
-71, 0.28403248701282746
23, 0.6424007406203374
44, 0.36957026745350485
-73, 0.449781416807123
82, 0.48636065109216065
75, 0.9546666458745234
14, 0.6206515746548155
-2, 0.3856131955908295
31, 0.040337706254412575
-26, 0.8737544230476025
-78, 0.7222632702828646
-97, 0.2513911955949598
59, 0.9641154256060398
41, 0.661051446839879
-76, 0.8357365972521644
47, 0.5452202268367083
-65, 0.019781364858436845
-1, 0.45150054635437775
24, 0.7760727293713595
79, 0.07166967025208992
36, 0.8757857001907228
75, 0.3207933137856358
10, 0.046750402705882155
26, 0.8659619252284019
-71, 0.25612958224836957
-82, 0.8571624938142999
78, 0.6829583050365394
45, 0.3119488038355964
-84, 0.19412380178121735
54, 0.4380403571866265
57, 0.4727340768658844
-40, 0.3221879339683842
-94, 0.8777639254005114
11, 0.18953852265958515
81, 0.10423441061384187
80, 0.1804051198387444
-39, 0.5546018160924336
-11, 0.9490852994190772
-52, 0.8459134860951696
-22, 0.34258935111027145
8, 0.8368782931403828
-24, 0.8288728903388717
-1, 0.9021318831116568
91, 0.32070250216249496
45, 0.8126348938257506
62, 0.7003867956734641
-1, 0.12280053611468522
-35, 0.8350051771783649
-71, 0.24553492980951686
-75, 0.7329500141714478
81, 0.12511448272752734
9, 0.6466537796669694
21, 0.08262534571358271
-39, 0.256441710538443
-76, 0.5157246390664391
-84, 0.8889707198373966
-59, 0.12600156247772099
67, 0.7666346310716549
58, 0.9505995564028971
-23, 0.6817777509295335
24, 0.15987057128081128
-75, 0.9124701204502051
95, 0.6264366122121391
-6, 0.9497354140196469
-37, 0.8300504920712671
37, 0.21680714961742165
75, 0.11515597514053788
79, 0.22818062697383357
23, 0.08938863643135586
-29, 0.02936687869318666
-31, 0.5976104588613292
-95, 0.791738424060609
-65, 0.8289064853979445
70, 0.4388908941503824
-23, 0.43668627971994367
-29, 0.39749922652541014
65, 0.02441331236307398
42, 0.8388735871386691
-38, 0.36400632369778696
-96, 0.8264155682513223
-53, 0.4310258405580347
-78, 0.39188418721409246
12, 0.17133906740447424
15, 0.9206767109792179
-100, 0.4815182349053905
-80, 0.4332665091090747
78, 0.18397492295094442
17, 0.8679291907928349
15, 0.23514690035149877
5, 0.8979903751222791
-37, 0.9552693206383366
50, 0.3984159758566873
89, 0.8411222895713839
-81, 0.7075178402087188
25, 0.13048934519553634
71, 0.1398424609050859
-41, 0.46185805357360554
-34, 0.24542209536590998
80, 0.5532560987537789
-75, 0.5255119624701291
-35, 0.07226780034744096
63, 0.14599968434625743
24, 0.8402904239743773
-18, 0.04722620305081071
-95, 0.008663633537099091
30, 0.09675392593770404
-23, 0.7787862220157686
14, 0.7411583834951939
46, 0.7259852169126455
95, 0.9351489828928349
95, 0.05633561951487487
-55, 0.22982464130999336
19, 0.7206025276095007
48, 0.6498798372871688
-2, 0.854706478353381
100, 0.3142714521194624
-33, 0.4140799835770955
-6, 0.11269598088732868
36, 0.7935733418918713
96, 0.31560347179376935
2, 0.25616042594192734
-91, 0.3977368828022816
-95, 0.7312039441989041
34, 0.4710716508225603
1, 0.5105182725798632
74, 0.8412051833957085
-1, 0.39924437956438585
16, 0.006823292213120946
98, 0.9342955767947474
-19, 0.3073304077710226
-29, 0.7284838002358833
-59, 0.5620148764808627
53, 0.2184904360751171
-71, 0.17362618627604798
69, 0.44579603902260756
-78, 0.29972247833873544
21, 0.598089434359084
-7, 0.32721091657597456
44, 0.8915989280481514
86, 0.1136499843596459
-31, 0.7183129765015834
-98, 0.7165059287779288
50, 0.5503089928989932
46, 0.7838090117769522
-94, 0.29542845489304215
46, 0.34460143722029
-73, 0.7169819142426127
26, 0.04618997711869233
-34, 0.49644776798672163
-14, 0.7745941177108193
88, 0.25352515938178666
-42, 0.7601020885634415
-8, 0.31451657676801514
63, 0.9533702091592976
-76, 0.7102090428098979
-34, 0.42381909008901464
-92, 0.8940844019870646
60, 0.04301526611572659
-27, 0.4536509694328137
-35, 0.32281004386511514
-60, 0.7927279813929625
-84, 0.3590285863180792
-61, 0.2711844036965976
32, 0.4565286193321678
-47, 0.6282891931504235
-48, 0.8253726671829877
-48, 0.5780348407714327
-56, 0.5382681473437815
93, 0.7281640549262897
55, 0.8965817284641584
19, 0.24066454973871432
59, 0.6517591523606329
36, 0.7159819319188245
-23, 0.9095128568098664
38, 0.6628351909470463
55, 0.7407670959045487
-64, 0.32838688649355474
-81, 0.022773804330715963
-55, 0.28172485081913035
75, 0.4135801714489137
-22, 0.13209112995142258
-26, 0.3342792593422155
-13, 0.6816801942857512
12, 0.9136797508969752
-63, 0.8971628155701239
-29, 0.5743090571730861
-69, 0.6188517625324195
-26, 0.9775554722503331
-14, 0.6864241417378655
35, 0.2559493579062446
76, 0.61076903463154
-95, 0.6242187356596016
-25, 0.7225188502950042
-76, 0.23562300792331525
-32, 0.3936173556641872
45, 0.48542240014454074
-24, 0.9322946576305345
-65, 0.16359018273100878
-79, 0.524233888672726
-57, 0.5083554200370237
-52, 0.08051856202190788
-44, 0.907417276630463
10, 0.3106151783203056
81, 0.16841848926559133
19, 0.3694537105341362
89, 0.8722572171572723
61, 0.9319115393137959
-98, 0.6191118865083829
9, 0.17873935679302733
74, 0.9843780404435276
93, 0.5742615321248079
28, 0.6163312924183924
-87, 0.7976814421302729
19, 0.1760240052331643
12, 0.913296258404353
-8, 0.6757760841889506
-33, 0.6176562537643472
88, 0.059536295313837084
59, 0.6979793722987682
-99, 0.7564638276457096
-14, 0.25577126509398895
3, 0.8742529678690408
88, 0.6265838809197115
74, 0.923229195534698
-76, 0.17722993505269458
23, 0.4099529175241091
76, 0.6666486032409779
44, 0.7737465433755977
8, 0.6048858288358633
29, 0.6630376842152444
15, 0.18984884140169533
-58, 0.14360935656559037
61, 0.9413796864755032
-41, 0.6394910364433162
-35, 0.23280541787240383
36, 0.6640227607990331
2, 0.4075207535037044
-20, 0.8428501947597511
13, 0.8233798933348443
-73, 0.5485565346897214
-90, 0.329738877270192
-97, 0.8887894854372335
-45, 0.4995007273981019
97, 0.9840930225299989
-96, 0.29413063951814633
54, 0.2964792106699293
80, 0.6176431045201302
-18, 0.5111153857988144
47, 0.5455977742295899
78, 0.7525274572255097
-1, 0.908423665011986
-5, 0.16817134507339382
71, 0.3793931312834733
-37, 0.5011200711203749
58, 0.44924013675851804
-84, 0.5623970551510068
-33, 0.6697094556338047
19, 0.8984858039355859
4, 0.2114510914716735
-94, 0.6034274883796505
86, 0.008810184484154604
97, 0.7371181422299179
-98, 0.594410335235596
-13, 0.5444739584105782
87, 0.007089837579777436
72, 0.3804235670326003
-14, 0.08294563253998022
62, 0.5303890972124893
61, 0.46262231582610014
64, 0.5553720888198134
-10, 0.3854412298557507
90, 0.8989791937323339
46, 0.005640389474340646
59, 0.9980641456191214
-70, 0.8884291004532054
68, 0.48596459862713315
55, 0.2510368656469083
-72, 0.30466003762266314
41, 0.14601332548575008
-77, 0.4077297521049523
-55, 0.8531806780837402
-46, 0.4065354989166168
-60, 0.1561975656525212
-79, 0.43251983429894614
-14, 0.8643043759382798
0, 0.9760733689796027
-75, 0.2696113944443794
31, 0.8560295187850296
-83, 0.05405792212004745
-20, 0.4108518343098654
-95, 0.07105753560613182
-71, 0.4709018084086899
69, 0.7919295580265657
-76, 0.1600988620213094
63, 0.5187888251719296
24, 0.8874831488418293
-58, 0.09954933744285088
76, 0.2760423313588989
90, 0.40462298637332494
-80, 0.20131991181828812
51, 0.17738108387808926
-5, 0.7828001507115399
-38, 0.7932676406075592
-31, 0.21294501643942254
74, 0.7354412219289554
-34, 0.06318748589946721
16, 0.23164604969681257
34, 0.5494073691723926
-58, 0.29891336139352154
11, 0.9105696721486111
71, 0.5282152348146889
-54, 0.31175242837681005
-48, 0.08091097979396877
25, 0.5677836499137626
91, 0.09424149727142828
41, 0.12704126873954114
11, 0.9173360024729592
72, 0.9796471688992553
-42, 0.3398746904362897
55, 0.7091787105115599
-49, 0.043978360820175255
-83, 0.07187713300594811
-91, 0.5854690107886861
-43, 0.5927804199229052
70, 0.42015661518861536
-95, 0.06310495738607258
-22, 0.7164551346337004
69, 0.054934981802502114
43, 0.33449094201131246
-89, 0.6557087001781411
-65, 0.7207576210187183
25, 0.048146350197565635
-44, 0.5991931193749979
61, 0.5590799797953585
-4, 0.7704982049924456
19, 0.8974965576134044
40, 0.3914603830571213
17, 0.3969896962973716
11, 0.9612950482001874
53, 0.8963869546286999
88, 0.37402326157244103
7, 0.4808053954941648
33, 0.7074724878003059
51, 0.6433349323535952
-2, 0.6578720759392361
29, 0.0689874727651757
17, 0.2510056220798984
-85, 0.340896731947397
-44, 0.6321914179825185
-25, 0.13655570359119595
82, 0.23456134839815435
-11, 0.23692492750674243
5, 0.7630162813694049
-61, 0.7305308202786279
93, 0.30347824116645583
74, 0.6221083564167668
-31, 0.39382453794435657
-90, 0.373451900018387
26, 0.00993742408635645
35, 0.4416924056285676
-30, 0.5877284520760615
8, 0.8093603661084361
-66, 0.4137737127041431
8, 0.6537541599466103
-14, 0.6013001417391365
-12, 0.1105211513671368
-51, 0.7429426919567433
-59, 0.7817153535475984
71, 0.46825409785591343
-75, 0.8249242721933621
-59, 0.5921060800252336
71, 0.2195832150641025
25, 0.8504999515430453
-21, 0.5837627417133896
-56, 0.5109948392494095
35, 0.09843395759549745
4, 0.7082650260140828
-45, 0.950968086315454
-31, 0.9237579462454782
54, 0.17593030468896598
-90, 0.10079492110451249
89, 0.23523159467415178
49, 0.3408988121089972
-74, 0.821615917194534
60, 0.15789544540624745
-35, 0.5267924662039685
-23, 0.41524085881850226
-16, 0.6813866277252291
-25, 0.38721464362528757
98, 0.28728876988233787
-92, 0.3951597588613819
61, 0.5784403761460565
-94, 0.9222250896602622
44, 0.8237192691823206
40, 0.6891648143882024
94, 0.39976058298280026
25, 0.7005213019450113
52, 0.850025276307565
-94, 0.6200622892525101
52, 0.8407147305402524
-94, 0.44639194001329274
97, 0.9510686527058171
-12, 0.3140840644075562
73, 0.17007523366102884
-56, 0.3049499912552467
-68, 0.9786993778146157
43, 0.7553011829917426
-95, 0.13882089046396218
51, 0.44920515928732463
-90, 0.46143543566132506
96, 0.5787468193717534
64, 0.12013327628182657
36, 0.9808152936909954
97, 0.2723780566074654
13, 0.4489225301061215
44, 0.40128423107613453
-36, 0.033160566221133836
-27, 0.3821768349001037
-30, 0.46071482719739965
-40, 0.9908152941700318
-57, 0.9082692049597174
97, 0.3007937913772405
85, 0.12455864928863858
-98, 0.47059631933455104
60, 0.5102152305389749
61, 0.2851447173389331
92, 0.04244308372500394
-42, 0.018302587688770577
-90, 0.8716370648943358
-5, 0.9542318998325534
50, 0.9453976216607053
69, 0.4293643500179434
8, 0.19502023363953835
-67, 0.9779810028778179
91, 0.21075072884378832
-9, 0.3654406723910695
-36, 0.5738387061266143
-67, 0.45487560530755045
41, 0.07998124575809751
-78, 0.9282939917381005
-25, 0.6234591353108
53, 0.00745069088270589
-72, 0.8825091036514887
-9, 0.20253162754696896
-20, 0.6376766783528673
-17, 0.4965528277480167
35, 0.7762297519012313
-88, 0.154460063850542
62, 0.30061379949721445
75, 0.574166240999291
75, 0.8843477592696579
-77, 0.11206579337722977
28, 0.8560700210786891
66, 0.18441870123759152
-94, 0.5457641237373823
52, 0.9406218684241864
-53, 0.17090931815655408
-41, 0.3152437878721036
-64, 0.7733417869400826
20, 0.21426735391202756
77, 0.20618134861536364
0, 0.5796819607755513
-2, 0.8136507668575316
-59, 0.8764448771040553
-55, 0.3029639113575472
6, 0.9209606616636679
47, 0.9020243148712009
98, 0.7947148463327406
-42, 0.8232786377418189
-70, 0.9596227168657685
-91, 0.9745859610598429
7, 0.038382344830574455
10, 0.9743574112999839
-42, 0.34807840020918357
-70, 0.42114788108884393
-99, 0.015336458317375956
46, 0.4120966533782777
40, 0.09938658595555994
6, 0.34540581290087513
-97, 0.13067778182375345
1, 0.21926412325140499
54, 0.18382951205450804
7, 0.6482411498588468
-25, 0.39003076476386767
-5, 0.8419331408902042
-43, 0.2873060540216822
-30, 0.2509097904468063
22, 0.41625965594211234
-63, 0.1460239403113911
-48, 0.7434632056440187
52, 0.7270362579462561
-91, 0.04997287323682209
-24, 0.09890529435593787
-90, 0.25750835136079964
-59, 0.7183176767051348
24, 0.02571380477769103
-81, 0.3970337467232846
-70, 0.9127608313013403
-97, 0.9339625172244633
-11, 0.09657988017304064
25, 0.911324798101982
91, 0.6667742236258796
71, 0.9629040752003765
-31, 0.46897209895525815
-42, 0.09597400587402971
-26, 0.07956881815317329
93, 0.688802904618966
65, 0.884189601180391
-7, 0.23532288434774873
-80, 0.7915405352692113
-35, 0.4290557027526257
-30, 0.8103079885264496
34, 0.343768082491558
63, 0.6812165213463292
-60, 0.6051804164357784
1, 0.5056042821566079
46, 0.8551414256935403
-29, 0.7952829254649192
-57, 0.3607124076456173
12, 0.6177958304273558
47, 0.5009609149842976
-29, 0.3845045066902081
-1, 0.2347847702557634
20, 0.8025362860872319
-18, 0.005706178850837684
80, 0.6661037702497405
-8, 0.7098800572315905
41, 0.567383409612382
-52, 0.6689441337958283
34, 0.7666971527604663
57, 0.26952731394834406
25, 0.6527120126735328
6, 0.15106943559967734
82, 0.0610735341626637
67, 0.3343614952005035
-7, 0.3186641906236509
-16, 0.5162774368643898
60, 0.7886439532324268
-49, 0.47951655156219897
53, 0.8886081198065496
60, 0.9497353849292496
60, 0.231259148524533
9, 0.459048582736693
99, 0.24372262324732497
37, 0.8063781766890872
61, 0.7490132498234028
-25, 0.14331612939123295
-35, 0.10096581478298061
-72, 0.04675889881043449
84, 0.9654911817879496
-11, 0.6377480618937501
-34, 0.1792060336357052
-20, 0.07603940832644218
17, 0.593927208752201
12, 0.1247831936831103
-74, 0.845600946126649
6, 0.5017015082444939
28, 0.8727207775757877
-79, 0.4718608324119019
-93, 0.33523827338652623
-23, 0.31067760943277745
-62, 0.5739605914353969
-44, 0.2993292016007958
81, 0.48787258431074576
-9, 0.5094007102068359
30, 0.5316474507443608
33, 0.21387352211047406
82, 0.6454006052093567
-56, 0.5438085609514778
54, 0.2412901646291027
-28, 0.5471026125449436
65, 0.06367306963123431
72, 0.6729210604191945
-32, 0.9075228810736274
58, 0.13255471878397163
-68, 0.09056476015566695
-16, 0.2843111250706234
38, 0.41403018393696545
52, 0.19686095511620394
71, 0.9988614518112199
-86, 0.21321014377224412
9, 0.7192110363273156
65, 0.3202622252722319
45, 0.34144863968941075
-11, 0.036311290493948545
-23, 0.012592301388621663
54, 0.34577694441980367
-60, 0.45840856744977254
-53, 0.8285224769786563
-87, 0.006760515243158571
-61, 0.3163508991090843
38, 0.2728189624321352
46, 0.9975525954477851
-3, 0.6240505320569462
26, 0.7805233292711161
-88, 0.2053027852776519
-23, 0.9955803032208579
-52, 0.9032403128451679
-40, 0.4031965541056105
-34, 0.08783493854532831
80, 0.7387713427892384
39, 0.37817617396696646
-1, 0.011690856503931535
-60, 0.7204672669317044
-3, 0.9254463367253123
-9, 0.15016096204752738
49, 0.7039071794116132
-26, 0.526723309266103
10, 0.15800817709373505
18, 0.09889705026086348
11, 0.5528693204661609
68, 0.2754127691841922
53, 0.5405993382582164
-21, 0.13610265782489817
96, 0.761491257694369
-80, 0.8662393294568272
-21, 0.4005773178466192
28, 0.136293751350826
-22, 0.33507090046607
-52, 0.431486268437811
-8, 0.9750658030545043
49, 0.5282942262770502
-69, 0.7749599468501657
59, 0.19964617820379893
44, 0.7502685579057295
49, 0.07661466879942902
-54, 0.016506904547128443
-11, 0.8975816848438118
-7, 0.6450293141073328
-77, 0.4583227254609421
-56, 0.795115227627494
35, 0.01770184114308515
70, 0.37207564011274463
-88, 0.21997196593606083
75, 0.9602950719986483
-53, 0.017140972333829496
34, 0.4602825707498601
18, 0.8966415265455576
-58, 0.9004283477418322
-28, 0.8035580629180831
67, 0.0315626018795917
89, 0.2564852624530707
-68, 0.6351729357428479
-48, 0.34937403245151444
-86, 0.19797123023932772
-31, 0.27183283887242604
-35, 0.28951125300388536
65, 0.5609274145103427
-57, 0.4531306258586629
-69, 0.1778581867484319
83, 0.7938710905437381
37, 0.650314312370128
23, 0.43789382697641244
22, 0.8021913059423185
-70, 0.3974659445092471
-43, 0.8090891779845226
-97, 0.35650231768298357
-26, 0.18000484315448906
-25, 0.8572668042474656
-16, 0.8603895332866135
40, 0.07705953688829037
-37, 0.2995504362596373
-40, 0.7532178033700414
83, 0.16788001702203315
-41, 0.1942887137569217
88, 0.36180058323630593
92, 0.8578755329390837
-7, 0.1486454583453951
-80, 0.346181494362244
50, 0.6253205857203241
-52, 0.8479221113459438
95, 0.23497374852348385
-98, 0.002759231116361005
44, 0.6136341853924882
85, 0.7388567346492944
23, 0.6483805549458536
47, 0.3162200261904641
93, 0.15172173187885796
11, 0.757580674233967
-42, 0.44968417918848336
-72, 0.10707509274728999
81, 0.9477882538124497
73, 0.2134978675253243
-99, 0.7319079406227627
-43, 0.33313900883400527
-93, 0.8183819199836243
59, 0.8036313576399103
57, 0.16790907460459792
-95, 0.08635479616256458
29, 0.2372543787459832
92, 0.35437305699552124
-56, 0.4993007140268009
54, 0.2808676322513056
-51, 0.9673292994750731
36, 0.8280815553953308
-21, 0.3269902339330456
45, 0.959532025756872
-16, 0.7199055374450555
-5, 0.9171718131453303
58, 0.45549202003418976
42, 0.34679229954669355
-44, 0.2882516271727795
47, 0.599315613234807
-19, 0.3815346160893912
-31, 0.9616104797225962
-23, 0.22557349231820667
28, 0.2076023208190113
43, 0.3068967746568163
-48, 0.6384936911027564
-3, 0.4023238835853219
-3, 0.833546303957607
-12, 0.5676857351510265
54, 0.2919293321495863
-59, 0.3254667019708809
-92, 0.9180137158871075
-36, 0.1383359937505173
78, 0.15676626600010446
9, 0.09011561532397983
60, 0.11871391952954302
-78, 0.05077612049546143
-7, 0.26426630932906225
85, 0.24506330361130435
-59, 0.584209259431313
88, 0.44062512322841507
-40, 0.03525680577601631
-34, 0.24921928409913974
89, 0.35155639635577374
8, 0.38177396168145117
21, 0.9772337935521336
-38, 0.1875513999938816
50, 0.23036054754123825
71, 0.6798444443763713
-52, 0.0076474238353198
-96, 0.8259343860934859
-36, 0.20095332778231378
-35, 0.516503659170884
67, 0.11080484630242904
-19, 0.2427479982145938
84, 0.9982063803914794
39, 0.5629431650294674
-38, 0.4702287734916064
52, 0.4212706165521233
-49, 0.028726373650220016
65, 0.5060207227384196
17, 0.47466594902370385
44, 0.17053259194456494
98, 0.4235101663094769
-75, 0.2182303880921217
98, 0.6732111027732375
70, 0.469286019908452
-39, 0.19785047354773555
76, 0.06410269431618076
61, 0.13054827446978556
83, 0.17429093653934113
-10, 0.30749091059089184
19, 0.5558192495052183
-24, 0.7013644313675138
2, 0.840311157024007
37, 0.24135238763454636
-55, 0.1821870766923238
-75, 0.29143589972631745
63, 0.6720352706984877
77, 0.9107692107408053
-75, 0.42617748304071335
20, 0.5465290501402815
46, 0.5997494755821672
91, 0.4688994857673333
-63, 0.7753572688865635
38, 0.7858185519410048
14, 0.3398138842066689
50, 0.6102171075684052
78, 0.5152672280106848
-92, 0.43729594278294104
80, 0.5583446445151999
75, 0.6228341108755385
12, 0.2805068067386668
-65, 0.751985810043139
-59, 0.9606684564070769
-52, 0.993117295100465
48, 0.12629481524558017
-1, 0.18329442803220686
-38, 0.07504730763440493
-100, 0.9125011574389603
8, 0.6954925026218985
91, 0.09118784656505174
32, 0.8556155026426523
6, 0.5422186591362155
3, 0.9001821701512809
-49, 0.30915403994969204
-73, 0.8400101193284909
-85, 0.5414050081196204
-94, 0.09993170447599253
-32, 0.8286287962194474
-78, 0.6597920374336042
51, 0.2828313337972608
-63, 0.38798646444460094
57, 0.1748093234244823
-12, 0.24238794605365976
-22, 0.5874644750860466
57, 0.5564363721470462
21, 0.3652995521979112
40, 0.0876261684075641
13, 0.8358252547036552
45, 0.5858571106360086
24, 0.5344242649249511
-63, 0.4851381366580052
39, 0.03764824513441234
56, 0.38556041615378356
95, 0.7532121657444406
94, 0.6880697858208599
-58, 0.7541018588817355
90, 0.1731673026512225
-9, 0.39878541872746265
83, 0.4924923177154088
57, 0.9183800918151931
-14, 0.80020922863628
82, 0.6571593516682399
59, 0.10760557386079428
89, 0.6002257708880501
72, 0.17343712668765499
-56, 0.46277243474591256
82, 0.5910082504532972
21, 0.4340777350033743
-70, 0.10640143203115482
27, 0.9336884343879485
-2, 0.9080890837193534
5, 0.11909267703016602
25, 0.6660703953234396
81, 0.5282384181208912
4, 0.776366665081485
-48, 0.8922450480923807
-16, 0.20195467802555145
73, 0.09556458091756748
2, 0.877132488310498
33, 0.9167764465647492
2, 0.9700943554488662
67, 0.730782004101596
72, 0.5965708449495217
-80, 0.19102389376784445
99, 0.7726805371055511
0, 0.044137654490800426
-13, 0.8482237916488875
67, 0.8070020420880556
18, 0.9572206068709487
-20, 0.344988437644804
-75, 0.26541685954782546
-64, 0.12584275383023547
100, 0.3448010039970729
-19, 0.730512477084955
-3, 0.34667768283210076
-58, 0.4526416234687426
-32, 0.20736562570141548
38, 0.9934964155399828
-45, 0.08130325013082051
-39, 0.7114936121085967
-2, 0.9680932482805998
12, 0.47034911044081895
22, 0.28003083131555884
38, 0.9250510739456358
-34, 0.12297011985423079
6, 0.5029735311852671
33, 0.7561524288423531
87, 0.7257034374495345
-91, 0.12850083703037818
-50, 0.24092727048280826
-82, 0.8509519083074686
83, 0.9625676567816327
-62, 0.2787711741949336
48, 0.5814026115247035
67, 0.9095422063786079
-54, 0.2384915887878386
-48, 0.3114088509308972
-22, 0.8438466885073959
-55, 0.8528438520595714
-39, 0.8798359040977646
-40, 0.36864051478052995
-93, 0.7555257035977648
32, 0.5402877650932623
-78, 0.8334045806036742
39, 0.17146958228959452
83, 0.2588742856475408
42, 0.73261505258109
-84, 0.2298525154044605
71, 0.7437729819715204
-93, 0.69605791283152
73, 0.7002138918958742
-27, 0.6978454387008338
-12, 0.10555379671697585
-86, 0.6081045465748764
-45, 0.6062511422040447
91, 0.8126732116397111
24, 0.15482358760304882
7, 0.1494649646068006
-82, 0.40562510050437106
88, 0.1638310843635602
50, 0.853982836465258
21, 0.45457226665268
-52, 0.10971810501850399
42, 0.9852939436283923
86, 0.09963336045395643
2, 0.49232536715759323
-91, 0.9626028573514769
-47, 0.7884458092567402
46, 0.6350183762311943
-45, 0.37163496340046154
-23, 0.09061578750419008
41, 0.3208632925915146
-15, 0.37425613924954737
-65, 0.9457855647345658
56, 0.29236085829672576
7, 0.19540909486819968
81, 0.6198838345596542
30, 0.5519010205954962
4, 0.3132184336374215
50, 0.8457072933059636
15, 0.598904599172578
-59, 0.3147004002797701
18, 0.3384841845970894
-91, 0.03718308505051071
45, 0.018532169101863283
30, 0.6577852283757595
65, 0.3384612818461743
69, 0.5724777915016654
-35, 0.7873806199743951
69, 0.49670979683700756
67, 0.5060938999009551
-2, 0.9331420696827044
59, 0.8438301532141964
-19, 0.4986629550476869
-91, 0.7601900186003153
43, 0.5264202767275329
94, 0.9042254790807304
63, 0.7951440257885097
-58, 0.7430847472244393
98, 0.08672662737482884
62, 0.4939476658185311
90, 0.3152573593736743
-67, 0.539630417344891
-10, 0.052708733297335164
-35, 0.9836682257105974
-55, 0.9125366838638382
-8, 0.4123842894662261
64, 0.6939664238425474
-91, 0.555561502583322
-19, 0.15805689001844736
86, 0.979018572860989
-31, 0.7433307297836353
12, 0.6349478486295428
-5, 0.374463617963921
-61, 0.18911729587927717
73, 0.25851670024447715
-74, 0.5095274139591579
-72, 0.16013612121013665
50, 0.006864689340872809
72, 0.8205642324205626
-4, 0.41728753162308196
25, 0.9261678562729317
-40, 0.7344946120006652
-91, 0.17587932688769037
-63, 0.7407365732115064
-9, 0.22334790422503037
-41, 0.530340388446923
1, 0.024032479715255572
81, 0.8686740133573702
-56, 0.24024956289143795
21, 0.7567350269120708
12, 0.6903804029078962
-87, 0.2794273745445045
40, 0.06420654747662513
-99, 0.9063970322135494
66, 0.7831544079913637
-60, 0.7100774256631635
-2, 0.38354127321389275
84, 0.8312198306756962
-25, 0.5465822250378665
65, 0.12579757748650466
-45, 0.8984206418156914
36, 0.9269017661745109
-71, 0.48848177725804165
81, 0.8011119749390103
-56, 0.8872755441970529
75, 0.8525946762415868
50, 0.06209144911757303
19, 0.8028973054097461
94, 0.5380229943046455
1, 0.9985453053513006
76, 0.5125134920476909
77, 0.3672221196760148
-94, 0.16772550430531563
-37, 0.590127303930799
84, 0.4488153698365862
17, 0.9324754370942101
-5, 0.4081158048492953
-8, 0.9589094861090098
-13, 0.5947379557118876
-38, 0.28498177706893
42, 0.420946870921179
-38, 0.18432638045748984
72, 0.8451436341740981
56, 0.8435458611483724
-92, 0.5035231105185183
-85, 0.06728671913397621
46, 0.5369103336036856
48, 0.5182590288656391
69, 0.08050102318518959
-45, 0.5883780606669772
60, 0.22561136044678276
28, 0.18103616261388322
58, 0.1995218562263763
74, 0.45993845667977884
7, 0.2922318621407869
66, 0.889076919903173
-5, 0.025572503129173807
88, 0.8515463587097154
79, 0.8157108712389008
31, 0.7119807501714551
2, 0.2440177705126223
-40, 0.7820713245208057
62, 0.7633674281714893
67, 0.915700647471087
77, 0.38893257977081386
41, 0.12261391707923841
52, 0.6242446803034487
43, 0.7298277143293076
-97, 0.4949949876485048
-4, 0.8962079765652189
-44, 0.57807035091134
-34, 0.8035910122117298
19, 0.5691358379919421
79, 0.9889026672658954
25, 0.6638258744900892
-92, 0.021253070631536475
100, 0.22701728341017402
-34, 0.6704031623998111
94, 0.2190530338894886
-1, 0.6887179820894032
84, 0.6050518954139901
52, 0.8724810645850523
-36, 0.05610389672487903
-30, 0.0032334505646646194
-65, 0.4522326927616356
73, 0.9720058490991229
46, 0.5511843553083947
64, 0.2843555327647578
17, 0.7462271964795677
4, 0.7813572008348605
14, 0.2551681178508637
72, 0.42429863183994976
8, 0.05125692848451613
-88, 0.4136085857094992
17, 0.4118251669413131
51, 0.28413317523673765
18, 0.3547415401830101
87, 0.23292773706464398
36, 0.5243643857647826
22, 0.8764479392203036
3, 0.5466042276666109
29, 0.25100897232099406
-100, 0.7564055334268357
-67, 0.8601304537757528
63, 0.9670892137585191
-30, 0.07632203750576949
-39, 0.2768393332171962
-27, 0.7195318405832024
-45, 0.44274905176669144
32, 0.9386533059598329
84, 0.9488087836088464
89, 0.8325393125519446
-51, 0.5874859996990042
-48, 0.11401876848586456
-17, 0.4518799239236053
12, 0.7981129285979357
62, 0.8915885201276266
63, 0.865290729749577
1, 0.975043455678823
14, 0.7879890165566
-60, 0.7026783444194872
-63, 0.9923595132998754
-78, 0.042097736212087455
-55, 0.44834287034977016
-29, 0.3412880248535024
-44, 0.24642024333060242
62, 0.11828806913433432
-46, 0.13838550859160226
94, 0.5834297475272213
-43, 0.7739261680044387
35, 0.17254054346311376
52, 0.5471751117540528
-60, 0.997550171748065
-40, 0.38716912426676287
19, 0.07486474722079839
-94, 0.4281814464618614
65, 0.6266309951478352
46, 0.9760659462580714
60, 0.16994546279255385
-40, 0.8259212935527108
52, 0.23845193390088315
49, 0.2540803284909563
5, 0.7846490725361887
71, 0.39820825520693914
-29, 0.7051038490828854
33, 0.010905749603351333
-26, 0.007644575137161769
95, 0.05808102715989327
54, 0.538231889331635
17, 0.4571586183672327
33, 0.13129880999018162
-59, 0.7367634895061232
-53, 0.4190225775628956
2, 0.950701509890225
91, 0.36324520350094136
-60, 0.9055674710003145
-83, 0.244026834876108
23, 0.37071629164484043
11, 0.0010745374762646254
31, 0.8323258416655067
68, 0.9522384707920468
-68, 0.3252068053967252
73, 0.1404515378803931
12, 0.2449174929687129
-59, 0.6636556742306564
-6, 0.7263763731204586
-49, 0.6709833920911283
10, 0.13005037161084265
80, 0.28748135467960123
32, 0.18488413177392016
68, 0.677592725906222
8, 0.7182411259307728
49, 0.6494429202441785
70, 0.9950561768925875
75, 0.6529705072478122
-2, 0.7110510625853084
33, 0.7593278615291844
-88, 0.3712717335926051
-7, 0.2220276549980802
57, 0.4271114258941582
-38, 0.5290769196744837
-28, 0.8579529392014392
8, 0.8072941127822948
-24, 0.09280253969663776
13, 0.1742389192353584
-13, 0.6061326639482846
52, 0.014899391809592877
-85, 0.5882270821788252
-21, 0.5018230463845538
46, 0.29354853772941647
-92, 0.5897108818481358
88, 0.7685722080166563
48, 0.16183409173435048
51, 0.24656013148268185
-81, 0.5093390888332661
-14, 0.2632927121059683
22, 0.9369022154299985
-69, 0.022315797232120738
52, 0.5137872210029801
-86, 0.7990516787400904
42, 0.7381338880722705
62, 0.3958635534413816
9, 0.5561095366931943
-67, 0.9399552646118948
10, 0.5016171201252061
-96, 0.5171095782809088
84, 0.40652673613227797
26, 0.9574212791911738
-11, 0.2039451744055354
-7, 0.9138880637251411
-81, 0.6356696702220144
-27, 0.9305864135946196
60, 0.5486230675692129
-39, 0.025085006826479517
-35, 0.3236532281934119
8, 0.08537617466221203
90, 0.5113354805605786
35, 0.23943871925503057
-50, 0.42331800970490785
-92, 0.5843269342298969
35, 0.2137772991040553
-19, 0.2008181641824971
-7, 0.7326539046238103
72, 0.6524494996388019
-52, 0.8458181043586657
88, 0.4633961569121384
54, 0.4354802070903633
22, 0.15678641355014955
-68, 0.21904956151193167
38, 0.9743781831927903
-76, 0.5181148673276239
-34, 0.15053036933089792
53, 0.8973158449895938
-38, 0.09901284362535534
-40, 0.538102926960277
-12, 0.9380547472918288
71, 0.2450768738584479
-66, 0.46949466949945096
29, 0.9746931539411742
-14, 0.5342485604812363
-27, 0.41470094612413555
-84, 0.9108171901963785
3, 0.90169622647103
64, 0.3998514049927232
79, 0.024713578992101803
46, 0.45481365850679756
37, 0.5941892367373055
90, 0.11901841110157185
22, 0.5738069776391381
-61, 0.2326825631627466
-18, 0.406501166181057
42, 0.46988289433112884
28, 0.4730595820500353
-13, 0.2199516050015542
77, 0.9725276885992314
-21, 0.49393939600614634
27, 0.9433785719985602
-23, 0.33939859776461534
96, 0.002279301935074085
-86, 0.6618408559368146
18, 0.32780655640954004
-65, 0.889819756455901
-84, 0.4535038160535352
-18, 0.7249398307942195
19, 0.46708892738074137
40, 0.14094357194612628
-39, 0.1207387529018985
-35, 0.43853376246103604
18, 0.22459451253239748
13, 0.3634688191049533
12, 0.28397936743631835
-63, 0.7686177882970102
-84, 0.946307629296314
26, 0.9663920914265485
-7, 0.4245376902355442
-69, 0.3708225792559725
-93, 0.16349733430113078
-77, 0.8912859226071642
74, 0.9233390404224562
-33, 0.1946082758826322
-80, 0.07721507565034436
40, 0.4263056283744283
-56, 0.9596562484104156
-90, 0.7214911530508258
67, 0.46213173067450586
86, 0.22542334803621655
53, 0.3690135113045674
36, 0.17266316421161498
16, 0.18070259961772495
-19, 0.6775853094537029
93, 0.11243647587627192
-98, 0.3081471005094736
8, 0.4958441066005954
-75, 0.1352276892815103
13, 0.0738944534387479
88, 0.112080883203302
-31, 0.5710240476160792
-49, 0.057069669244374954
-71, 0.6035951521070224
31, 0.4516401543038212
-59, 0.18522251291133973
-20, 0.7731551590995923
-50, 0.09798079980696128
-22, 0.29846312680529186
-37, 0.5688468241179254
6, 0.025165324936899713
-76, 0.12512228917890555
-77, 0.6963561159028356
90, 0.12437389034591906
69, 0.7903314686345079
-100, 0.9590081300900154
23, 0.5176481031473805
-87, 0.9771290746959487
-3, 0.06765278751879877
10, 0.43592141759286496
-10, 0.3053298232923769
12, 0.6184447980859199
2, 0.9891820498657719
-38, 0.11190758673067969
-14, 0.5868783992293776
-43, 0.3507370922413444
-26, 0.0916136024610581
-14, 0.6502929495756847
-77, 0.4468285911087838
-41, 0.1677645192373044
25, 0.9955360540123354
-59, 0.5584339026181073
-76, 0.8093742394734535
91, 0.3840589314426761
-11, 0.9876047726697261
9, 0.14586293516266458
-80, 0.819611474494043
-34, 0.12978542287428652
91, 0.9821064121361193
75, 0.38005942670648385
-60, 0.5259592105686985
66, 0.7847030349585943
-34, 0.9893574058906228
87, 0.20029264473566122
72, 0.6906348482699929
-14, 0.6193114048849988
17, 0.726117561020525
-69, 0.6419157528633277
85, 0.7994365961548577
-7, 0.3132541984229862
-55, 0.23002368335479495
3, 0.7715486384283141
-76, 0.9565691063529139
42, 0.13854222155132734
49, 0.06418983530874822
-12, 0.65057780303655
-55, 0.1594510275459985
62, 0.7666211570615161
19, 0.1031975869558186
-31, 0.014189868706995457
-40, 0.029816198515248193
-8, 0.1740096062702472
68, 0.9581320294383339
-35, 0.7802959642201451
57, 0.4491832417875933
-92, 0.3763195399893796
-43, 0.009953892069039738
60, 0.21059046233550105
27, 0.6423855883801423
-54, 0.7570128662389969
9, 0.6193886667331625
93, 0.7041882141253231
14, 0.9826986342690439
91, 0.03662920973294115
-27, 0.14471011900848418
50, 0.670122893772088
15, 0.9384859572473286
-24, 0.27783987428837953
-86, 0.2603865996892173
-62, 0.33005923503706003
25, 0.2693445724635749
62, 0.12746356583460738
52, 0.9258933268594393
-45, 0.9846304056022529
-97, 0.04888193635668725
99, 0.8938224609426438
-13, 0.408880695471324
77, 0.5329747586754863
-76, 0.21297086846814706
40, 0.6006468050488619
-29, 0.1255605287835594
-53, 0.2678128594667887
-69, 0.7233456886297966
14, 0.3349560454645314
-33, 0.5572620235097886
-94, 0.9511135232364075
-57, 0.2131080983966892
74, 0.4114361644771234
28, 0.3103507999793804
-43, 0.8121302082810719
53, 0.6664108609953908
-85, 0.6836334799430532
-37, 0.1982352085183
-28, 0.7611000932866844
95, 0.19265574279980835
23, 0.37830572446360256
-34, 0.9425625304424359
3, 0.7331843723377713
-33, 0.04044356582849695
19, 0.674234558765525
66, 0.07712141035070508
97, 0.5947395391008573
-10, 0.4927568716628141
46, 0.41437370235661775
23, 0.7163385291857964
96, 0.7800640433760425
-70, 0.3385120734910202
21, 0.32901230288530936
55, 0.206263343445243
-56, 0.4819485339520512
66, 0.806364927190278
-33, 0.08767675466557645
-89, 0.8572728971132534
80, 0.9016976317072423
-42, 0.9236016503913248
-10, 0.3009291305792873
-88, 0.2768771533461424
90, 0.9956136318785992
-46, 0.022181639703454548
-19, 0.5714078005508443
-6, 0.3129876889030283
-32, 0.3154268424333433
55, 0.659742130223073
-55, 0.11938920217262539
-96, 0.45508684002307975
29, 0.24103538481260256
-85, 0.9381913369564874
-97, 0.45049388850340033
-93, 0.5227558814616231
-4, 0.6537847424051336
-25, 0.43172886908351216
0, 0.830027078751144
-42, 0.4280688053115178
31, 0.4043932772136224
-82, 0.9911107642489783
-100, 0.426050443182624
-29, 0.5900446175606342
-98, 0.7245589007520438
-56, 0.8559033304121569
29, 0.5607029498704635
55, 0.8415964263667124
60, 0.4511080065115439
5, 0.16781571398210182
63, 0.41322973471177094
-35, 0.6120925063388648
80, 0.6965531820784586
-92, 0.6947580702561779
34, 0.4210747910248659
38, 0.6982774472185891
31, 0.7526372991023015
-6, 0.26325639606722895
64, 0.8258766150092907
65, 0.9666319748817691
35, 0.43620613714588485
-48, 0.16883293113940656
41, 0.905558431628039
57, 0.38383777218066084
-35, 0.647520039733871
9, 0.37265010228982054
80, 0.7930008238527987
-65, 0.0719925487730062
55, 0.1710138846272452
-62, 0.684729190607847
-85, 0.12170071300463858
-89, 0.9661036100124938
59, 0.817777228613141
7, 0.18951841849136797
-21, 0.46661126644892814
91, 0.34716347694994676
-51, 0.9598614407881219
-84, 0.1076298260116515
-4, 0.1333596697407231
62, 0.5464771530320225
-34, 0.7989880930643642
59, 0.6067682088884904
23, 0.8676011727580696
-98, 0.9855297244112778
46, 0.21687873603280217
92, 0.31722593204212235
-27, 0.8807818899914357
86, 0.9608574855013843
-52, 0.9734625186046417
24, 0.06596227561254686
75, 0.8646992574341423
-6, 0.3332881840977151
-34, 0.7584119223060182
-45, 0.2544205127640643
59, 0.3840499454590125
-80, 0.5259786571831131
26, 0.9143439218379632
-16, 0.7536007791300268
34, 0.3770269141804039
82, 0.7157816171288908
7, 0.9177366435809379
-3, 0.5299244009293017
70, 0.4676522045816751
-100, 0.025994307055799415
-27, 0.5180125499795943
-92, 0.3557810074645378
11, 0.3715544519448376
23, 0.3725594635381423
-95, 0.6236042485083062
-31, 0.012870248026185083
66, 0.2210500506187867
-8, 0.7939894579345832
-18, 0.31638340468439363
88, 0.5352072331852213
60, 0.6435829736018638
35, 0.20946073437419943
-54, 0.0020608474134226062
40, 0.30398714361129275
-33, 0.7717845815841953
-90, 0.9148992331129213
34, 0.8314284807021814
-15, 0.809704868701061
99, 0.07462330910848869
-3, 0.9195599145147434
1, 0.677544967171236
-78, 0.530002405436245
-61, 0.08805692519986053
30, 0.6296836725678533
13, 0.02671985443997804
-70, 0.38305688775000735
31, 0.8837632410261198
80, 0.5395514445408853
-34, 0.7966431374013205
63, 0.8773395515390324
71, 0.8950420080783059
-6, 0.6571480459382254
-36, 0.38352152652022053
25, 0.6404364196560381
-20, 0.9310283718804298
89, 0.0326429509495606
26, 0.6433387280208858
43, 0.41592572099715064
-67, 0.46507529987454865
73, 0.3063453645479288
28, 0.08859640476164277
34, 0.42951914976310246
0, 0.4797877231618175
-29, 0.41194963635948956
69, 0.5248869742141814
-100, 0.33093981710416787
52, 0.39258918441446133
98, 0.7486921063433367
-5, 0.7082341135466586
-68, 0.7428302457187019
77, 0.025909320990489593
-44, 0.8207946274973006
88, 0.8545141296617137
6, 0.9941056169189091
69, 0.7129523289978723
7, 0.8476446248527497
-64, 0.7113435867540544
31, 0.4431205708673689
-67, 0.02195581541931524
7, 0.23753537128591506
38, 0.8398912444894086
-53, 0.6038194479023917
73, 0.9236382027092509
45, 0.053119148928823745
82, 0.8836130506797248
78, 0.4329494496183054
-34, 0.6780220654835134
62, 0.31151943364456136
68, 0.8418160571665725
72, 0.23763443380026028
95, 0.07710749656500437
58, 0.7122060713702958
-99, 0.9534787276589425
26, 0.59565453824063
52, 0.865921369602875
77, 0.7536852487166937
-4, 0.38466008742177904
37, 0.4565232935476623
41, 0.3214421751724388
-51, 0.534866523605986
-48, 0.011757318309345122
-100, 0.6916651521092407
80, 0.7215084614787999
29, 0.05909633954482518
-70, 0.4019499782386381
76, 0.6962739156483087
51, 0.4206081433971265
19, 0.2741267338802956
-58, 0.3991210386364916
4, 0.925652831298363
95, 0.13392890073115415
-97, 0.3215948838428896
-48, 0.5345468577244333
8, 0.7992534443341816
-41, 0.8549362550108306
-7, 0.12281248213590867
41, 0.33794530960139857
71, 0.9406020821549204
43, 0.7074728612939634
-21, 0.519992279419749
-23, 0.1638820389243183
44, 0.7140643321101464
21, 0.8221372433188815
96, 0.02980729509158042
96, 0.18646601651817407
47, 0.14143853269996143
-8, 0.03849449475954747
-16, 0.9081914648178697
91, 0.30757618707600676
70, 0.3647466826026
11, 0.4462479001185303
-34, 0.4457066515965088
57, 0.43232364673312407
-77, 0.8344475009762479
51, 0.08026746761415315
42, 0.13241655502497018
63, 0.5467726934253271
-28, 0.09286215260349784
54, 0.15108452314608956
32, 0.43552815928528354
10, 0.7627156280146665
56, 0.5656483511133141
-53, 0.9766679143144892
-56, 0.2694386282904928
88, 0.5138271095313776
85, 0.48325629908479684
51, 0.8211705524052731
10, 0.5480956105151145
-78, 0.6477823387454711
31, 0.2730486119186376
40, 0.8023986664876569
97, 0.2912540531556259
0, 0.10439095090159745
3, 0.19542664770493456
-56, 0.7275683523852053
41, 0.024398468777754978
-67, 0.8658217471632303
-62, 0.43852437884548956
49, 0.08414398462182437
-90, 0.07103451924239013
-35, 0.44878973222893426
-92, 0.7539098867019299
-9, 0.27020608224800413
-3, 0.42675951016279356
59, 0.9609397174779246
-97, 0.029648903852130704
49, 0.06654693463625816
82, 0.4061112339201739
24, 0.45342590940978367
78, 0.07834335263294345
-54, 0.00816756234152971
-26, 0.83898423350291
-63, 0.020307575253177945
80, 0.04291326682124419
-66, 0.4640446018812501
66, 0.5019425127918438
91, 0.47460630207657994
19, 0.31901802232333343
41, 0.3895235258788534
75, 0.9700826732991275
-94, 0.5313185723992189
99, 0.02188486474640794
-21, 0.5880267831234025
32, 0.6430728772137624
-41, 0.5257157903212526
-64, 0.561763003352479
-30, 0.6403007646014254
-93, 0.589733909999379
-76, 0.46995138124735825
-53, 0.7671810622083499
10500