2000
65,0.6915136802033006
-63,0.48273855646763786
-41,0.8594761455617714
90,0.3981000935095196
87,0.14782739146153567
-75,0.8102464804040632
70,0.9079436101665768
-61,0.9990450109914047
74,0.41453807579022417
-65,0.5124935755612282
-51,0.7791625832143976
-60,0.7473165878813367
94,0.6975142612525489
-47,0.7151709684425602
69,0.691013535272445
81,0.6349632318347892
-73,0.2785130778276593
45,0.41796102658454715
-49,0.28847644957112295
58,0.0986831965743954
-60,0.015255448005145111
-60,0.8822633379696206
64,0.12054728762408673
63,0.6900140614655578
74,0.5837048051399356
68,0.9918142232121251
44,0.8789048792602182
100,0.8098617755479797
65,0.1854806794774133
-95,0.1970704343812837
93,0.36784087251885167
58,0.2593529497745216
-52,0.7568141701569258
94,0.0692662164979112
-91,0.2540672859052875
-71,0.16465820804280562
49,0.8101796860597891
-46,0.9363425982586255
66,0.005367943514276496
98,0.17034826482112098
90,0.9157133045449427
-84,0.5504859104899911
79,0.06866118056876513
-45,0.6640084914079126
79,0.4867550490974256
-47,0.24580269539521815
54,0.2608930240942583
-56,0.19425216843158433
41,0.9723288047833607
-98,0.5846962839095947
97,0.5502818207964695
-62,0.17493592387956391
63,0.7791000851077577
-76,0.06280009281686116
-60,0.8907863460803864
-62,0.43029582516086573
78,0.24632843540818827
-42,0.04486104315690065
88,0.5392714385713836
-50,0.12888586279230807
88,0.7795581596079746
91,0.7377564369099571
-60,0.33269662865395533
-68,0.1786151422896749
40,0.8122669776947972
72,0.6718658270151758
-56,0.7317545293670218
-85,0.21084402278815906
63,0.6094195001668585
-42,0.8583090504189111
86,0.047737976567855944
-41,0.8684132869566844
-55,0.052848211678323986
73,0.517100414975626
55,0.1610155094020984
-65,0.23064489726275572
95,0.4556120141544152
44,0.030058275437705673
62,0.2123473033702571
-86,0.8577664686698718
-94,0.14095838400782168
-64,0.5623479030923035
55,0.20237475390028015
-100,0.11787623436155492
-90,0.9912419051322708
-57,0.6178251975542193
45,0.16996819744895353
-58,0.17147873410818282
-69,0.4231284401053209
-46,0.6458873812458359
78,0.6367196289305413
-43,0.23178599430272617
66,0.27764104784367705
-62,0.701325877106764
-57,0.3027179272909334
-87,0.49339262753592106
40,0.9270801719602024
72,0.0737162172863508
66,0.5578464178731957
-43,0.4275979801101245
44,0.4955766102722957
-62,0.7491680831271561
60,0.23319352611778543
-40,0.9795614413893089
80,0.46601359728294234
98,0.5447981764605583
58,0.15876952411912504
-72,0.57064247167546
-83,0.10327965176060494
69,0.7650774680430791
64,0.5165731531025988
81,0.7086896644884658
43,0.0622909672177927
-68,0.2692436827590414
54,0.6821542608292122
79,0.4397080328813001
-49,0.268948908363417
-76,0.9102585305135423
-79,0.23316936423296963
-60,0.8362476877103755
68,0.6631740999402692
81,0.4083285325451015
-91,0.0700294528993044
-73,0.2110206354395071
66,0.6753857866221927
91,0.8557974460312243
-71,0.14159009514499665
-55,0.7686671287069273
82,0.37127123455113176
55,0.21525709142972915
-98,0.09793600549552339
88,0.9642566491563583
-81,0.04441696320015809
-73,0.36901247774395396
61,0.3026638474318495
-63,0.924022857855347
97,0.6623495587003467
-98,0.5055765455243673
-57,0.028667790965117623
92,0.9019957156190809
74,0.9787610064446779
-96,0.8876583840274473
56,0.3342853501383677
-58,0.8956082881907776
-74,0.3131697161114252
56,0.3361481411784881
90,0.0707610308394152
65,0.22401973464008262
-56,0.9689948287210275
40,0.08589110895625662
41,0.7073378973726325
97,0.08480973583684215
54,0.011998529396012758
74,0.02158182787146068
84,0.17688856198697622
-67,0.8478643753343835
61,0.663276720860142
60,0.68589906044634
-51,0.7428483431733252
-87,0.1196866148496265
-99,0.8744562368785453
-97,0.8670406332465002
-61,0.9673150518747926
-65,0.41702937841943144
-51,0.7474818595208716
82,0.019106986544729754
-63,0.22053169217129298
95,0.6256631314298836
-91,0.33735441176561975
80,0.24632077517424267
-47,0.813569529643895
40,0.28825339851113285
-91,0.033406643928552304
-43,0.09085903031118758
85,0.7588806934894313
-56,0.16473841278224866
91,0.1531808251269906
-100,0.9041139962959321
-77,0.36749135011127576
75,0.4392606737348257
-52,0.6026982519793159
88,0.1524868024039686
56,0.37695730936407734
-46,0.4096206387187201
66,0.45788760728735967
82,0.61135826749479
-46,0.07080624797713342
70,0.48838444441057816
66,0.10416543689582747
40,0.034669252980263465
-61,0.8980420396267292
91,0.8691918803171982
80,0.13463885733715697
-66,0.5525830253705931
41,0.4303879809511577
-49,0.26747468380302186
98,0.5521269320721294
-72,0.7459900106600836
63,0.10529747434038739
86,0.7317097874270398
46,0.9461739138004502
-100,0.07415547014563695
-96,0.09436264375995329
-42,0.6394953085642641
-44,0.22345377586592263
48,0.09059896271357903
58,0.8096020780810719
80,0.6421522109342352
-68,0.15844268203734146
93,0.6723338134056305
-41,0.014211323112675589
59,0.5022177836595735
-61,0.5009616483044844
-55,0.3088839155839065
-44,0.2397108091268132
46,0.4801113411624165
63,0.6281691643637618
-97,0.35003400955427955
-98,0.22802757208994962
100,0.16941722072696241
-61,0.7608095687154548
80,0.995058893838802
-60,0.41489867390221635
-88,0.45464314284850116
89,0.57699941710267
-88,0.7212160466496185
94,0.05008596262901144
47,0.5709770427447491
-57,0.6515612623155282
-84,0.795575028421684
91,0.4102431717403837
-90,0.08247888413601945
-62,0.5248902221105958
82,0.4917962485444626
94,0.7018778592940149
-54,0.9633085896297059
-52,0.36256532870144687
93,0.642260689152987
-82,0.6747025424235835
83,0.8660045623766669
-90,0.1053948683568886
-46,0.1959914777345244
49,0.6697707549608332
-61,0.09149210271832775
-100,0.7293104383199434
-40,0.5240965813845551
97,0.8121452723755472
83,0.7374146591046847
100,0.735501995823486
-74,0.31700198140921154
-55,0.32444740846284237
87,0.9945448592567961
-79,0.27341201023599615
41,0.05153261821998878
-63,0.4854878688243316
100,0.5854465559658297
-55,0.3626839643577864
68,0.17093861364645446
65,0.5872810577717927
-41,0.89522320032598
46,0.5248864110115316
71,0.3172523105555146
93,0.3540965440731433
100,0.43110163418360503
54,0.7618109903190852
-44,0.18290122840064726
-53,0.6788027326934183
-61,0.8657645437020117
41,0.22436894174941768
-94,0.8072913894967223
97,0.20460937961380632
91,0.06875953090554465
-80,0.10458719327619193
48,0.43411381976285757
-45,0.2344173653349816
-79,0.2109753725701412
75,0.2529320777979813
-63,0.36641650026328965
80,0.6853352902231057
96,0.2390917910790583
-60,0.7741648775530754
53,0.6090234202092246
67,0.322524521158732
81,0.760071835484789
62,0.3871599674005709
64,0.47167048097136166
-89,0.30438557546572287
-88,0.6501807847026042
78,0.647593377144668
73,0.7212683854707679
-95,0.15020014340466648
55,0.508679000647566
75,0.22713543771855893
61,0.3179903559783479
-53,0.6016950567468328
-50,0.41325079120336716
-52,0.3187584386223894
42,0.24742265205742942
-47,0.49159570739127967
67,0.3023950050154097
55,0.8949960584046913
83,0.469804400717612
-80,0.6550881924573055
-52,0.7094170388308245
-84,0.9844687760253247
56,0.5474221548631171
-77,0.12421079749808028
-41,0.5033265361913741
72,0.35171510137324336
-87,0.0825144151583983
-67,0.33054725131096774
54,0.7538588185064133
-76,0.966345705301391
-44,0.7005794469921903
-46,0.808195570393786
88,0.8310015225317754
73,0.42976393949331027
-92,0.9477694808620823
87,0.936838018373256
85,0.3738235552540301
44,0.09117233583223683
95,0.13609320842305306
-95,0.5938390949622339
-84,0.8190656705879075
40,0.9293121028313016
60,0.8664374952322832
71,0.19465003192432895
-88,0.7668674723638371
85,0.4023583830683991
91,0.6869584397801372
65,0.49240020385326944
50,0.5791690009875099
46,0.37562105088122855
-51,0.10318076538050447
46,0.6804068778100342
94,0.2557392769286905
-63,0.9251771766660114
48,0.9461838564665874
71,0.7954366608461387
95,0.8134483885748526
51,0.2852881252780146
85,0.9265416795333612
76,0.15490342766508935
54,0.10631335872243297
-71,0.45843053327081495
92,0.054222629606218264
83,0.5777892267985815
-93,0.26701272730119685
97,0.03899685319112478
100,0.48844511838266746
-71,0.43692583823451603
79,0.7249782977600144
63,0.6151984632215389
87,0.2965228474860232
-63,0.16937677854643773
-89,0.061836643728110374
55,0.7084297753211038
-96,0.5470235274468966
-49,0.7320107138899455
89,0.8018874630813287
47,0.585329387768982
48,0.14010368748561475
95,0.6309586686461942
-72,0.603469238074366
65,0.43500019966431525
-66,0.7866708285575498
80,0.5764997636568993
73,0.21647747574698606
-52,0.3423273666962833
-55,0.5880639031528723
-56,0.5190205771828318
-94,0.0019640374392206894
-76,0.20805909222137398
80,0.7392318142452597
-67,0.8070460344746953
-45,0.7716610876199113
-67,0.2672926164337439
61,0.9809285493569523
49,0.4749402447010741
-59,0.1984362601531947
-56,0.14023314073611692
-41,0.5602330019734938
42,0.21572805945566365
-76,0.0731005543947929
78,0.41257137896943186
78,0.6237404086169076
98,0.42358918102020837
51,0.23865392606643698
-81,0.587550567719053
67,0.16406115241042507
-75,0.8009282785368064
-47,0.11996791288824149
-82,0.8777716526169291
-77,0.8678023023073882
87,0.41652667193535275
60,0.3850687850659248
-47,0.7120108107985226
-56,0.4719957937652849
-87,0.7741316754098113
-57,0.42359824850226135
84,0.020800822589713608
62,0.5259764592670289
66,0.40494234992869327
69,0.00869356137868027
87,0.33425410276112477
88,0.7770021277431204
42,0.7328012339917159
-96,0.7204422958186707
-92,0.476581456574373
-100,0.7504473117755119
70,0.47750347953021277
87,0.45223152320515714
-46,0.17398771752515585
-78,0.4791903387693047
58,0.6594862998831621
58,0.5957247041062332
48,0.20610169813291634
-80,0.751853988282456
63,0.34826335011130527
-97,0.3058647485801089
-71,0.8258244301208757
81,0.6958476149824969
-53,0.6573199359864755
-72,0.5842139158173643
-70,0.04845629215838221
53,0.9886985375779936
-91,0.12978688949789297
82,0.787107491885862
-52,0.06819018788934617
-49,0.4999493124293335
60,0.5820619463263799
-74,0.5645103102311408
88,0.4985346230599429
-55,0.705936399657348
69,0.6766498837358608
-82,0.16613052272640738
52,0.3529566527323674
84,0.7910552356834205
-47,0.9808432921671277
-62,0.5132585081654137
-55,0.6830119712650595
-71,0.9516551803210129
-73,0.03446798345065094
58,0.4279630129505875
-50,0.5734551124363539
-40,0.052497548278295336
100,0.9977686564252473
94,0.9356904526618488
56,0.7573001973515334
-40,0.4507481777076222
-72,0.7796115766600267
49,0.6129781490065949
-93,0.4585281436089962
62,0.49876624892402466
80,0.15653297732923332
60,0.5389050349068247
79,0.19611421585919941
77,0.9644885613389187
-60,0.28476322257190967
73,0.5270686803376121
72,0.19027487605103777
86,0.36699895786510517
-90,0.18020852106086616
42,0.9642909473472404
-72,0.7003104457423666
97,0.014910942446552777
-92,0.1954733760490116
94,0.7629185139455826
56,0.09314659127930003
76,0.35648056936972305
-99,0.258358560198648
44,0.645498943046092
-87,0.6926533834459146
-82,0.10290613930257386
-77,0.652871060019264
-83,0.2237769458125527
49,0.49204854227618955
82,0.47005979037952217
-81,0.4216339371253959
-58,0.10836935622242572
-67,0.6251667463364708
-41,0.7989356602565051
94,0.04768546138292162
57,0.591141482844383
-53,0.08710439190569141
-94,0.7613880691558719
83,0.9340088399908033
49,0.2792218155291677
-43,0.5707252952186739
74,0.3352720136746721
84,0.34073490652967187
-62,0.42775561505826953
81,0.44273947744605113
86,0.7418879116000421
-74,0.8628120331381044
64,0.6179126846384709
-76,0.8215437017115634
66,0.5786711514178368
-93,0.2350392739730106
-45,0.8573277971526782
-76,0.4387392316239216
-77,0.4513560816326976
-51,0.23670956411184962
46,0.14206712443517766
-45,0.4672184723575531
89,0.5123833860208048
-98,0.734712307665796
79,0.012377827817777964
-93,0.7809389005449524
-77,0.4461085864525691
71,0.45179556913553776
-47,0.6588914380479071
93,0.1749795113058622
-67,0.6064087678350958
85,0.8757898363501787
73,0.6916169827825258
-47,0.9192009112573416
88,0.2085732634346814
-69,0.8359471768243698
77,0.7709724216550138
-73,0.644807415399253
57,0.7049035379698221
-86,0.6641504444622057
68,0.9182681123082302
-72,0.9703359473869376
57,0.7322364001014161
-96,0.5315997967457449
53,0.4724697175710527
-50,0.46207250981124115
41,0.3096434868296757
-47,0.5056843838774592
-50,0.34073175365093966
-80,0.4936244208565407
45,0.28584962860988505
67,0.1070990831654044
-72,0.4021075125713862
97,0.320352440768943
66,0.3884509160415559
79,0.6638677116022808
57,0.6670049087867415
-62,0.21659388403793023
-92,0.6108033399243764
71,0.5567857786354596
-96,0.06937174932392232
-67,0.8370839237267973
-94,0.08749104101931571
71,0.5298970329150138
-61,0.5742583814601228
-92,0.0587093907242312
-57,0.05557282186444534
69,0.5999698842244029
44,0.6203192013362013
86,0.4347054709769034
-92,0.9763444351006141
-62,0.7405417829077467
88,0.7849790779803194
-67,0.050632521634501715
99,0.40114334384567174
70,0.43894993636223967
89,0.9594045569350766
55,0.009946883325728795
46,0.7047614493628976
96,0.42886995492421276
-92,0.2510835607065771
42,0.9967055836492541
43,0.38132068307629885
-73,0.38623417237697144
82,0.2937319595447553
51,0.36392218826189826
-94,0.20000515689843745
-46,0.14300367985310758
-50,0.6374088935687999
95,0.9783170486660797
41,0.15183289034368086
53,0.021119640367049053
52,0.41613691881244663
81,0.6156817719919122
82,0.7836887780071834
-97,0.2180607063335116
-84,0.5459873889394778
-56,0.04580474872467044
42,0.21213005092407522
-85,0.7857852531750619
-58,0.293505166507253
61,0.07188049952721653
76,0.837014112735622
58,0.6364383273927093
52,0.1725111089388527
83,0.6965528262351813
64,0.5337879207060937
-58,0.18105540090082795
47,0.7767345878083892
-66,0.27521768195818097
53,0.8933170489791082
-97,0.6615957216167057
-46,0.336392648532827
-93,0.9869387696947135
-60,0.8994218130817376
41,0.9719903079836668
40,0.49874633252178724
49,0.2043051859095082
-53,0.28682645650902017
-92,0.7804911575161841
95,0.07582838878170306
-100,0.37578682429850385
77,0.7060170711807481
-100,0.06345902658569957
75,0.27695169132658837
72,0.8476202372166245
79,0.736542602197433
-69,0.7398301409469161
84,0.24927033781732355
-50,0.6469839662695701
-64,0.7365821955283912
-86,0.9558518856053108
62,0.5865806702272265
78,0.6241987444309992
-68,0.4941417320767857
-65,0.7112810362037529
-55,0.8347129937758597
72,0.5089148867755896
97,0.6540310585599577
48,0.9410881156892628
-68,0.9212785726411222
70,0.3737256718422003
-44,0.9348124563183404
-83,0.870813935173404
50,0.8682013845167234
69,0.7183717346725063
45,0.22120031332500012
50,0.44907535781388697
-44,0.10737705128891384
-88,0.888678652703082
-61,0.7199306349209698
-98,0.9273195659354545
-48,0.21296654699149375
74,0.8265956227371873
-67,0.5009083309570385
73,0.20477684285906894
-90,0.8882455742387961
-55,0.21118100726746547
-92,0.9104790781969064
61,0.3856641269555364
91,0.6005947128520437
65,0.8951053560559828
60,0.5399619605062728
90,0.10604291249254805
47,0.34512987903060044
-41,0.16722066180050943
-68,0.6601177391164491
-55,0.5793364135770095
73,0.6356363216007267
91,0.7789702605716377
57,0.2910170657314225
-74,0.9823629146574102
77,0.970883336879448
-50,0.8608906935868782
-79,0.36681143430457774
45,0.757843473132355
82,0.7050614929502576
72,0.8251830547431488
94,0.7761996614394554
-88,0.6446936596925533
-70,0.4629976593235752
-43,0.10130854198928829
45,0.4119206589927612
-98,0.7640110436219322
42,0.9839675507049251
-95,0.08378893451586067
-58,0.7463932388908745
-61,0.8865209099632598
-43,0.5523392641969374
-57,0.984869320009896
-64,0.8656621676404629
50,0.08634512404000572
-67,0.9789456694150265
-50,0.37942746275690353
84,0.34009903580410017
-95,0.3463099772729473
53,0.43399736821273904
72,0.1054900056367879
-91,0.7878454145208494
54,0.3216106705253746
-63,0.3005120647528069
41,0.8409430831759791
-60,0.4957751608515846
61,0.3915016997675568
60,0.6166501900937221
61,0.11550065523319253
-98,0.0027910864009513814
97,0.3327838632740605
-40,0.6060107169054073
-80,0.7367210659534352
-62,0.12156118662016158
100,0.4342101631762899
-45,0.25685539859058715
-96,0.6098387253476792
79,0.47733803767762084
-53,0.6375343928767988
69,0.9043932341976192
-89,0.713404295313704
49,0.27629405387304296
-55,0.33877822203331953
86,0.2946713308854082
-43,0.5562029804790906
49,0.6808448973524355
91,0.8123932945973794
52,0.6642826748765966
-92,0.7856481905537789
-47,0.8657217297226144
-91,0.8313472825817332
-74,0.9570146612360027
54,0.7438229465146031
90,0.5560924421400582
51,0.9477636807748328
-56,0.4167270758323536
87,0.6745691037095843
83,0.6078210362461446
-68,0.07159747005955608
73,0.4451615445470143
-54,0.9735005587380169
-65,0.9799932360611994
-62,0.43892943047892874
54,0.7940493795263276
86,0.34254301598333403
-48,0.27112560786582185
48,0.7968143663976355
75,0.8727977880638009
-100,0.9615799268737664
57,0.8430145339571441
96,0.6482190897444384
64,0.19619963456170986
-73,0.8220104051059527
87,0.4399702971676879
84,0.6984387912065176
96,0.7710247405987604
-44,0.18050148608414052
62,0.12622085241944347
50,0.22348054070252465
61,0.5260160196067875
-84,0.6859439194931454
50,0.3105585313732615
-60,0.9412556854222306
56,0.7267268622681158
-96,0.10859703007991306
79,0.6048425110455349
-78,0.10802314904232846
-69,0.6848006778637108
99,0.7576347537209281
-83,0.2717584548506865
-72,0.9853783693224276
94,0.9707075523900874
71,0.6117816344915495
-70,0.057276122830799414
-76,0.5271832088914384
69,0.7696168745410263
79,0.9074541302112065
-71,0.2745345014402274
74,0.12118448015196392
-90,0.9819991165660843
-55,0.4297988101989968
90,0.10842359737814067
-63,0.4866695361093407
-43,0.1637135315776138
100,0.0342461914351494
-99,0.24392032883849268
-73,0.3773598983222649
-49,0.42475336863945656
68,0.9896750512294178
-89,0.08627576239546242
-94,0.5678446193006045
63,0.9614833913060481
79,0.5790084914581072
-61,0.03743960235402077
-52,0.7122067513567216
-49,0.9841191285330523
-57,0.01904034788887443
53,0.5206468020836819
-63,0.0550985744226723
72,0.4193612730849564
55,0.16851620486930496
-78,0.7038807614442814
89,0.6483717821947287
95,0.9175125230642521
59,0.6819703752519035
99,0.1629658786559759
50,0.680471140931656
-94,0.37406833931226413
44,0.23654662189967202
-70,0.0463320253787286
71,0.7611514765004052
-80,0.38768704364272233
88,0.21000708413718283
-74,0.6560320834368318
-96,0.5206788982857822
63,0.8196090360145772
75,0.7203599062100079
-65,0.7433828831966705
40,0.6805300940275838
-88,0.8940086942548515
-49,0.2510136952658758
-44,0.23263909123218385
-43,0.8317031568167257
52,0.08442645306124075
78,0.18009228927207133
62,0.5323983913598136
-54,0.5171068422249145
-87,0.3683432655965003
88,0.4085205182570457
57,0.07197564206746154
82,0.8560953963146705
-88,0.3001228213523831
-50,0.9387184750369193
93,0.20877245721302384
-72,0.8720683743855723
-72,0.7519616275515725
-70,0.6942175738049872
-89,0.1927081420284461
88,0.8881560863169461
-100,0.10315110809632655
85,0.09023884021721418
65,0.4450663347956135
98,0.8413630665922505
95,0.11986920416010771
-86,0.8662505524515752
76,0.011651648862793684
-61,0.13214336656530912
49,0.760884151854189
77,0.4737480474156335
-71,0.6839386377765662
77,0.6742331738055451
95,0.668966171473916
69,0.8759762894641546
-81,0.9469355266265382
-58,0.1386677419966813
-90,0.16346736552228358
-79,0.9610412897254512
-93,0.6087732078147186
72,0.9962611330818969
89,0.13644437108010132
-87,0.8958337900431711
-41,0.6945699828793704
-96,0.8544290099620944
42,0.3728614712818834
-80,0.6554144487592987
60,0.9459108227423444
-47,0.7570861813244187
-55,0.4648273530306225
-79,0.6509874090531594
-57,0.057319586448491444
-74,0.5704518646112969
-85,0.670481303137538
47,0.8493142133688192
-93,0.6023912393353535
-59,0.3129479057300657
61,0.7800596974204328
84,0.02739819714955083
-80,0.4547904188490902
-91,0.3039760757628055
63,0.29483729753570065
-94,0.8384946272757404
-74,0.393111815838871
-68,0.3042123802464147
-76,0.9990519314947983
-58,0.17897957791065666
80,0.4936366370062797
45,0.3991579628683398
61,0.3105854171122122
-49,0.940336209734627
93,0.8613087396248318
63,0.23803766266370208
44,0.6330872138800775
64,0.6064940607512869
45,0.22679300350899312
80,0.3817388453245856
-95,0.30039209080749496
46,0.31398396098564185
54,0.946267365920677
-63,0.9363346260303518
-89,0.6034961102691444
57,0.9308465358291741
-89,0.9806395271191232
82,0.35283736110457853
83,0.8210204592903873
63,0.42996040406816316
70,0.502167730238691
-74,0.2591795339391939
-88,0.13600572901328334
-89,0.33343114629329984
79,0.8790045536995693
-59,0.4570212530052675
-75,0.8150439352347661
58,0.28691007161113113
-71,0.9219716882910002
81,0.7638343706255097
-90,0.050169369588386026
-74,0.8861873660416831
-63,0.44291235342692836
41,0.20981549213180772
-97,0.41959347914859746
45,0.7231314178076172
75,0.37025764916222426
-71,0.2095314918862936
43,0.010283004541341345
-74,0.24402203246856957
73,0.8949816711123622
62,0.7198024198715279
71,0.8635448461687211
92,0.4205527802563287
88,0.37890949708583443
-79,0.06817863011361192
-41,0.5541948149396748
-95,0.422253103929609
-54,0.04738142705741133
93,0.09047054701012602
-58,0.39455201825649355
-68,0.44880833462463765
91,0.8095655260351762
80,0.45114046927415985
91,0.9664140775785877
-46,0.6317318541520601
64,0.902249729794482
-64,0.5369682202342576
-42,0.4273330697570197
-56,0.44707033153972087
95,0.4367341538385652
91,0.11225330741563566
-97,0.31192555691322355
76,0.394299444681962
-57,0.3434825595021298
-46,0.002918161373721251
79,0.35461468820767117
46,0.7912941323571042
78,0.6554821282707054
-41,0.43722868725590625
-91,0.1971157968278644
-42,0.4112341778133777
-78,0.5487983206977705
-79,0.31244938020004964
99,0.7121417399196568
-70,0.34453186382662226
97,0.06760202908274049
-50,0.5796026241942918
-84,0.07421742795697872
-52,0.9073458255770697
69,9.845112392317112E-4
44,0.1426025927945792
-92,0.6391579159538296
-89,0.6379712604591494
47,0.9501646666644797
92,0.15338631975152572
-48,0.15567774410879143
-82,0.42337312116686976
-44,0.2272327881941647
82,0.3512655196429374
-46,0.825763825662751
67,0.5803560287041758
-43,0.8603633079609767
-75,0.1425749078213302
-51,0.2548579391777833
-68,0.279340711523559
83,0.6454686999604675
99,0.4457939794021837
67,0.3885589384986461
-80,0.043443444924814445
-97,0.8805554718980378
77,0.9376703527081606
71,0.11946916123923934
-64,0.18153184371903597
80,0.14658217893222836
-79,0.22747563678528204
95,0.36597321226805135
-45,0.9211561545796639
99,0.25740877045341914
42,0.6593746514532892
82,0.0741515144419328
-41,0.6957330615088432
-98,0.29146528016117534
-81,0.8969918958260452
-87,0.7746951289077515
-70,0.510083847345211
44,0.4390570815206718
-50,0.17960976489758718
-44,0.03860247086587132
-51,0.559407102739447
49,0.25176325285756085
-91,0.1560348640244571
-72,0.41860208772151464
-54,0.3089913360039406
79,0.7641730603158209
94,0.5000205864453635
65,0.23766086021409216
-60,0.055450221824275725
67,0.8732452588171133
-56,0.0902352139116378
42,0.8915994673702946
65,0.5849893471311898
-47,0.30686358094763766
75,0.3981167992829183
-60,0.1697526685374352
99,0.9201902844371026
42,0.4907009363766949
68,0.8685573385431359
-44,0.4657746418315315
66,0.3040239181065618
62,0.6312940627476288
85,0.5012104153039055
54,0.6501047766083792
-80,0.508281851186199
48,0.3732691016335532
-63,0.5443181266487138
-94,0.8062722988731243
98,0.2733411927706757
89,0.45994810161714794
-63,0.19830470493413188
-40,0.995133293825962
76,0.18715445585681323
-79,0.9291048823883561
86,0.49298540377002054
-85,0.7042969364757743
-54,0.5935832345815846
-43,0.5094285770545907
-85,0.050091363261951294
85,0.6644120892766487
-99,0.1836702875348194
-90,0.04829139028238183
-91,0.2719124768730281
-90,0.2696493998393329
49,0.7681717911526711
49,0.9977066178671754
99,0.6072115248093332
42,0.9266284664058116
98,0.35564778767289473
-98,0.21290233834776073
83,0.9371650299323026
-85,0.2742030140318884
-74,0.06763559177345024
54,0.576724321558788
48,0.7969373605910565
59,0.3659317393868794
-93,0.6109070212347846
-100,0.2531218062986923
69,0.10259633858740624
60,0.5877261972689664
49,0.9965378808270866
-76,0.69425804998265
-90,0.28843026467787725
44,0.29508117335507844
-41,0.9464933255284311
-47,0.8783272702098867
-82,0.2763275356562427
-44,0.8974573110472539
-95,0.9606604318077322
-96,0.6389479801834493
65,0.49673207333848024
97,0.3917994265724365
90,0.33073550564545795
-50,0.3620424341862837
-43,0.25978876894577096
-87,0.15283832664641872
49,0.48209984333124
-90,0.7724005169508562
-78,0.13564527182199737
92,0.12473790453690592
53,0.9007947001381761
-65,0.009665719899976666
74,0.6444775882641269
70,0.4268133249937539
-94,0.5599329206359017
-59,0.7022697004944798
85,0.4796586691088065
55,0.7854601566516969
44,0.19836020820334566
85,0.287881167665232
68,0.691590976769287
-98,0.13509835725115493
-56,0.024107189835926524
79,0.4002238804860617
-60,0.7450748607698428
60,0.1928494646973562
64,0.41614848396024673
-41,0.7446574037618544
71,0.1296871921949566
-44,0.8048284968546452
-46,0.9802125363110232
65,0.5187037675272205
41,0.2504953567651076
-60,0.3863472529115828
89,0.8778618349614491
-85,0.0987415096341766
99,0.6555335276150134
-65,0.8339888562351164
55,0.6927906030906705
-68,0.4103785430704744
53,0.2668201488070233
-44,0.8744280442362211
-69,0.2242624717302949
-41,0.12755358923695537
73,0.17329640315635053
68,0.9330353169941129
-74,0.5048380821774687
-66,0.6042055204536682
-96,0.7169174674594501
82,0.25471761488816536
57,0.028018929751219224
-93,0.23238853487932254
77,0.057230010080155824
64,0.1901116201034566
91,0.6411599162699684
40,0.7420005372644318
88,0.135120287531174
68,0.27216054120019384
-55,0.809980369145892
75,0.8098311827188488
79,0.97301976217928
97,0.9512687511670567
86,0.9932289983147845
-41,0.2294245046395701
-95,0.5467057119142945
41,0.6316430979844693
50,0.6795356020979536
-65,0.8082910825853841
92,0.04293672375766744
83,0.9570932002584749
-49,0.23320843850245754
64,0.10529283923059585
69,0.17751366576644867
-95,0.1314781866524658
50,0.07171270343661373
-40,0.09856314034195801
-77,0.3899593808982098
48,0.4271499047127212
86,0.8547926657619035
-65,0.8831139261466223
-49,0.15386069591117546
54,0.9341582001899921
73,0.3036756297587948
-57,0.5373203500118247
-63,0.3460188880320939
53,0.033646685353847516
72,0.9885236047312672
66,0.3687627947134453
67,0.602905746939612
-45,0.04078231695655654
-66,0.9232740526773732
-49,0.8524450154399653
-73,0.8595241341642624
-72,0.9557258429757853
-40,0.08923827721640987
70,0.7081963118222224
57,0.8136236269314362
100,0.28556415275948743
62,0.07230267511301114
69,0.7291045073547809
45,0.8873228725267662
-94,0.45578968830509015
-65,0.8433038679491662
75,0.1691160523548374
-52,0.36854277350793163
43,0.4168265090412123
-77,0.3371263032723568
93,0.7254778885430608
-92,0.8062550419477923
81,0.6692658138240697
41,0.8932967452176348
-71,0.41048541222968005
-50,0.406403323707727
80,0.08088894546443315
82,0.8093268165702332
-53,0.8970397584777662
40,0.12945475467614287
-42,0.5492186795172845
-48,0.22778161774166972
42,0.2438065796625436
-52,0.4258919717382198
-68,0.7752548476783773
-94,0.3290284496996273
55,0.25830740424255283
64,0.06255693738791723
-100,0.1572135965913789
66,0.33384689368274045
-90,0.14006441447411055
-69,0.29060953613684837
46,0.08750393461769701
-41,0.13355741734839033
61,0.46095757183967057
91,0.6849651671704008
79,0.7418394204609084
98,0.4600527435362951
48,0.9862428733904699
55,0.3454279215608973
-78,0.786296600445717
-84,0.3840924224263298
-75,0.31721919059432235
76,0.7913365327477162
81,0.29629614880883437
70,0.5874479849498587
64,0.8453203680664637
-59,0.8043923445859391
62,0.5808964303743718
-88,0.2929620410487026
-47,0.04744813377412216
47,0.6784403533158871
96,0.536453743464929
73,0.9563120751481637
53,0.7236506251008812
96,0.8203252032577888
-81,0.6156169054929247
62,0.8242452941717906
82,0.3807904449942838
88,0.41254642878967684
85,0.49078846876831017
-94,0.24627839606376878
52,0.5996348014739462
73,0.8962880036704608
-59,0.015598732695356499
-79,0.19033182380966152
67,0.8878401209777576
-42,0.36249946756433493
74,0.14360267027657958
87,0.7574952892178187
-97,0.21759150663250426
-92,0.5490572241261034
-77,0.0503240011030307
61,0.61709763355051
46,0.1741977982845624
100,0.03363573067306669
-68,0.8229348452813252
65,0.1904806603709509
-73,0.40073071562135265
-66,0.3847708505243662
72,0.7312733254010416
100,0.10035296776387204
41,0.8138366357452075
43,0.4876981882660685
-56,0.27456556391401465
77,0.8723270058697736
-76,0.8871381127274109
97,0.9969013517784676
65,0.9101324531563336
48,0.12621823706304658
81,0.15118143473864354
62,0.8839065923703929
99,0.6135261295549429
-78,0.5269125689502119
-98,0.9426757084741448
-78,0.34671165754206235
87,0.19395429537032283
76,0.5780845420622717
-86,0.350807534918799
-94,0.9263384414815223
77,0.5945156788902919
75,0.9367751426470194
49,0.2547053811916481
-66,0.5363503466284331
99,0.2436828051800446
-95,0.3028149190598296
-82,0.32366546047491696
-61,0.25277727819881735
-98,0.8926334091642895
47,0.09430474166081526
-59,0.8605413871654731
74,0.13474209431604323
-90,0.27244502903900747
95,0.058842494608178364
45,0.40873781727684355
-74,0.0501845562260389
51,0.33583193844532944
-48,0.6899114288639413
70,0.11453806590652016
46,0.4664299370992646
-52,0.8100173306086822
96,0.8188218439656356
-44,0.9390344681445485
64,0.4319512422776287
-88,0.28049797236298046
72,0.034824332531989355
-72,0.9477191347223638
70,0.5235254105288979
92,0.049872238351678866
-94,0.6494899415563923
88,0.07083238973548045
-91,0.36208553077297967
-75,0.5715669611375775
81,0.7661784007526105
97,0.9238545979666507
41,0.4109227238205244
-100,0.3452121778278584
-80,0.6413927525642186
64,0.5050664543558749
-75,0.1614926654960248
90,0.7785773466646195
-77,0.9320449812525219
55,0.8458919110161073
81,0.48493354096537356
-60,0.6703961150013409
-67,0.6111337569290943
-48,0.9797771155065251
56,0.8815036111808264
62,0.6490713293448261
86,0.3040623782135522
-53,0.916647089075664
-70,0.5954982712514202
-46,0.11416569193461967
57,0.5488007752470903
61,0.6625218737684815
75,0.07980809981391834
-83,0.9707477618726568
-90,0.015322973507538529
58,0.7076625275211038
-40,0.09213032717068692
-59,0.7210767843201977
-52,0.03322723138054151
51,0.8216559579468088
-54,0.7839490851867232
58,0.28377406242124426
-63,0.8711727882494379
87,0.44013758895819477
-96,0.5037495431931114
-55,0.24754295046724617
75,0.08774418402593587
-50,0.40538910552844654
-73,0.6775343316544752
62,0.13466277678828564
-88,0.930579885833947
45,0.3318380010013917
-55,0.05256099731611463
56,0.6488969917663431
-51,0.19907922479365425
-45,0.40752451067165174
55,0.7943214032251698
-82,0.813119465874006
-92,0.2057279021369285
66,0.013890753250419996
62,0.4121354661231338
-94,0.3638766546655401
87,0.47205870170685815
100,0.14878592226281917
-71,0.2553327400598657
-81,0.7632681068492826
72,0.5774910667940351
84,0.2713702766975056
71,0.3698478819201243
58,0.7129411337650673
-72,0.1427693880254013
-76,0.8526397276679569
56,0.8341564403073506
-60,0.1106600361845349
-91,0.2744465616535722
61,0.6115825418894999
54,0.3038298364187827
52,0.9768241750959271
65,0.9228358392352245
-79,0.14451749062455377
-71,0.38558960571784795
87,0.9964729134701081
-83,0.5130808559874749
-51,0.41395310494682325
52,0.6345925367883958
42,0.9717303870356234
-59,0.8974697294724638
70,0.3533459651656303
65,0.42278004032213123
-41,0.6603058608586266
-77,0.1468462743393707
-64,0.6654253279815417
90,0.6614764597107431
95,0.18758086340008007
-60,0.9499475219814398
-53,0.7442903296931925
67,0.3780228253445965
-73,0.4629770707955331
-50,0.4217236244803202
44,0.5352752575019196
-61,0.4440838782919634
84,0.8057142120749345
57,0.9351723848961484
61,0.06161710429933287
69,0.3323678949127853
-49,0.2907300294177052
83,0.18594767034242987
90,0.29324912657544
-78,0.6388505149163876
47,0.16244966741996725
72,0.07497705712170832
48,0.010582845629489412
-67,0.2491949047639097
-40,0.0322548196497211
-92,0.15155129975266868
72,0.32492994198589364
62,0.45091272586425124
-97,0.4749180147314028
-94,0.2978236128582895
-51,0.557255104737848
50,0.9969115706649387
-77,0.06993045021198963
88,0.05538492596792566
-61,0.24823924881639992
-93,0.11142616530448379
53,0.8955669677429398
-57,0.4955563005527539
81,0.17517176458113792
-40,0.6959320444182769
-59,0.9766947267243808
-42,0.8172671143946699
80,0.3849804517375729
-61,0.5404925505513231
-96,0.211747122331017
99,0.9198641275268516
-60,0.41774480301655414
-88,0.17509085596908347
-85,0.8599478420875696
93,0.042922802130896165
76,0.09132994189488797
78,0.10585046874537496
73,0.7567846133151148
-49,0.19110897118643344
63,0.44531518654592206
79,0.5726496823902588
94,0.043895762741474664
-80,0.4693655263968135
46,0.7011821032006594
67,0.6374865413740584
45,0.3489469923993668
90,0.6421756421913597
-67,0.3857647544073225
-92,0.36705225619430826
97,0.031740012666099604
-88,0.20037958990770255
88,0.08625464809035932
-43,0.10832344558560336
-58,0.3247083125852497
98,0.9700003733945657
-96,0.6575915225848118
-79,0.37258417455921167
-74,0.9391197305584801
-51,0.8297585271013358
63,0.08686043850507474
-50,0.6411407138307702
56,0.9827197061336325
51,0.4174335862352556
72,0.6343545877124199
-48,0.4850938532400817
92,0.8402124455888541
-98,0.7999564772762217
93,0.31725211549996324
71,0.7518845649172957
-52,0.004892104507620787
-46,0.9580933860429431
75,0.27939493378319125
-88,0.21293063424509984
49,0.7178998867540127
-70,0.5938080015386178
94,0.09944561128411833
70,0.9895235448280058
49,0.6709965901623551
50,0.20686621163201824
40,0.6297384184969993
-70,0.2782564177073823
64,0.9594048912513384
66,0.6069732699895436
-96,0.5294290533562187
68,0.3826052692627019
-60,0.9331893489881667
69,0.028710457344206186
52,0.2580869664864164
67,0.8238872219120384
58,0.5888058535513585
69,0.7987645062270227
46,0.9296630525849863
-99,0.3526716497517892
85,0.6668671826598247
-61,0.06841982819472547
44,0.09180464113514364
-61,0.01082063212813944
-76,0.6778346241301286
56,0.46901004190008033
46,0.19177887744824684
-73,0.00468784314769044
83,0.6642596779803489
-100,0.6740021196196412
46,0.21780436145795934
-83,0.04160557945776233
68,0.626364724222367
-59,0.7586122334681764
57,0.7633804392243928
88,0.9546418369554344
69,0.1871645512656679
-97,0.936330324041251
40,0.5522419134049494
-94,0.8947107158256332
-97,0.2539954502805277
45,0.7214554374404044
-81,0.28285679151571763
63,0.10447064791594318
-99,0.1452323617161444
-64,0.8177216290891306
-43,0.5039232083234946
87,0.3050474463419237
95,0.8941385333350593
-81,0.0653202738963985
-57,0.11611083792942367
76,0.02446935339941214
75,0.21620661263234586
90,0.592101053231483
-83,0.010331326182066891
84,0.7758041906355283
78,0.9320134857345789
48,0.9094607843452084
-79,0.2991110928568034
46,0.8533394173100437
54,0.4745259187088219
99,0.06940584244796366
-71,0.5751792590364097
68,0.6567476736200566
-65,0.4779578310746314
-79,0.15650000591892999
42,0.6401721370223317
-68,0.8760322841903702
-72,0.3446939229871415
82,0.32688672549811415
43,0.18639495939737571
-74,0.5741480184555434
-73,0.11745869997105529
-63,0.3263009479369613
-69,0.9858706499960737
-60,0.18954484478745903
-66,0.9458239024722699
-78,0.9199624270880566
90,0.2434445866292586
89,0.7474833900140477
-89,0.9293115628035254
-70,0.9494688430149578
47,0.9045026985940468
-63,0.11682247109775279
97,0.14376355972902388
65,0.7952837525564215
89,0.8729005634884728
48,0.9780808498534334
-89,0.21331305147187463
44,0.8681409509492036
-69,0.2909888429849764
-76,0.2789265892312849
-53,0.8772070065179125
51,0.3786632336002268
67,0.26116041788780087
40,0.34484940197550096
-88,0.6188932762123155
49,0.04172025693704717
88,0.6471333131227903
-58,0.4856223763533172
51,0.5741994144353572
49,0.5605268498273573
53,0.8832226271152955
44,0.8922616147012833
-57,0.6160947459783569
66,0.7052092306054096
-50,0.041143422442519895
86,0.8545433041749806
-60,0.7254413907716643
-99,0.5515439572173931
-71,0.7564262368051764
61,0.8457399693030258
-50,0.5003034548957273
71,0.9777999650562746
59,3.1538948256504273E-4
-57,0.8190884356259273
55,0.9307985620023255
82,0.8310916775071164
-98,0.0980595554683964
65,0.1396043430774061
-68,0.37213877390952255
-94,0.26937688475290633
-62,0.8407930100424749
-78,0.9352090258172248
59,0.9854232666638245
50,0.6612100360446366
63,0.015745210970279255
65,0.2927366508396463
52,0.7839082242229543
-82,0.082588334005126
-92,0.1883052983851361
60,0.6472404456862101
-55,0.8218940411952024
-84,0.8887040052709164
41,0.10950708582973967
-78,0.9171191791829393
-72,0.9940335704802349
61,0.058143287031458546
70,0.6937894432349724
41,0.42293582296933896
-96,0.3747796887378514
50,0.008048868032508594
52,0.11442570992233159
-58,0.3944025555264574
-42,0.020854168731948897
77,0.36098924548731737
-57,0.19780514492698487
-73,0.9178574561476526
50,0.6840337411346593
60,0.7077549312244151
91,0.9627882160575029
-68,0.5056598043399795
-91,0.9372141635976375
94,0.7550279891201347
-99,0.8476467763157822
-53,0.07928264188005807
-87,0.803625739042526
59,0.37284811572558874
80,0.8946392358466252
63,0.04948276784452876
-79,0.09723952181800855
99,0.9640249250656405
91,0.9210596200639471
81,0.3497796511940767
-69,0.3318156842917558
-57,0.2661223860707622
-70,0.49563896799204854
67,0.733576903992805
-45,0.23671134014930928
-80,0.166368723797937
-68,0.36046617043347084
-99,0.3806105173009995
-84,0.6294777243278997
55,0.36082047876590106
94,0.7911345058411065
73,0.8750110147002833
82,0.6384415563533035
70,0.7213372182155716
85,0.2716092066850182
-43,0.9151166757789093
92,0.04287940051780914
-72,0.04739901935083379
91,0.7753508127975114
-91,0.6942779692848293
-69,0.8040572851685529
49,0.47452585899548483
96,0.8905172909326288
77,0.752243829417864
-67,0.6973227958269559
78,0.1870345094680974
-59,0.004607767710195332
68,0.23832264080957455
-99,0.32360021349025025
-64,0.24009511247896587
67,0.7726995987242927
46,0.950362085921282
-66,0.6780536528794617
80,0.23452611757936148
44,0.1334690504338456
73,0.21769345556302855
-63,0.8843471648855943
-86,0.30749289305581895
77,0.20847577244891002
44,0.6815379717258214
-91,0.664844864963115
76,0.4032518365448533
93,0.5227295653526718
54,0.292973751019432
-84,0.6102580069016323
56,0.07030837905796927
-42,0.11834737056394351
99,0.3964141391657978
-91,0.3366604631448836
-66,0.094833964058889
42,0.29814753814010364
-75,0.5956490519406811
-88,0.17345736146985047
72,0.124913356282775
88,0.9323171019331757
83,0.2098533180903671
-65,0.1128065691144261
-87,0.06617050640983746
-94,0.48882738004892734
88,0.5185667356343114
-67,0.3691561801057269
-95,0.4365475499159842
45,0.20706191907998017
-96,0.6675027687437715
-56,0.046975235755434164
61,0.05648833489775129
-91,0.12415976047836508
-40,0.06114418857829129
-73,0.09541954734998037
58,0.42050388780892733
-61,0.9848666141309325
-44,0.30343522822333335
-81,0.9405876972163745
-74,0.847074717729733
-78,0.41822497466202413
-96,0.2644818285695628
84,0.929187005117729
41,0.036070222935107976
86,0.14822361127556216
96,0.6490228829969757
-64,0.9918432112507801
-55,0.9763432876942694
78,0.4205659950691564
99,0.5215369679472126
54,0.739951351620358
-43,0.24088361444297557
-59,0.27400580068274605
-87,0.6032004864548237
83,0.5468796654213752
-50,0.5828906884549925
66,0.7622374945288298
-45,0.7975151826198537
-67,0.03250258750592128
-81,0.40335343435972404
77,0.7411182045570927
-73,0.32427381870053973
74,0.7694522565980516
40,0.09920022053541933
-54,0.3760368198875218
-87,0.04563509539287347
90,0.9601430001357801
-81,0.5208096601332171
54,0.09553489559272432
100,0.05342991303075095
-49,0.29553648239920594
-52,0.7686487968903564
-60,0.3198233755730887
-85,0.3534229626536487
-49,0.1997796190590465
62,0.3410324040000501
41,0.9266275471036725
83,0.5301050898460296
66,0.1892617167535544
-43,0.20847313425474812
-45,0.08183283545987463
-61,0.60469332308767
-100,0.13030045828563008
94,0.7348191064220734
57,0.7586916104052007
-97,0.9093672298923646
-98,0.7665816454848351
87,0.4913520191568772
60,0.9968919346027617
62,0.6923718367133554
-82,0.005640607056102587
-45,0.9172455563380951
96,0.7115765359781728
59,0.34146840953297153
57,0.10308767763432469
56,0.46826016500476475
58,0.6524406690168535
-88,0.5673168783823015
60,0.06394459215975767
64,0.3652770090108981
-59,0.9343262202552945
77,0.6237242330918333
-64,0.29237169037996324
-41,0.3052505959902244
-70,0.41326766252117564
64,0.6582956340531385
-99,0.7642311554554686
-44,0.5293856908761558
-100,0.06573611691309045
-80,0.5848759924193965
81,0.7713444095315306
81,0.4568213498909014
75,0.44386526805276627
-92,0.4482714502502555
-44,0.5919667280856883
82,0.6868307759088705
93,0.22573285923231567
92,0.11209211538168817
66,0.27891558229499236
56,0.5485228916223666
-55,0.8573105126468251
52,0.24215831167543178
-45,0.12495378229109921
63,0.5342574432888822
-96,0.29148300377401803
-43,0.9807649216645687
74,0.26444210272442636
49,0.8914626778211088
-73,0.8695782225212986
42,0.41119907072376827
82,0.3009404540749657
-77,0.3672707656049442
-77,0.46213706230891727
91,0.8972591103414812
42,0.8123506563365804
87,0.6013626310111451
-75,0.08819247471447056
77,0.6491231325086038
-79,0.07835763997643685
-60,0.9446410746318183
60,0.3661150522677048
46,0.4147680497504782
-89,0.3993407388326693
-67,0.5448264330216681
97,0.31412267446103337
58,0.025240569324096573
-45,0.9315896259257279
81,0.38479703820762423
61,0.21483960599006136
-50,0.6324343760852731
60,0.05057465265536343
-100,0.5854722248450985
88,0.4858305314150806
-49,0.8696281073798369
45,0.8721847867165536
71,0.6922623576384158
-89,0.7568233682288956
-42,0.8378909041908712
-73,0.7112604033808021
93,0.852587585350058
-46,0.6443741966525908
-70,0.7755640416925544
-87,0.9374125258274508
-65,0.7616926693345072
45,0.036016461417280876
-43,0.5033781558028518
92,0.9000340475195223
50,0.004962457995016489
-86,0.048475721803136085
96,0.2543676486291596
83,0.3375724651361407
90,0.9571688506781667
-79,0.20832044268078853
88,0.29559497810743285
71,0.9605476148918077
59,0.7125567265937772
60,0.8184581245951273
-77,0.8277997422042483
-62,0.7034625385463089
-99,0.6144028593417815
75,0.9201751803032052
-59,0.009438088474813866
91,0.47766867286361425
93,0.8286584296535167
91,0.7379584680334877
-45,0.593180562024499
60,0.12541184260875882
47,0.0635123582101782
-55,0.0031245446371129804
-63,0.5857872343097649
-55,0.6746981995009582
53,0.975188993961579
-74,0.09232290221794048
54,0.5463810950907072
-54,0.925284831101092
60,0.02002063510581198
-59,0.48826743802486605
-59,0.6234918560260208
-48,0.8580124976527967
-79,0.5138116632062568
62,0.672590232482995
-50,0.1978442354167247
88,0.35286284820890346
-86,0.4417376447874142
-93,0.19450039399756802
74,0.04571581542858005
73,0.22553606288944672
68,0.12549942035137074
-42,0.3239699703183987
50,0.2667920103359199
-73,0.6480094010081278
68,0.19917876437719895
83,0.39445778602984893
91,0.8307960998622075
-80,0.6054507424257999
73,0.4712185720992983
90,0.6677213785970728
-88,0.4887750166841016
45,0.16002535215604274
96,0.15717739516102347
-78,0.31205615178952373
47,0.9677721165643055
72,0.9415485077383133
69,0.656384420822137
47,0.8753396389326543
64,0.8217204819940417
58,0.4656003217318546
-89,0.515347696442796
-77,0.45554871041283695
93,0.04674150993219406
58,0.5916331556532917
-40,0.4717450507346197
78,0.623955272714052
59,0.5856350119341511
51,0.6767665014861138
86,0.5050534875399808
94,0.03999648188682714
66,0.1441989745819341
42,0.755377686920733
-60,0.6333496164355619
50,0.6118533832233933
-100,0.3211184018735408
93,0.38026125239627306
62,0.7905400282845871
-70,0.003061974310805793
57,0.913514198074409
41,0.598043653077314
53,0.49425740646062233
-56,0.26301863431793304
-46,0.40184486437866573
-94,0.8997044280173145
-45,0.17188437884036345
45,0.36803209398764525
-72,0.040705190118962564
80,0.8864682743890513
-87,0.9506438241039957
-72,0.499612331916624
54,0.6861675811372069
-62,0.8219972341090143
78,0.4374210566511676
-71,0.9579761323581608
-63,0.47566336309830626
46,0.20372614866843408
-59,0.5149595805035588
59,0.7112881123677897
41,0.7430031173789039
-92,0.9793481274445146
-54,0.4632989073980678
81,0.7149453431682502
68,0.09898630035002876
54,0.058871391009471585
64,0.7787993987092833
-76,0.30025195573808405
99,0.4371520617744076
-86,0.328332735645126
-48,0.9078256321086658
55,0.12812031405936353
-68,0.734575106039643
100,0.4581665995523537
-87,0.738136426871889
44,0.4309732888695018
-71,0.909211558163939
100,0.4173935319140287
68,0.0982561927700012
94,0.5248121765853905
-54,0.6681515652553461
-75,0.7542049120042635
-94,0.7035786667221301
-47,0.8634530974102997
49,0.23523677009965582
85,0.38418580692954096
51,0.9576812331147209
-88,0.2282242984307905
-57,0.0818526116564573
67,0.8393313319612026
71,0.7683035186201406
-66,0.9989555806985928
54,0.30130687749828744
-100,0.6741760070467483
-49,0.06967192319639215
49,0.835880285766218
96,0.06505717484351492
44,0.9997697909230436
-50,0.05632687600510289
-66,0.5171092016492629
60,0.678152221704847
44,0.9218987351990031
90,0.22833734207189937
-99,0.1226248575600809
59,0.11160253970355061
-72,0.9968616705612556
-79,0.22376293757988985
94,0.23328379218281126
-66,0.5309986974528809
44,0.6862788934300231
-94,0.07145076995389732
75,0.32210357624447683
-70,0.2635458635932253
59,0.19182286952970506
-83,0.9357310135987517
-87,0.05514978241363122
80,0.8497856578447748
45,0.9814247046545488
51,0.6443010563053301
51,0.7906281530161376
46,0.3116275738314137
75,0.7804246997937225
61,0.2915654871421184
78,0.16732564044162568
97,0.5349137065090614
40,0.7942985023602256
57,0.9919251893698261
-53,0.3073328278830878
95,0.7125925372330818
-86,0.4540057787242264
90,0.4209852738018144
-42,0.8230201646593532
-79,0.12367836738676541
-73,0.030670914089960477
43,0.1273788073046832
60,0.5145287588044861
59,0.1335253739787542
-45,0.05322041799892896
-97,0.7238790971229473
75,0.371575558956433
88,0.19254611806243782
68,0.5807652156587082
74,0.9737002474190349
49,0.2521625086302215
65,0.7833563365426415
55,0.03093022107200094
33949
