2900
73, 0.5429065767661165
73, 0.5829917111723377
-37, 0.35516168207525844
-90, 0.2894092280429351
5, 0.47431085274489726
55, 0.21441720491500837
92, 0.2710722712115585
-78, 0.6406434675019375
29, 0.9045547329683117
-74, 0.02741935565355036
75, 0.4925515593944789
-36, 0.6237400796354732
-96, 0.08195547615091547
-88, 0.5362983895434579
17, 0.843619630689101
13, 0.5387328713685745
62, 0.7039864695341834
85, 0.25120125956031336
49, 0.7650249936272467
-75, 0.9342878543124542
19, 0.17721811585576386
82, 0.6631801762067915
-10, 0.9750942647765449
-19, 0.5346380122780237
89, 0.4632681740523674
-30, 0.39353091989004363
48, 0.3440650674480058
-38, 0.1707422181994348
21, 0.5499665956392104
23, 0.5084616559091003
26, 0.2289308787270784
-14, 0.627085355778025
44, 0.0753955656597276
96, 0.34972808406588896
7, 0.2905426249823868
-1, 0.7184975609038885
-88, 0.9496257868686259
-48, 0.32247718083344945
55, 0.41768685719260146
54, 0.5746184762453201
-51, 0.8138785598800148
-53, 0.7189764441000641
33, 0.7537538562690312
-6, 0.9255370197855806
-11, 0.9224722637663387
13, 0.4922025241649757
-42, 0.8039188790956293
44, 0.5273487011361294
-77, 0.06730229998773907
-45, 0.14646638533437828
57, 0.24462375231232625
63, 0.8831846383236716
37, 0.6880417745482582
11, 0.8664897881071694
93, 0.0006503192298807914
-50, 0.8599399332155907
-6, 0.6008949523959763
-58, 0.9202089435319497
-72, 0.23630941616380818
56, 0.9142715363887868
85, 0.19461278292142614
63, 0.584406861425815
-88, 0.654936016106828
-87, 0.08185145536083849
-53, 0.5913455286307376
70, 0.8366475902195143
-92, 0.7317124784204838
83, 0.22323235162331379
-31, 0.6863085555635077
-1, 0.363573967326171
-15, 0.31436422303608913
14, 0.025302291155640422
-21, 0.6322076009759988
-20, 0.22678810510496306
-11, 0.7017019743978273
38, 0.42422890879389097
-10, 0.9246718785590139
-28, 0.2426722285876124
84, 0.8568811797741145
100, 0.3158245432854314
-26, 0.8509204430774379
58, 0.8013892444045663
51, 0.7743773870256692
-71, 0.6014422458341372
22, 0.3311999801025778
70, 0.1605405434272803
-29, 0.34342033240142367
-11, 0.4737220517618079
47, 0.49209611279071386
44, 0.5979455338740545
18, 0.7420945807133112
-95, 0.8493489002346297
-24, 0.5446486954367934
-78, 0.5645666475523787
-63, 0.07695612113626293
80, 0.9261344238993174
59, 0.7868657686615154
100, 0.19691726441736923
-25, 0.1195241336027143
87, 0.6851163163781732
82, 0.6410849953048908
65, 0.8532376487092924
69, 0.03822788206349215
51, 0.015849761807113616
-75, 0.8523339378535187
-73, 0.2921524770464611
38, 0.8110678253459753
32, 0.10571805721278049
-7, 0.6034215484836934
-8, 0.5197112853930759
13, 0.5279467056990588
21, 0.7066373117090318
37, 0.4451407019400667
-57, 0.47694185686242463
-67, 0.16996249321033985
57, 0.2077746122246732
-37, 0.8386445911808973
4, 0.42907214000246396
89, 0.5117260091053755
50, 0.8607505581285952
-46, 0.051847145861783295
-69, 0.2618070246403639
-97, 0.30797378496664884
-42, 0.6702156097108027
-69, 0.710785248658088
85, 0.477896171218112
46, 0.3568332693054851
41, 0.46378247185088284
-98, 0.4773989810495476
-35, 0.1950399559757504
66, 0.2554731047306166
32, 0.5775817001388736
-8, 0.32166986369591977
45, 0.6571072900048848
-49, 0.746077045048569
-74, 0.9574480333062823
60, 0.8893477683529172
-67, 0.3514057076247571
-10, 0.5122957592935239
-19, 0.7269966079532598
-38, 0.9141888910242452
-5, 0.12620121475285495
-58, 0.593517377505069
23, 0.6226762700057653
-67, 0.6927119484134484
35, 0.9783894667692007
-20, 0.49992374108431215
95, 0.0898151477446969
-25, 0.25372392940698907
-7, 0.5068204844877514
1, 0.5031366080333496
-31, 0.6583923709468316
-38, 0.6136292793579718
48, 0.4828728703555695
-53, 0.6756100071026718
33, 0.7985798740934956
-66, 0.7902058233888554
-47, 0.38455031843340737
-38, 0.19923794632381886
-38, 0.8147731607183729
-15, 0.18430702406388688
78, 0.9876596903771585
9, 0.8994724250686653
-29, 0.10435294630580572
-42, 0.6208658738569427
-9, 0.6619251402282116
27, 0.9556825265928895
-43, 0.10005697802762836
-55, 0.8538058087089222
63, 0.22670658933905308
34, 0.5342903354232156
-39, 0.2624327085608644
-23, 0.17195288148062315
-59, 0.5419506163000227
-31, 0.1820580772380339
50, 0.7124548362230175
-58, 0.7325380577387827
63, 0.6879695685836543
-38, 0.9553965750514699
19, 0.8807560036411801
-61, 0.6863118388686041
-94, 0.5679218757342032
-27, 0.6389706940437447
87, 0.41737520898610336
64, 0.6930323411488838
-17, 0.16660211121098278
-71, 0.9915297715664861
65, 0.8674303251910389
95, 0.3193096212099088
-4, 0.9740249058011492
39, 0.030951084067530887
-17, 0.7474430116436008
70, 0.21132528019105368
-57, 0.2445488322244439
34, 0.28736652767243165
-58, 0.8284628855876833
69, 0.030612490964109007
30, 0.8190167772311265
-18, 0.8592554773384568
-99, 0.7848631623962429
2, 0.6628244857822858
-88, 0.10242336208647673
-60, 0.01179938582153639
-45, 0.7760504928646529
-64, 0.5012819919983239
88, 0.09554557951553899
45, 0.33962705556143213
-90, 0.0388964890542044
56, 0.47145504094708224
37, 0.0439693690763151
-79, 0.6100145842679949
-25, 0.6354047256300069
-7, 0.16604279451159754
-65, 0.4224192601844383
61, 0.20820590636214964
-38, 0.6800011310921302
44, 0.9115191360897114
67, 0.8396111427241946
11, 0.07668807569214342
86, 0.5426521263447645
-78, 0.12650885131378609
4, 0.8818792822246823
92, 0.345572925131159
-53, 0.08823817041252102
80, 0.43379438185593
-50, 0.3602586843111777
-99, 0.5311990295987855
95, 0.5285504159637475
-41, 0.26579107761634346
67, 0.33373707176179146
-82, 0.9806637648609338
79, 0.8573872703597077
-95, 0.13125652741757776
5, 0.5101818557861117
80, 0.3793708595924201
-67, 0.04287536260498215
68, 0.6350199015849954
-91, 0.9420606179912832
-4, 0.7260101868747147
98, 0.6252422687372348
-61, 0.37394470619287723
77, 0.08514243219415019
30, 0.29854690084533697
45, 0.1281779332461177
-100, 0.7991824331538151
-24, 0.8201207459504889
-55, 0.8126875600300355
22, 0.2427192220630776
-72, 0.7204158859560817
12, 0.6855980442398805
-6, 0.27861171251586836
-80, 0.967890712540948
-68, 0.558741878935122
-10, 0.6230262236664428
61, 0.8032309594508797
-46, 0.9694810615066671
-85, 0.9875181218590896
-54, 0.7002113596524134
-92, 0.7590354643512458
72, 0.9156063604203286
-20, 0.030672474176729136
-78, 0.8246142498400616
62, 0.3322250425582026
-100, 0.49241746033937406
0, 0.9275300964787737
-67, 0.864198118477369
-44, 0.02181567576123622
-62, 0.10845300781320544
58, 0.00023205892762223623
20, 0.5334777407234315
9, 0.3476755422489113
-45, 0.30020820105670976
46, 0.13075775753449903
0, 0.41549000773954037
58, 0.9817118849884874
-23, 0.786884401451333
66, 0.9327123877287937
-100, 0.5591200850541275
-44, 0.20841138287348915
27, 0.4675433694522393
-29, 0.9138218214104208
-76, 0.9848273008088501
25, 0.6514714834041404
65, 0.47328427300614173
22, 0.8526806879163858
-44, 0.2449989475032951
-29, 0.4185244542013252
8, 0.17643536889266453
-60, 0.8654828261447052
-12, 0.46404964617708455
83, 0.2694673063845985
-51, 0.4365448826137007
-59, 0.3551652451976276
-24, 0.765599438194729
-64, 0.5544626822163523
37, 0.6890150819891535
37, 0.2661509383736608
8, 0.96952106160457
96, 0.29484164936440027
18, 0.8129896230481463
-10, 0.5255758712988841
12, 0.09501103415782841
-2, 0.8195451675703894
7, 0.1961706865035251
-9, 0.8514897733703669
31, 0.05229813780293879
26, 0.023406176074660556
-49, 0.22477430579672797
74, 0.4158893149678198
-33, 0.9071567307330184
-94, 0.7188867708830466
68, 0.6321092589745726
9, 0.6089901935567927
-6, 0.5678513244352585
75, 0.8797813007858465
-45, 0.35700657490678034
89, 0.16147322008319187
-78, 0.6976078025199107
21, 0.2623706463540544
-59, 0.7451952950587669
-92, 0.8417077693684025
24, 0.09529645445844848
20, 0.017017614849966667
-29, 0.3580331442053557
10, 0.46756776677503864
26, 0.013112831219215582
17, 0.7327626499427259
-13, 0.23973262636950965
41, 0.4236226053400143
40, 0.1809925258794287
-24, 0.30748363709235993
-79, 0.22701458945363506
27, 0.8005213274307522
-49, 0.28659654254345623
-44, 0.6554866172733425
-11, 0.0036288764357662595
13, 0.2478365797841776
71, 0.5336535456403789
13, 0.5242370781610629
76, 0.3960275248141345
13, 0.004678919723356212
-25, 0.9532972605693433
55, 0.8710772738960187
-63, 0.9907142927451719
-60, 0.8511885843359466
-16, 0.1791183776697307
83, 0.5022888101626917
-8, 0.4361196177075144
-29, 0.147675160867752
-87, 0.018928470818844634
61, 0.40027880017610096
-37, 0.5927700702064123
73, 0.22467166497367475
-2, 0.54889543646759
-40, 0.8730660254423215
-42, 0.8126161642132634
-7, 0.5587154334596238
12, 0.3346136770714212
-72, 0.7069670872678572
-54, 0.38834331758169305
10, 0.15648481397755243
49, 0.44274397614201644
59, 0.1355864284646826
-60, 0.12768353522700115
-80, 0.4155800348113071
-57, 0.45212642907531597
97, 0.8531005019964457
55, 0.6878180272108294
-79, 0.8494321450299241
87, 0.7607799512121497
-11, 0.017578932058559427
-72, 0.642915421620795
7, 0.5638896406536893
-72, 0.07309452541012518
-46, 0.7496336415202393
86, 0.6633859115049143
-19, 0.4211973250743838
84, 0.6255918120010698
11, 0.11536100810413918
-33, 0.14957039068087374
-29, 0.5769029676795601
-95, 0.7121552774204137
82, 0.7369278554907509
-30, 0.10903354601333926
-45, 0.9839381103389304
-45, 0.7016341541805691
-32, 0.18182695544678684
42, 0.9970206330432481
-60, 0.26061091428145844
28, 0.8302376977959434
46, 0.6984749308164446
-45, 0.3137240769119899
-29, 0.09916303543421823
-89, 0.28142953589259756
45, 0.1680352539349188
-2, 0.3851519229469741
67, 0.6301563828126636
-2, 0.9178185596252415
-64, 0.5077679876167582
-70, 0.05056021359718388
-6, 0.3716132173655322
80, 0.014406329062707224
94, 0.6464554620915602
-28, 0.41575810263513835
-26, 0.34999246511594573
10, 0.7181227177586569
90, 0.9598733415347831
-17, 0.7040686667964502
58, 0.7380691116846791
7, 0.1670426353964538
90, 0.05167774124637081
-21, 0.2435834901791517
67, 0.18528556365064341
-2, 0.5600641141071991
-73, 0.20319813277021026
0, 0.37545950551303364
-90, 0.8401083620790567
-35, 0.615847065927932
-5, 0.6741057862801058
-78, 0.019342094661390585
-99, 0.16616737130974268
9, 0.8372377887742961
-78, 0.019371903957242753
-96, 0.30273559809572337
-59, 0.45701869537364315
-83, 0.2493467540294082
-5, 0.5785329777793485
36, 0.6885274294814689
-86, 0.20760324433582977
74, 0.18427895222193558
-82, 0.745572508550895
26, 0.09359805719942371
-62, 0.6348989734282263
74, 0.5889535990020327
-97, 0.5927112042222997
63, 0.8696119491977888
66, 0.10432773883102042
-26, 0.21900825330881757
40, 0.43895288481176553
-68, 0.7941787349417179
81, 0.6451029414381627
-54, 0.7960131273651836
-52, 0.11133250200343403
64, 0.9922854795648682
63, 0.2480050881646827
-52, 0.5733416922393686
-91, 0.6782595611260408
-40, 0.9843219930880971
-63, 0.34862233416326105
-39, 0.7338768513089653
-51, 0.29234964841471556
2, 0.692027272098967
49, 0.41977892085532587
-60, 0.4960362589797763
18, 0.8959747827172447
20, 0.16878173723872014
51, 0.35355452325884396
85, 0.22722296482793314
-26, 0.10176897392559792
-97, 0.15119356803850958
89, 0.25025519141618024
97, 0.8752360167888558
-99, 0.6167093003711595
-64, 0.6212849333299664
-36, 0.8825180819645223
7, 0.6128913788763823
-68, 0.8876411516982018
64, 0.4464681615412043
-85, 0.3453012610597762
-7, 0.9860106044845822
6, 0.7062230518562725
-99, 0.3194053158639104
-86, 0.24723656736170196
-62, 0.594944545738372
8, 0.9441348428516908
-60, 0.42276888384259226
62, 0.2527836375471576
-3, 0.8571929268785309
-67, 0.4933176506126501
-56, 0.8907426806965791
80, 0.9160032223263269
-75, 0.5266225096614634
-98, 0.2624975972031165
-58, 0.39249101137410936
1, 0.6966528187244536
96, 0.057583295526637546
3, 0.6261938410301294
47, 0.7383580326467241
36, 0.07571930548674022
-42, 0.5652496831312842
93, 0.00015184175558846658
10, 0.05688628818198305
-82, 0.21546248039160343
-4, 0.1357072258290125
-8, 0.2233456631669435
62, 0.1741224342704767
-39, 0.24048762152893144
47, 0.5208792891510511
-34, 0.986767536919598
-24, 0.6824164222400798
-46, 0.42338788609805056
-25, 0.5676861018606941
96, 0.7877436410898239
-82, 0.1386016256808118
-17, 0.8743685952178977
52, 0.5516444982274783
-84, 0.7860739751423691
46, 0.24253469893427004
71, 0.948405217329306
-56, 0.8906532120357383
-6, 0.24460403629321648
44, 0.4323172805832216
-58, 0.5470481651115712
-93, 0.8289385852524412
-47, 0.6139226330607703
48, 0.5010445589358217
63, 0.018794547303000675
-78, 0.4088602034012563
-41, 0.20988213535713918
16, 0.8147392598257852
-29, 0.17995425640119844
60, 0.10581940176197857
-85, 0.5640936892462678
-40, 0.24630902522471787
-82, 0.5521145342667861
-16, 0.6153999101398276
-92, 0.9718501064585348
78, 0.08504881751942817
97, 0.9426879409502986
31, 0.34680987502970684
-40, 0.10322654378734808
79, 0.8086372349358555
95, 0.31103061225246487
69, 0.58718826896732
-70, 0.6861485448019924
52, 0.15974455290770428
-28, 0.09234929546928661
-54, 0.9105918104618016
-24, 0.9089313671675735
48, 0.7828877277583539
70, 0.33305637746259287
16, 0.7593793355407825
-99, 0.4628683929349817
-7, 0.39457436485497854
39, 0.9605687214922257
-10, 0.7065064633252149
60, 0.49167060626562276
45, 0.6898496542092665
69, 0.9172098855150062
-90, 0.7521628636847444
-69, 0.7410796426585846
99, 0.8358692311876832
76, 0.6718736267082354
-88, 0.32583637476713356
34, 0.032109532399841156
-64, 0.9750651204550519
-42, 0.582469574986349
-97, 0.5965148877944008
42, 0.3535384250221826
-33, 0.01928433762001469
-99, 0.3999307735075166
54, 0.3184638647162319
49, 0.4815679181120929
100, 0.277829350445006
77, 0.15863174328352658
5, 0.8999652438630314
-72, 0.49225810117985813
29, 0.7907654165135446
56, 0.8905090218936121
20, 0.10321560980133948
65, 0.004683610897988411
25, 0.6712097581545345
-58, 0.3361527562985921
41, 0.9611072951299433
75, 0.45236516820927
7, 0.6851027584905178
90, 0.1162656677958579
35, 0.7702765590303566
31, 0.70682616741238
80, 0.9352221364157638
92, 0.341800165048748
80, 0.6665205729582437
-45, 0.09745074394281539
100, 0.1387559348650098
70, 0.41219698316612796
85, 0.7294053683836823
-73, 0.5599466273750693
-15, 0.732832433057845
0, 0.15000165494620066
82, 0.7218441321343898
-46, 0.22456261648902065
-20, 0.38190963188897775
-5, 0.36294765243224425
-29, 0.59691684635369
-23, 0.344804488540285
13, 0.7493346732288197
48, 0.671984253299074
-100, 0.9428755836371956
-45, 0.660493438344506
-80, 0.817401453291829
36, 0.9649104588733728
28, 0.29097391254878613
-66, 0.3324353328508102
-89, 0.6753742660343509
-81, 0.6664822655326011
1, 0.2468937151305376
62, 0.9137036698359245
-70, 0.13371683267710976
5, 0.569422820089495
-92, 0.6417722583629275
-13, 0.8318865541756086
-76, 0.6844790947072119
-4, 0.07588610384287742
-83, 0.348339627920889
18, 0.11101702943575631
31, 0.02005352500597468
-21, 0.8518225243180546
57, 0.8647873652972139
91, 0.7929481006510312
90, 0.7029546711193047
-9, 0.36321287273870007
71, 0.5022528079901744
89, 0.26146399837145395
68, 0.7430648675360462
70, 0.6924613427883552
33, 0.03724296308570374
3, 0.7221397746017225
-15, 0.09503509504289087
11, 0.25209101666378475
-35, 0.17882189787918223
18, 0.08961414020286385
-11, 0.05518767426687332
93, 0.1809817870712911
80, 0.9803684726800926
-87, 0.3215110878786541
-47, 0.7854007510483048
-38, 0.4978105026370957
-98, 0.07071796183688828
-25, 0.34565770679007446
10, 0.43963944393027177
2, 0.6138086046905387
66, 0.4699360428499616
16, 0.7440878131844938
69, 0.8481422492489143
71, 0.6728173738734231
99, 0.8900019277537473
94, 0.22845017455972472
36, 0.12317313861614343
-61, 0.5722652741767347
-79, 0.7263641012231041
87, 0.5878006429532291
-7, 0.12002988039594631
-32, 0.8725943004330828
16, 0.9991170600443315
47, 0.465983807108761
-22, 0.22614992079123086
32, 0.5307586540951711
-71, 0.9007551759334355
94, 0.9449990227036532
-89, 0.45090567994298203
-80, 0.9663796682312933
59, 0.6339617245060973
20, 0.913288847725713
44, 0.4945157989828203
74, 0.5437979626720375
-34, 0.33255909754326474
20, 0.6984857662117626
32, 0.6116988001391638
-56, 0.6710861764579275
-72, 0.9297874683169348
-76, 0.6441168740372231
-41, 0.5709359922673558
10, 0.5595166384170743
54, 0.4433841283236212
97, 0.5479240819933602
1, 0.38732006080898906
39, 0.6745776026973901
86, 0.25191550884331837
-2, 0.8385934039592468
92, 0.7877670311397285
8, 0.09993157065071379
16, 0.279966765434534
68, 0.3257847920650976
-69, 0.1855606449046847
-45, 0.5227457728296703
-92, 0.6282951596947998
-92, 0.9092218451857176
-58, 0.9377281117792223
-37, 0.8384534072837515
-2, 0.7816697345065787
-28, 0.7311630777811745
90, 0.4718532166807018
1, 0.40230827261420943
-74, 0.07505653876959661
89, 0.8778175051299072
16, 0.6625174279974858
-11, 0.5963752743695697
26, 0.21481917404623196
11, 0.35584895559234
81, 0.039445125729429376
-80, 0.6529496371232947
61, 0.6617318740249494
-62, 0.5570845665662496
-66, 0.9223251320338716
-57, 0.6610696161329112
46, 0.8243768504067837
-24, 0.7065317431630833
10, 0.02914492580360417
-69, 0.6680932865432516
74, 0.7578509441225053
13, 0.5240300915103647
10, 0.642014018136848
-58, 0.36005072201387656
92, 0.6294933854555935
76, 0.7515072666908074
31, 0.5016869588056556
-52, 0.9110096361839528
4, 0.4627149334738794
-24, 0.25973672489896216
54, 0.22359518130327272
85, 0.382129729624066
71, 0.7439160856971523
-38, 0.7525500620294712
-58, 0.4974895724087667
96, 0.08381060855816813
0, 0.7583963272299699
36, 0.3923683385994182
-40, 0.13175098987588585
-9, 0.4227729199076864
-19, 0.8610492670401544
-58, 0.24422979948132084
-98, 0.7293074392886972
84, 0.8120936994029788
56, 0.3910515351955327
35, 0.01338892497025157
46, 0.889293145618157
-97, 0.3873771054340258
38, 0.7824693523844728
48, 0.6425755650668411
4, 0.974399247888519
-60, 0.9940411712048035
-18, 0.3630948793600218
-84, 0.3601322941623878
-98, 0.15718323980122728
-98, 0.20932354920916008
-72, 0.964336095525056
-83, 0.08557199356080714
56, 0.5779039012828603
91, 0.9894840887602689
53, 0.2804880449582481
-57, 0.28444899010740665
16, 0.7173839546753258
79, 0.10525887152512614
-75, 0.025189154840141614
91, 0.7142540316072286
-80, 0.7744154698116172
-87, 0.847283248967636
91, 0.2868952880399265
29, 0.6092693454313619
-91, 0.02849207382870167
56, 0.3280053895944265
-36, 0.6851750680521108
-26, 0.7778813541273878
-28, 0.03408064097554153
-47, 0.90447700809328
84, 0.2372709060844962
97, 0.8325802301091305
-30, 0.4031757845490149
79, 0.9537573216441794
15, 0.8788507286048041
-55, 0.7042835583330629
28, 0.48838454871501125
-23, 0.28930665894156704
-82, 0.10672401929403241
87, 0.20762775939552192
-56, 0.4591987090300441
-54, 0.133853361054597
55, 0.03463516460155891
92, 0.9025036955745559
38, 0.6506368939144007
-22, 0.7537654057568975
48, 0.42561933916083994
20, 0.3309919873482159
80, 0.5757029246818227
75, 0.8543561557441859
49, 0.012179978427165672
5, 0.6851111689661762
45, 0.6213907916037593
95, 0.9499192054689705
-88, 0.3401469556928296
83, 0.8867730334523081
-87, 0.4924661846974213
6, 0.6350489160239099
67, 0.7492683550778745
27, 0.4347134594744507
-44, 0.21061083324749597
84, 0.372416734081387
-40, 0.8724304540383102
77, 0.2053333726508787
10, 0.4660067966746061
44, 0.84288793127309
35, 0.09680120440510187
65, 0.08276074702126324
63, 0.9452194061408583
9, 0.2257296484261856
44, 0.9393385360416749
29, 0.8527592401301077
82, 0.7206361322862715
-63, 0.503509156218091
-62, 0.6791605573232966
-58, 0.03230021855886034
-23, 0.7332180686109655
15, 0.9780357921035696
42, 0.021437446326659004
-20, 0.47146027529716983
38, 0.3190705929414125
39, 0.36394861619039376
15, 0.23631254408188795
-75, 0.46302891268826574
-58, 0.4756713506307486
79, 0.5712858383416645
-74, 0.09313123108437127
-92, 0.6458747593349586
78, 0.03527097045103078
-10, 0.3823722364085772
24, 0.5053826013981273
-14, 0.17926880479701734
-4, 0.9737841815960412
-88, 0.8623741851547247
-90, 0.2202490724746723
90, 0.2768759806700266
-66, 0.9015828469170476
-68, 0.7247790005759372
-7, 0.41706538562679785
-54, 0.623953004357836
-10, 0.3659733164996294
-57, 0.85237240264692
-23, 0.32878832035792793
-87, 0.9837220476050497
-94, 0.590955809440046
-42, 0.20719209328158705
-69, 0.6711927306901919
0, 0.4631482189066384
11, 0.6783876548861383
63, 0.8321414300066722
20, 0.35702588622796083
20, 0.6722870143693916
72, 0.11933083410942524
47, 0.9191741354530875
46, 0.40094009578206113
99, 0.8914566733569551
-81, 0.013058347322536523
-37, 0.09425736525699357
68, 0.32216003176024066
63, 0.03581737251334072
30, 0.364254525077765
38, 0.42045218750167557
-27, 0.11933726010872592
98, 0.6085235389604159
-38, 0.27268128099722466
81, 0.2527428304551309
-27, 0.7955351919458945
-43, 0.44097434604960883
6, 0.284535381430153
12, 0.22185847007955029
71, 0.44299997743066066
84, 0.5468474366078389
68, 0.15910364975170022
9, 0.22130098422502253
65, 0.34937901047930486
35, 0.5782917605558274
33, 0.8667514877938878
37, 0.07951544134858213
73, 0.9444381260055799
38, 0.5398985942642842
3, 0.10152490312271167
68, 0.07678889501570263
-13, 0.13524616138344225
-42, 0.40411117820014586
-49, 0.4668788266646947
-40, 0.2749562737147372
-56, 0.6132466183694572
30, 0.2687841791347596
91, 0.35654932211902446
69, 0.30958220015653604
-35, 0.8207812732553986
-27, 0.8456274221352174
-42, 0.4365080869896746
-80, 0.2514939547485354
65, 0.3020615621123457
11, 0.830099275863894
66, 0.12277679542121112
89, 0.7429624975290109
4, 0.7132114420854867
-36, 0.5181610223748448
-83, 0.8109726472210074
11, 0.9421376930680866
87, 0.5091430987560809
89, 0.11483694854306936
-78, 0.41263709300536966
-66, 0.8741026368482917
-66, 0.5722767229032668
-10, 0.3202621066375414
15, 0.7323835030815167
57, 0.2524354772595431
24, 0.27302428120933186
-53, 0.7327596368851153
-28, 0.5433707184256596
100, 0.33864656486939493
90, 0.4289433190500588
-14, 0.6260247276042789
81, 0.09042209018866365
-43, 0.2835735163970473
-86, 0.2395494573075857
40, 0.5759586080454417
83, 0.3323290293870784
-36, 0.8296601596237323
65, 0.048229032774656955
25, 0.24766916226381253
-89, 0.9469150689259156
63, 0.19745681118593206
86, 0.5568793804008533
42, 0.14324254217969534
-14, 0.9742455320373743
39, 0.9742860909967852
67, 0.0005216130418810305
-98, 0.7263459068205569
-75, 0.8000823804402537
-8, 0.018867896952748597
40, 0.6850837445842365
90, 0.6514947402792431
-28, 0.25878043493317093
26, 0.9331570345850049
77, 0.3926071638552634
-45, 0.3012572647151539
-97, 0.9819080395407715
46, 0.8769999151232827
75, 0.5859472171032903
-19, 0.05244103231981856
-63, 0.03584954718034006
3, 0.9560625920611606
-16, 0.7599856879203782
72, 0.3956475859525518
-86, 0.5514953683895157
-81, 0.9974592309602286
-88, 0.04715745805124172
-55, 0.6643666633663141
6, 0.8869739867367072
64, 0.49608472074312293
-46, 0.3252676306827488
55, 0.5746154585641081
-25, 0.32479821222077987
-27, 0.2357343781936927
94, 0.04147368650639627
-95, 0.12200147275392836
-74, 0.8207939045663232
11, 0.7815266551203832
-29, 0.952100105792176
-20, 0.17098274574236483
54, 0.49221545880537965
-83, 0.249081181847987
77, 0.991883466196318
72, 0.6257409016541909
-98, 0.5146739462641251
34, 0.3377901229745247
-7, 0.3281575632866812
10, 0.6176179428649421
70, 0.07976379534710432
-69, 0.07193961188301279
-31, 0.9589159317424325
-48, 0.009922747476206806
-59, 0.1514534399462949
49, 0.4161522003210386
-21, 0.9529570901241652
-84, 0.2634901909904225
55, 0.7721440223464358
99, 0.4072445456100854
-39, 0.9638811909378103
96, 0.1188922953458833
-72, 0.23470012122503492
19, 0.7184129672224402
48, 0.8488595362666866
5, 0.6018040077320225
-19, 0.033752498895432415
-9, 0.5730375895844843
15, 0.025359870625801917
-7, 0.22669569246129417
30, 0.05440586291702809
9, 0.04482944745738904
38, 0.6255484549199307
-43, 0.35228704330482996
1, 0.38112720901609465
98, 0.8705806510546645
53, 0.008788540669443123
-2, 0.5515500185994987
-14, 0.4138817643286473
-40, 0.92740720441597
-53, 0.8867824169014714
79, 0.3921565524099605
-22, 0.2681860078872377
0, 0.7386781417337283
-92, 0.5612700652173453
-21, 0.9456498927252722
-33, 0.06509213132621416
-51, 0.7332668023217751
11, 0.5545048633570515
68, 0.08935188677693373
48, 0.5785396089104865
33, 0.2079286130059952
-53, 0.8032711025025062
1, 0.11198644184888695
86, 0.35147114700660953
-70, 0.12596737329592167
-79, 0.6813127877252548
-47, 0.9726562285029093
-44, 0.7481676624658729
35, 0.00020734937765587436
-43, 0.9906766136872309
-51, 0.7621771519951773
87, 0.9385666734099011
-53, 0.3935103799205598
10, 0.6975940703327848
-24, 0.720940832922616
-17, 0.67360767892514
-92, 0.19650638765670292
100, 0.707113998565545
2, 0.11492127591750101
36, 0.10764806821831974
-79, 0.9274782159401035
-33, 0.9454022637634285
-72, 0.25908190868266234
-55, 0.006056217021459753
-59, 0.6216929561308441
-83, 0.32830354606581114
0, 0.754746334966283
62, 0.36256103539462525
41, 0.271431338305281
-43, 0.8833923686895546
-69, 0.4647713880110955
91, 0.5827083305426726
-32, 0.5100526889974822
-28, 0.7056019531907933
-21, 0.7633536872078492
42, 0.2864201563938059
68, 0.08501363074234403
88, 0.6512910395862701
68, 0.7477017449027066
88, 0.9332278610370445
19, 0.9077953058696634
-65, 0.5930281124808487
-44, 0.9486849885732965
58, 0.3912286613257644
-47, 0.8506168160152016
-42, 0.07521817259048258
-49, 0.1314166515822387
-17, 0.8701723800364842
47, 0.4954679933579893
95, 0.8663845157780035
11, 0.2192338570545801
20, 0.9313318417650931
81, 0.03278980794635944
61, 0.07764103701880898
-8, 0.08707323177046233
-80, 0.7055997740507864
-49, 0.8419653610166448
-85, 0.21755122605130728
-3, 0.09377318473765084
34, 0.7495567841809108
-43, 0.29236697898988084
-88, 0.014448991260431199
-89, 0.2138975397995918
71, 0.046316456910494797
-61, 0.42832473124071546
55, 0.37762376920769625
68, 0.6811481330852572
-1, 0.9494403682372132
24, 0.4591050548681753
-10, 0.0685105701421147
-9, 0.7632862930070533
64, 0.8855323290231301
9, 0.7857769956800105
-77, 0.051722332112532854
59, 0.016628840539023693
29, 0.13910735278984032
-84, 0.4549994607141028
-26, 0.20808472509327802
33, 0.8434990964371013
50, 0.01854413302331226
49, 0.04584701841416272
50, 0.5482807537014417
88, 0.25611268657658626
65, 0.7451482097512216
1, 0.6667599329775302
46, 0.8406415330674484
-96, 0.262302230128711
-74, 0.6536870727898254
-29, 0.5655992272959098
-16, 0.3626118812591097
-10, 0.6653345903463117
-56, 0.44570188753924245
42, 0.9639949606824906
94, 0.6831299022424772
12, 0.8087577927038051
-58, 0.07944779496716137
-55, 0.2668318986578503
-6, 0.10588379310474261
9, 0.12124591767868109
7, 0.6850795279668322
-84, 0.1925373846569327
-59, 0.7177740070781586
-10, 0.8998782946124373
66, 0.48541813548796486
25, 0.9251732121686016
-73, 0.8556781454271102
-18, 0.6651673332775261
22, 0.9368421065956049
88, 0.1993498888441647
-28, 0.5654432885418852
11, 0.5561088615668139
-14, 0.6047738362597818
74, 0.9374979504875205
-41, 0.9455025985484512
-11, 0.16887034681258828
2, 0.34794756285054296
-58, 0.7811379596693756
66, 0.9469278089811927
-54, 0.8607121845418674
65, 0.301700372841173
-13, 0.9178909286145709
39, 0.7413186447221202
100, 0.8956854245897296
48, 0.2507540476410761
-69, 0.595369735285805
-53, 0.1421487996738411
55, 0.7092989506175862
-41, 0.6689159097701671
-34, 0.41064325311614225
51, 0.40645411150719246
54, 0.9211904709749257
-86, 0.256963165794434
-92, 0.24487181084033482
27, 0.23503233066589302
14, 0.723812620717377
39, 0.9696630161648676
-8, 0.9804598651240132
-95, 0.9523271838465281
26, 0.5161145491698844
-5, 0.9615087620670709
-24, 0.7875789414133734
50, 0.7712685308734227
16, 0.9857428700174888
47, 0.5648817418390518
67, 0.034637057826808926
-24, 0.2997975663727971
-48, 0.2502899045428705
69, 0.6826372491099725
-21, 0.9496598372429269
42, 0.24565892112545162
40, 0.9798694028740395
65, 0.9556695725846157
68, 0.21195143813908557
-98, 0.7224538900646502
46, 0.6528877986419789
52, 0.9270211938387688
-16, 0.9908693039296876
-99, 0.6012434952115048
-18, 0.3963550190796826
-13, 0.263882064306706
52, 0.11547438229257834
43, 0.9650895061901986
67, 0.7317794165360453
-63, 0.17599140545657732
-67, 0.9717496251986648
-69, 0.5889588751235142
-67, 0.7847666504928488
-99, 0.8149757110603161
6, 0.7067663839888926
-74, 0.8876009175966076
62, 0.00538361883037386
54, 0.8069582368230802
40, 0.3495574741385661
81, 0.608244088095962
71, 0.6702607514304609
-77, 0.4754086144262837
38, 0.7545941306327265
22, 0.685048657419914
64, 0.40223831881915717
100, 0.6119743024088938
89, 0.8586849316817494
-78, 0.07243638706758504
-43, 0.7021982239298709
-82, 0.5275518799695165
79, 0.1628049461950054
-63, 0.7635899792693598
-75, 0.6995124273934185
54, 0.6685553184980539
31, 0.30301020749693397
80, 0.39247858098664834
98, 0.024303754945726563
-50, 0.5286942754634708
52, 0.9662483864708522
-13, 0.28857872722281885
4, 0.9859304718148374
8, 0.15752404616710602
-98, 0.14342562513010326
86, 0.3674404787195812
-54, 0.17867884186352712
-94, 0.6579792185235742
30, 0.5821821554881934
-41, 0.05411075644280727
11, 0.6864950621896995
-28, 0.9094442043229782
72, 0.18505230613887613
-76, 0.2088459977579986
-56, 0.8804529229145711
-63, 0.013241875425686667
54, 0.0980124793047441
-46, 0.6633794232669842
29, 0.39246562555070563
22, 0.670314783356204
-52, 0.49847206818082235
-91, 0.6319165358711158
-88, 0.26462233726034834
66, 0.22848907990479517
31, 0.06490520430215052
-42, 0.5202884593792172
-56, 0.6829193376388479
79, 0.8859504911005419
-77, 0.4062316883825011
-20, 0.5287601260472898
-59, 0.7999637543979122
23, 0.5483572655209067
-18, 0.028463856119267716
-7, 0.21996681801238627
-94, 0.6340059085054909
10, 0.5146789579545491
35, 0.46260241386563705
-72, 0.07338809896351339
-80, 0.5499649063097188
90, 0.1258800384113069
-5, 0.3682749100693755
-37, 0.6240184657916908
14, 0.5506971655691788
-84, 0.5600221162220705
76, 0.738034000097325
-77, 0.523668231359607
-74, 0.9652979620491771
-92, 0.02692775182190621
-72, 0.028397129255598452
29, 0.3507794967886608
77, 0.05440801842196541
63, 0.30329673980873884
-80, 0.5000606183577154
-73, 0.8927722656463342
82, 0.684929430037182
31, 0.8742642697998395
51, 0.6346651327133558
-27, 0.22158338483997686
5, 0.2177088344025716
48, 0.3985391288684359
57, 0.1606306288917383
-92, 0.14872624511433374
-25, 0.9375174898814015
96, 0.1430491919204132
39, 0.13849096010102258
20, 0.686150625146731
95, 0.33966291920613434
-96, 0.9282564480200391
4, 0.15840334853924576
-84, 0.1622117324842861
-80, 0.38788795962480127
-16, 0.1780193471794862
86, 0.3534329034141598
42, 0.8183458293294208
39, 0.5184968392205853
21, 0.5941577900255682
98, 0.7482645798122076
22, 0.46584181032457483
54, 0.4781907157745391
-6, 0.3146445636043178
72, 0.8635253729754543
-58, 0.27837114761123016
-15, 0.3042386914441083
91, 0.40728367100707785
64, 0.9142441601816732
100, 0.7856605798159606
8, 0.506606985849521
0, 0.07723626555825847
-1, 0.008983663300040967
56, 0.4568031923482869
-3, 0.38376372858449903
34, 0.430110549672466
80, 0.815982631741867
-26, 0.8026798110699248
71, 0.3755632525273086
39, 0.3440364264944178
99, 0.3877643543366214
75, 0.025834450026559264
46, 0.046835314533409056
66, 0.27931816103414975
76, 0.9292177188302405
18, 0.2936917454899718
14, 0.7307983202061856
64, 0.48533335892058826
-20, 0.5005900286284559
-58, 0.7212431210363173
-21, 0.22065189499272297
-88, 0.5642702614208309
93, 0.8884997552307167
-86, 0.6879680699380457
-83, 0.22750691151577318
-37, 0.2702052220645793
92, 0.22651495731675608
60, 0.9440492713264823
26, 0.2055310990882765
85, 0.05420015613218099
0, 0.7961804362497241
67, 0.13839321403130733
43, 0.08029432330902764
-21, 0.8513591892349046
-73, 0.13320570699638923
34, 0.24732370593552921
-95, 0.5417446878591944
-41, 0.4779716189340403
79, 0.37574710617897333
66, 0.5553267333486754
76, 0.09917886694006495
-25, 0.7668872674327865
-30, 0.05261694278078766
-4, 0.038794575547264065
-61, 0.12807140825314922
-51, 0.7517473802473261
-50, 0.3205028685794552
-57, 0.4088199797737557
-93, 0.21211211283217646
97, 0.3089179687229815
53, 0.9488457834755019
-36, 0.43707904394835106
37, 0.07220519869765296
-64, 0.9645332725488572
-67, 0.40097748849703385
-78, 0.47468937540246225
5, 0.14332181188368653
-1, 0.6680016983513919
77, 0.3382973737863837
-4, 0.07047094564528478
-19, 0.6459237120183946
3, 0.7771250433311613
94, 0.7805511748122366
47, 0.14158307623812239
73, 0.4748674847242901
-62, 0.2561623422362751
77, 0.2500954456203024
-24, 0.9365287299462789
-44, 0.21752694220783597
-63, 0.8452885930363047
-16, 0.9621717980476595
-17, 0.547070785446131
98, 0.8890106031572315
0, 0.5419748673169745
-12, 0.1861727261645667
-97, 0.6226617298286538
-63, 0.6450669535474892
51, 0.4855648858001622
51, 0.6178379238118727
48, 0.4977318145503794
-8, 0.9998450201668193
-44, 0.5275241624368519
30, 0.02992817610840892
-58, 0.5752596679117417
14, 0.8183587465848284
-22, 0.6222557733824817
84, 0.8237881585026374
32, 0.36690339083286205
-17, 0.8139654843889617
29, 0.8543795763401612
-61, 0.6804927108883593
-81, 0.24245240203185991
96, 0.3595358905575572
-13, 0.6264065917445801
-39, 0.88031518177783
-100, 0.6061609514691915
7, 0.6490078849788331
-47, 0.049872121656461266
-65, 0.660864865100913
-6, 0.825845589243064
-63, 0.1528595158169127
-60, 0.5386049395597579
-57, 0.910834847895474
-5, 0.1817316093211997
71, 0.8647290740870454
21, 0.8008964130513052
69, 0.8310221557576998
-90, 0.7874253539812216
39, 0.9099304555688695
-82, 0.6065001553536362
-27, 0.6603107794374401
33, 0.25795298641524567
-82, 0.10738960319346191
47, 0.5190067780213096
68, 0.18474363246792858
-97, 0.7614603371294639
-16, 0.2693417354958454
-100, 0.5929243622858644
-79, 0.3591600338229347
4, 0.30602536492547927
-54, 0.582533092866154
31, 0.1810274898430816
71, 0.6443922429744817
100, 0.9066096455895426
29, 0.029731470556432882
58, 0.4132498983844899
76, 0.3518182129414198
-84, 0.4523430413043301
14, 0.6689116564055295
-97, 0.7609134223287706
55, 0.366910249304771
26, 0.37484101239889256
-9, 0.2662271792275529
13, 0.23276813737117563
93, 0.525755439661601
-14, 0.229640464875994
-90, 0.5827813664688536
93, 0.5792022411622632
-29, 0.9974856346841093
19, 0.9424730948895402
-67, 0.6033594775703168
-94, 0.46473644927853597
-22, 0.5011225518620191
98, 0.9164112090051983
-14, 0.9958187418595712
-82, 0.3125993314443639
29, 0.4734809624599484
22, 0.3348542287842856
-85, 0.777153687779998
14, 0.7070692590108095
-80, 0.0038460901806336434
-94, 0.5229680215673662
-70, 0.5697709433687206
-19, 0.7541971941342168
58, 0.8271866087680553
-100, 0.671672854926553
58, 0.12256704211197911
48, 0.8018714883893432
-13, 0.24369057050841447
31, 0.9687060801816992
-96, 0.7676058539794407
-57, 0.4648602039639078
2, 0.4013012063663266
91, 0.345008756255053
-21, 0.3053904124327136
-52, 0.7069539239627873
92, 0.4964531440478861
-99, 0.31158070809087135
-75, 0.6115102147779325
61, 0.47330454311943493
24, 0.37547934952674666
33, 0.7393797062327379
-36, 0.6962854351683473
-23, 0.5141171837248014
-45, 0.8043628196422008
-69, 0.8610573295922213
3, 0.3641628225935317
14, 0.77162985204722
32, 0.10481335134918912
-88, 0.5963328820794389
79, 0.3859931194087748
-29, 0.0031925351519589418
-21, 0.7667597486578118
-42, 0.1617838178159341
-93, 0.7078728151594659
57, 0.9440064423189578
-45, 0.4301904437663453
-71, 0.3381631642516916
-18, 0.03129719469223846
36, 0.12074482366576222
-50, 0.45855586961399386
-42, 0.7816379099922655
-8, 0.9349666936560974
45, 0.7889006177154114
86, 0.24937125436722163
4, 0.5911686216068931
-6, 0.36996297077286744
14, 0.9083770245022821
-53, 0.5046511625475811
-69, 0.8500088601830468
27, 0.33432402736001865
-96, 0.7264693755532806
-95, 0.5992293578824518
-13, 0.018397215886446938
-36, 0.34156435750507996
22, 0.9630313130604822
21, 0.37938995790778396
80, 0.16287349779471483
92, 0.8191063506718139
47, 0.6655449847888973
-29, 0.35727070760750335
56, 0.506313926651732
-99, 0.09525123940054514
-37, 0.024327188815920553
16, 0.2636817834743177
-73, 0.014583504605252484
63, 0.6478988122375535
-74, 0.6204253133537111
64, 0.8429511678774997
-48, 0.8615189693540375
72, 0.8592715936111263
36, 0.10800769894469242
-46, 0.360106735937783
73, 0.6907773557846878
26, 0.44262625515857634
-34, 0.2503631593257154
33, 0.3922788117408347
-94, 0.7265650410585917
-83, 0.9260498820054701
-35, 0.07338215440877227
3, 0.9162923877033441
-17, 0.8908159953310295
68, 0.9089572343204041
84, 0.11544573433393035
84, 0.4798435434655456
3, 0.2941595309772256
-10, 0.8501593962117096
-41, 0.05724253139355873
16, 0.3177012535640005
16, 0.44995387399439235
91, 0.4409579329269665
-52, 0.8467758536947115
18, 0.8277414193309307
-96, 0.4465581657555612
-3, 0.32150872391258756
8, 0.6354647467120463
65, 0.8636197977197555
-1, 0.9710775425011748
69, 0.33486064613857147
28, 0.6228102380073918
-43, 0.06252764576355851
-100, 0.26929842496096845
-61, 0.04748021279301873
30, 0.6464079847032795
39, 0.07746301561467861
13, 0.26989658498246827
57, 0.21353179708751502
-56, 0.39942856619122347
30, 0.47994239883702006
21, 0.7374328409514176
88, 0.3369874495852586
-40, 0.4144554536156434
-6, 0.5504289691267705
89, 0.13920020489843699
-47, 0.07897320684750109
-96, 0.2628197853917438
-32, 0.08722840587782521
6, 0.9736980753984169
-48, 0.7958558143920297
-87, 0.7501361704534504
67, 0.9869200801441648
-85, 0.25741368459374625
32, 0.41314335713239203
-97, 0.8441473546798817
-62, 0.9432190319545894
9, 0.8791464729400733
-14, 0.11739293509253279
-67, 0.11953682318104075
-78, 0.4957670355741587
-1, 0.9055517026711989
-84, 0.5067246675510108
63, 0.3918571709397377
-56, 0.3156539576704548
-44, 0.3457828470902379
-97, 0.07850574090894824
55, 0.6656971224353049
-38, 0.0461720811955324
-32, 0.8794407075044085
20, 0.3082912747012827
83, 0.12885391239211186
67, 0.1834039789236258
-23, 0.3075487449033172
80, 0.7734435852138499
16, 0.027246589719397307
39, 0.2898648049235383
2, 0.6253517343633164
71, 0.4478426173869118
100, 0.049231543699753355
93, 0.4756590512466472
-16, 0.5229817827683234
75, 0.44378188151422926
-86, 0.024530549279577762
17, 0.30687315436642515
91, 0.031307103726053165
61, 0.691393819422658
6, 0.7672808689524917
-41, 0.593183759964666
-13, 0.10284949620225736
63, 0.9599508286549536
87, 0.22803252240526206
29, 0.7645054318726505
-83, 0.5818813745515733
3, 0.17308859428324463
-51, 0.44229210570515365
-88, 0.8620352573398495
66, 0.5562539119261145
-25, 0.4571390528602337
-84, 0.7995643478978338
-12, 0.6144398223524526
41, 0.3714008823205087
-55, 0.2361093285884054
29, 0.583835410237779
14, 0.48788063237063795
-6, 0.2902449297334603
-35, 0.44337204460680024
25, 0.2045160605944295
66, 0.5469406211724471
-100, 0.5498555984859161
-96, 0.38270983932745806
-14, 0.9159035585463202
-56, 0.6976663196799833
30, 0.934631252784983
-48, 0.5796623224134866
83, 0.43027052311707825
52, 0.551711186183267
5, 0.6572830301946371
1, 0.9579951074222578
20, 0.6436201653120585
79, 0.6682196495199294
-12, 0.7800552971870166
33, 0.08446583687517939
-4, 0.5955742265489293
20, 0.6152156975748673
15, 0.3938605393466814
12, 0.9902615871977197
-81, 0.29193026542872136
-88, 0.5218808890840646
-4, 0.794610361000097
-49, 0.8201418628227819
-31, 0.6214470617651637
-5, 0.18528787665982116
-87, 0.8582482546495634
-72, 0.6570879256538074
28, 0.7579114373934422
-85, 0.9405399039430933
-12, 0.5313729133566941
72, 0.3542386074437234
-75, 0.3372435013687425
-22, 0.6391607764019116
32, 0.520125222767889
58, 0.8053141560520558
83, 0.5399878199081034
22, 0.5818431422021793
98, 0.8237846174862536
-33, 0.12831320919578315
-65, 0.9193454750428992
-87, 0.5679758859928701
16, 0.859043495971183
-6, 0.9793829517836027
-62, 0.8068463360594457
-32, 0.2708113147662441
-62, 0.14677460429464229
-81, 0.1630059851926845
74, 0.7375677121419326
6, 0.7106502222578691
90, 0.5151325998006278
-56, 0.2441140842413383
65, 0.14944228043833319
-37, 0.308185416639998
84, 0.08127732655476416
64, 0.6612482356766829
-88, 0.830116976048837
-97, 0.855658991167065
-39, 0.6649140985529078
-62, 0.9686626411461577
-38, 0.1550893453568083
22, 0.6875271876999958
69, 0.534928969524227
-94, 0.3859777838368833
-37, 0.47751048269764784
69, 0.9293922498961793
2, 0.4460983619186446
90, 0.7499891484785776
-42, 0.8324488404601948
-11, 0.6545240096094413
69, 0.8704703163367069
64, 0.7094350729142667
-91, 0.10587805469111522
88, 0.566671122206111
73, 0.9891618032247602
-49, 0.3816493629471276
28, 0.47823407641289606
-34, 0.36473708755711065
69, 0.390596914264817
91, 0.6465111969453771
-24, 0.7614415563699714
-39, 0.9924732395979677
46, 0.5769357237716223
-14, 0.02982336316840406
-2, 0.23117194935839935
-12, 0.71887836393659
-46, 0.5575661414633438
68, 0.9471776890270598
-2, 0.277644247756878
0, 0.6396265521526271
22, 0.7452571279120102
-86, 0.8521283645845958
-43, 0.24745953588245506
27, 0.887852011710383
-71, 0.8314538282503674
-93, 0.17120794853400978
57, 0.31266587974062665
-61, 0.25678021667264606
91, 0.4182262479383786
-29, 0.7773097450275925
26, 0.011944262071247658
-93, 0.9978910916477172
-88, 0.8407498318942868
60, 0.4543535428046026
45, 0.624710429394484
-78, 0.03136253757307639
-46, 0.14907383029127053
-13, 0.9365901176092315
82, 0.18286243033566785
-9, 0.8237654894217494
-21, 0.5345712150516986
-68, 0.9033837613169836
-81, 0.21492910435866608
-45, 0.43473581829083807
56, 0.8345038678411403
-75, 0.022932410085060306
-73, 0.7616525111823947
81, 0.599345584901752
-25, 0.0985543241343052
-38, 0.6758864304598903
-9, 0.5643355764321693
61, 0.8066129094253542
66, 0.16258035678999372
60, 0.07274415588036709
-16, 0.4995443700525627
-90, 0.4677615348670997
72, 0.6016205211281123
77, 0.3091107239900126
-65, 0.7987335358997961
-18, 0.7412187095324835
-8, 0.38261876558409436
23, 0.7036770238984272
66, 0.9660513169649846
-51, 0.4733558938869572
-80, 0.6936859845122337
96, 0.4100272888105937
-11, 0.6598855350558394
-24, 0.09366282287847583
-94, 0.2353637573184545
50, 0.23949345397443156
29, 0.4111516145503369
21, 0.26876897272638467
0, 0.59978971265505
-28, 0.8963472575760205
-79, 0.8765538672074099
-36, 0.8575893220607652
93, 0.14839925787198616
-52, 0.23724683291076953
35, 0.3003207598497696
55, 0.4156115508610779
90, 0.7752376147298838
-70, 0.9403541468941053
-48, 0.7967476450011699
-18, 0.07170494658265547
-18, 0.30034499752289945
89, 0.9937372987157165
50, 0.8264154897794874
-14, 0.1478818355890269
-71, 0.21538043933784767
82, 0.9572100276013779
97, 0.4010175609512525
-29, 0.19111198863311119
-84, 0.24233667658653613
-8, 0.3169583545877662
-98, 0.9061017567527702
-1, 0.5233489514606066
-41, 0.1279697749707377
-66, 0.5216550794300379
63, 0.8571286086985324
-86, 0.39116679176117786
-33, 0.8290540901394403
-22, 0.47698857244697146
34, 0.5175322246280346
75, 0.06557330154023333
84, 0.9036414109280296
-52, 0.2548899762495134
-41, 0.022168597415033298
8, 0.3145369860020152
-11, 0.19939109379916542
80, 0.22506268405956487
26, 0.7310283004789329
31, 0.3033660955084947
40, 0.9047296393374317
16, 0.09612648688807879
47, 0.2789050997957282
36, 0.39002025706831933
100, 0.652564170700815
93, 0.24354567673727623
42, 0.7657753353632923
8, 0.5920364789153542
-40, 0.6420696735284266
-5, 0.26148105452225845
89, 0.42931856801289925
75, 0.29100110188036044
-65, 0.7845727319175155
-61, 0.9891315400526199
95, 0.6723953825702024
37, 0.09371472760976463
-9, 0.6219423443429152
-18, 0.7247320836912838
95, 0.09432450863981301
50, 0.19369300110054233
62, 0.24069455338317358
-100, 0.007121691792162155
30, 0.10616890897455533
-23, 0.5177493068022707
97, 0.8566198507946554
-39, 0.6782343455659738
-77, 0.9020186347096514
52, 0.5485197577555535
-74, 0.6788388625378163
-91, 0.7481726467118713
-13, 0.07633373149454936
55, 0.1357332940392888
-33, 0.9047690423732825
-50, 0.868605250401462
-24, 0.3488925899190619
89, 0.014294782619380553
-34, 0.8326718885308352
-36, 0.4394345543065342
0, 0.0043696995260997795
-38, 0.08999332161201856
-81, 0.6235548727904754
-42, 0.4268609043967785
1, 0.0306063354269146
49, 0.3699168871430497
-61, 0.8807948648402323
-53, 0.9112348999737621
-14, 0.7273963005892556
-32, 0.19527238031236127
30, 0.6776681290392363
77, 0.10702400635618425
-50, 0.2448902491552224
60, 0.2999621066471815
-64, 0.3084146042675925
-16, 0.39614556627445685
90, 0.6576406925992287
17, 0.43494407929445444
-40, 0.5303008277740415
-61, 0.2699927707875921
5, 0.8792642519292337
11, 0.039575210027636976
-66, 0.5199938720606491
3, 0.48926278491378794
25, 0.8696467555792087
44, 0.716556960144099
-45, 0.38562316023683807
-53, 0.1733099486622035
-47, 0.2539526857772938
46, 0.13064261456348336
-96, 0.759951528493851
81, 0.6993181758062584
78, 0.7805504257952239
-79, 0.5918099176301657
-15, 0.35380249697965327
-90, 0.07762426231253028
34, 0.5277058896929352
4, 0.36705465317760166
-36, 0.7158056722911431
-27, 0.288452316878677
-15, 0.335278026302931
23, 0.4433703784407833
83, 0.7590474148993103
-8, 0.520188389393588
100, 0.9572746680304821
65, 0.8876027552406097
-10, 0.9633168854338793
-60, 0.7997439011117853
-27, 0.6604712580321516
36, 0.30616810240859105
-27, 0.8076671892909092
38, 0.4365700472054942
94, 0.193328642210722
93, 0.8085811701538234
7, 0.7886440865020835
90, 0.3358448261214396
-12, 0.3117803883779212
-42, 0.15500968422737105
89, 0.30491058998729903
-93, 0.08548344495965754
-14, 0.6793094072256269
-17, 0.8252665056226632
55, 0.5783325412870971
21, 0.7569799497373771
0, 0.6737310286483766
9, 0.6105828227976634
65, 0.6035884699197644
59, 0.443571756988842
-53, 0.8741949346124709
85, 0.10553682247836238
65, 0.450588816722165
-94, 0.43952258399119903
-76, 0.5723378513098029
-64, 0.18327980360963647
-73, 0.4585088965188502
-50, 0.35268260482864877
96, 0.22035225175350037
73, 0.9727826890712642
-28, 0.5935828498188401
48, 0.5464880055461513
89, 0.6680601383149174
-72, 0.8304320668735993
-35, 0.04642248114897196
-50, 0.6869782244479843
39, 0.032435131675572326
-47, 0.2272597758969378
-14, 0.1996935229047737
-63, 0.06346573914987053
60, 0.4583673037365822
4, 0.5195588657475085
54, 0.20666805433029378
100, 0.09241291058451151
-96, 0.4341491250385773
-72, 0.04367271873344869
26, 0.6208926797433197
18, 0.6017291916118209
64, 0.28914691796052505
-48, 0.5591008900627404
-68, 0.784457265851686
59, 0.051815385055142604
7, 0.3975731901971452
-18, 0.6333447686956837
9, 0.1786563485417234
-88, 0.7875585729980455
-1, 0.13461042329993456
-99, 0.7531986527204079
27, 0.42845974600106784
8, 0.5974766028649713
1, 0.7126070963857736
-99, 0.5716366715376907
-34, 0.4823258323022095
-85, 0.6436971510356682
-57, 0.8693070780009928
53, 0.21249572405776074
-75, 0.5546730328598216
82, 0.25977719197946547
65, 0.2784103987723262
82, 0.8821955065389228
-86, 0.11855279832432841
38, 0.15099848762143053
83, 0.5331794921294292
46, 0.270256436769439
-2, 0.20860686515564064
-37, 0.19044118787239372
88, 0.9225429031853621
-49, 0.23394613730443203
-26, 0.3618331123921166
-24, 0.7749150584227467
78, 0.7570423054743025
52, 0.6310732228302514
68, 0.3484114644134738
62, 0.4881370582839307
39, 0.10788961052913337
4, 0.7022179513489628
-100, 0.806456442491148
94, 0.4987270980223856
-20, 0.6558217074129042
-47, 0.9304536465919306
-6, 0.607379327126742
-25, 0.7502222389193357
-28, 0.6895773820698049
79, 0.7380458167325672
44, 0.5981219044405616
-70, 0.7984219759663871
40, 0.7656919705100936
-10, 0.4128940868779064
-30, 0.881991873207856
30, 0.6677841731352583
7, 0.6207488413065284
54, 0.9778664220091963
57, 0.9512125229598002
-13, 0.9739783249403875
1, 0.7164121501974549
48, 0.011179003199434878
40, 0.35202104346522145
50, 0.127119838257563
-59, 0.7237686935818579
-98, 0.8847581487063166
-41, 0.9204100284815597
-22, 0.33014120201626884
-78, 0.6122875153442928
-40, 0.043520694918235736
-1, 0.6285400526228869
5, 0.6494600950895305
-72, 0.0394527274039832
-33, 0.6116067595167464
93, 0.06050863883757862
-62, 0.10250102321105292
-38, 0.24381541282252817
-45, 0.822510737352362
-96, 0.7080087185050676
-11, 0.09229893665648325
-24, 0.47566764956106966
22, 0.2522373134566518
67, 0.5323217005435309
-7, 0.8900731339251695
-91, 0.23360858751200153
-59, 0.4511192249870263
94, 0.10627299429842185
24, 0.29085980757857743
51, 0.16170477162182417
-23, 0.07908818645770688
-17, 0.22770075484986563
62, 0.7299872926271865
-21, 0.6556675630019272
6, 0.45171666734771454
-78, 0.7803735539473758
26, 0.3290859926251961
-92, 0.006908090742202
-29, 0.1016255225335444
-90, 0.8602677642765403
55, 0.6079633108911181
-35, 0.5373735496211168
14, 0.5111466573217595
-73, 0.9890725411534471
51, 0.639413821609419
86, 0.5739920535953819
72, 0.4038844953334444
31, 0.022424102100601973
52, 0.6595679119776847
7, 0.5354919032631498
99, 0.8394051232353802
-13, 0.5994873868227141
99, 0.9526039407403858
-92, 0.07907007943524313
9, 0.7554535685676779
-32, 0.5565243723829811
56, 0.5643266843844735
51, 0.9504685893372024
-47, 0.9776417150980136
-61, 0.4872259540799423
-16, 0.6900668971063668
-86, 0.4845990091995862
12, 0.5759704818042839
-42, 0.9382961020344607
72, 0.49862280502411416
13, 0.7183223631864697
-20, 0.48739386786697814
-13, 0.27394259835515666
-34, 0.6053580889246889
-88, 0.33124399804677795
70, 0.4376058162233233
59, 0.6513504406997064
27, 0.7397201412128471
-54, 0.31749073662510907
25, 0.36960146198534827
-53, 0.04801782254427289
-78, 0.9224133886600081
-22, 0.1598073972934746
12, 0.44042218296389846
-7, 0.4323156714134464
-8, 0.8601711864995647
88, 0.657282989116993
-34, 0.4869504537293432
94, 0.6169099801940165
30, 0.5496009744748929
98, 0.35942171833955416
-54, 0.8526769297138075
14, 0.4939013175606731
47, 0.34887416018090034
18, 0.9854200015145587
19, 0.1568454676472616
96, 0.2757244120643383
-78, 0.20428820488717314
78, 0.05281740370600341
-76, 0.6127356688569204
-43, 0.9538009191592801
-41, 0.8472283009212884
-80, 0.6949634593711792
94, 0.8570147665734612
40, 0.9526851954112764
79, 0.18783778778104332
-35, 0.8145155612646574
-23, 0.5361103446302601
-54, 0.5446853958918868
-22, 0.8444562411186248
-20, 0.9461725033582589
43, 0.24326121846959825
59, 0.39289983472686174
1, 0.020730382379107515
-66, 0.5403008788293725
-10, 0.5723596078667669
-27, 0.7153209065119179
-8, 0.6580155787950401
59, 0.8833916912859716
95, 0.8676914703933148
-45, 0.7996662483156344
-4, 0.5921316428537936
-20, 0.2534136737743423
2, 0.7276526537298498
44, 0.22464783760826745
4, 0.43114650029027524
-87, 0.2777543556895591
-72, 0.33368573964539794
35, 0.8144313045784332
53, 0.4294781959727946
-47, 0.5404846747284495
50, 0.20718151135228569
-23, 0.5393687446758818
-37, 0.7403975857805304
7, 0.18101974091147088
-67, 0.3208021247872438
-87, 0.18586526025428995
-36, 0.6500281109196246
53, 0.12849774108559964
62, 0.6312824264766179
37, 0.03745111589957828
-75, 0.2357592196003434
-3, 0.8198154209022352
-31, 0.5597167189446406
-11, 0.24675905166611511
26, 0.36355274313229125
2, 0.736454040327036
29, 0.868598422663078
84, 0.03411536055163189
-70, 0.5984449769332626
56, 0.7604062024313998
74, 0.6305099368679087
-13, 0.19857168662432556
86, 0.42389704442631315
-48, 0.21757063300637414
-86, 0.8588731590243696
71, 0.6655985359182139
-14, 0.6760473671521646
-63, 0.006687354325133232
-77, 0.49165663373139745
65, 0.34415306184712424
-70, 0.1634269342650836
53, 0.8819347222702878
72, 0.9893751443094727
23, 0.9632090720017848
-99, 0.6302500071523648
-98, 0.3186658006919917
-42, 0.008941425142056092
40, 0.8005091160805036
84, 0.07010527737169503
37, 0.9766954981621493
71, 0.9842108493834347
-99, 0.3662226819607919
16, 0.8476825488489234
-47, 0.9981415266466527
-63, 0.03866552874977236
-33, 0.627736186176484
79, 0.10052137111515758
12, 0.8124036974997924
-71, 0.7423012070558584
0, 0.709550388560923
96, 0.8586885398302901
79, 0.48337609109193913
-9, 0.06791586529085603
-64, 0.23817694746317053
-70, 0.954987660423456
68, 0.8657617953508675
-56, 0.972388754447124
70, 0.8055008659437933
-74, 0.5687785222978572
34, 0.30290414261299703
11, 0.1949662417884297
-16, 0.37685890266707056
55, 0.6456843445981776
95, 0.21502552165998323
-19, 0.3008458876103659
0, 0.8270924074372079
-25, 0.8674726288520859
-90, 0.6554257127620045
19, 0.17999947306171904
-21, 0.7634324843160728
93, 0.7194132465125948
-60, 0.9640071526862729
38, 0.24451980468942902
30, 0.34366483569274675
-75, 0.4471129849105161
-59, 0.9336275953085418
-11, 0.46901976608648044
-27, 0.17413175468127973
64, 0.6408472619646736
-2, 0.6182824192341208
-37, 0.9633007074114148
73, 0.894850728975381
-39, 0.9902895675171353
4, 0.73632122685885
-45, 0.581449893733439
8, 0.9877349724612673
43, 0.014012075305778526
-74, 0.5994687741159666
-60, 0.6632277729168722
60, 0.4692765269361976
12, 0.9267914137297442
-24, 0.28787269083386136
40, 0.19053736157724177
-2, 0.5992466502747432
47, 0.31733905396725826
64, 0.3776664821607145
95, 0.2663169225377763
-78, 0.8042173710098192
5, 0.5566051614548359
78, 0.6138386820230017
52, 0.7637727117828819
-9, 0.2777577873140108
13, 0.8393830059820576
-35, 0.9395361796380499
34, 0.5536054108582916
-49, 0.36295096946203864
-43, 0.19530141085271102
-52, 0.2737260598132353
83, 0.2879314275372007
-85, 0.21595804628279014
-15, 0.14554005547341464
-24, 0.9117038784449928
19, 0.553888425699064
84, 0.13925894462325739
86, 0.13634959830818472
1, 0.10795929339787169
90, 0.22337672478907256
-8, 0.11901350964784052
-93, 0.17633804531008124
-36, 0.6009854856128046
60, 0.27853388987831196
-64, 0.632920904982751
47, 0.07528830125483599
-89, 0.18528773415879907
64, 0.42712245556279926
-18, 0.7945064295136409
-10, 0.6553187294290904
-69, 0.7135106809609021
-96, 0.917390457796664
85, 0.9182948901937102
-16, 0.4604984367331698
59, 0.2763660667324105
-73, 0.18619987743621524
3, 0.390100058654992
68, 0.8854473740923122
75, 0.20827567356065002
89, 0.021870968099913957
65, 0.5615683507010683
15, 0.7872870686555266
-67, 0.18965523072475066
-94, 0.11794417842583127
-40, 0.6871877361335447
-48, 0.25326183543939196
-38, 0.34145762118513534
44, 0.6339319578989521
98, 0.9389009602582328
13, 0.18197322470250044
76, 0.7375981599118636
-84, 0.9328491411891151
-22, 0.06438069658413248
-43, 0.9893986546418374
-18, 0.6481491569602483
12, 0.5948761558377917
100, 0.2566275927745858
68, 0.31859298371054323
55, 0.912723571217876
6, 0.6747325505333702
6, 0.8536008627775513
39, 0.4019539684472777
-2, 0.8517957397269014
63, 0.31718301767121126
-11, 0.41017291399971534
-85, 0.3850330928047464
-8, 0.6898765110723506
-35, 0.697562773326096
98, 0.09503212897542013
-82, 0.5597656493643097
2, 0.21486425593991942
4, 0.30051857762903667
74, 0.21463567731801758
89, 0.43964519309649563
74, 0.5786791547652332
12, 0.35826936049145974
-93, 0.5397521972191693
67, 0.32327014941426446
12, 0.050315938476067856
-21, 0.9099218430208095
86, 0.35401491172965127
-78, 0.6332498103217943
-2, 0.9100997211180796
17, 0.6616031542863416
83, 0.8881390376554228
61, 0.5961001964023048
-71, 0.6176456538406739
-35, 0.5990412834347366
82, 0.4644588926082436
87, 0.9819180925435402
-33, 0.4868058174424468
95, 0.19536801874488097
84, 0.7198116019902592
-2, 0.8544814201439753
71, 0.5024727350373369
-73, 0.7277456926806789
-69, 0.31006390413226914
59, 0.03329414288945953
-53, 0.17820285129478308
77, 0.4126528571991206
82, 0.5606231379942468
13, 0.8567693774662333
-68, 0.9523427952609302
-66, 0.8461207932547996
35, 0.9300356154931387
16, 0.5071357737006844
82, 0.49530091589537373
29, 0.7672349967742786
95, 0.7646653325028535
-50, 0.24179317398868927
23, 0.8838483094359582
34, 0.8636463467179942
-44, 0.8842759384136325
86, 0.6461695145132084
-51, 0.4160698152729805
-7, 0.22469136648444943
29, 0.41479780504640895
5, 0.210920750963005
11, 0.42091347531381695
-70, 0.5747966502601183
84, 0.37532857742254944
-99, 0.10196253969638713
4, 0.46735880321296663
49, 0.9705213166505777
-19, 0.8516788772718911
-34, 0.48134400001753064
29, 0.07060798033705007
96, 0.7238732362668957
-65, 0.9904455078541334
-4, 0.9279233149974664
-47, 0.377765912333619
66, 0.5028226581323263
17, 0.2966547814673369
39, 0.5697656489607109
-86, 0.27227991744283053
0, 0.5934199832162105
58, 0.4467666647190982
61, 0.2593091506284819
29, 0.8597277726373391
73, 0.6274981838993838
86, 0.1590789446133961
27, 0.005891615537817474
19, 0.6629889333464275
-56, 0.07062588617800736
52, 0.3840972064092466
14, 0.35644346836569596
-58, 0.2512328230927706
88, 0.5887154548757643
30, 0.2508618906036072
90, 0.053243424102845105
50, 0.9282975345016127
-49, 0.8371032665589464
95, 0.4387048627747093
-84, 0.6943945609277453
-36, 0.9563063622831042
9, 0.4007397566051568
-49, 0.36622926082459695
-46, 0.7228745232653597
57, 0.12638070175557836
-26, 0.10444313733400767
39, 0.7835672442160553
-60, 0.606972754414362
-57, 0.40702246221523153
69, 0.5112722189686932
-97, 0.7524380566013975
28, 0.15952723303606164
39, 0.04458194853505515
38, 0.9113155533881215
10, 0.3970684708139125
82, 0.08526150643084873
-5, 0.2773857686749782
-31, 0.0333333219249865
-89, 0.10825279484848216
-42, 0.9187006541939788
-89, 0.7772049548687743
25, 0.910338994545694
11, 0.5009005881138188
-85, 0.8844880806771619
98, 0.06863016575501657
-92, 0.5296955985293333
-75, 0.8436104825450104
-79, 0.6895729477711421
18, 0.46587218973718714
45, 0.563340602808954
34, 0.4312900667619224
-5, 0.5663685478341005
77, 0.3693151535564214
-86, 0.702749397801089
89, 0.8050131925089111
50, 0.6163931986766558
64, 0.17459444947426217
35, 0.06823742264862531
-52, 0.9608570217066543
-12, 0.811344209454324
75, 0.010816745771733416
-71, 0.8573558388162544
90, 0.5393706088656899
36, 0.4333297130562356
-78, 0.9216248402623014
-74, 0.470641774017278
40, 0.4664152070926876
22, 0.5666720686245799
-29, 0.24128226583445844
49, 0.02652701269593094
-93, 0.13666985732842307
47, 0.8086536948620426
-71, 0.7372772259095477
80, 0.8842174750007482
45, 0.27571208047364626
16, 0.9249690683018594
31, 0.19992879216507875
30, 0.725869369636133
-100, 0.28304201259886463
80, 0.92621783949459
-43, 0.38355955737817693
-2, 0.8640462399801248
67, 0.24019818953540928
62, 0.7718231378392345
-11, 0.15443766354712873
89, 0.29551876734833915
-71, 0.3592958320651778
-82, 0.36878415123245367
-24, 0.7600079119895542
-25, 0.56554392765352
-89, 0.05593232365046885
10, 0.10614308545321327
6, 0.9558214208940689
-16, 0.4943191547490886
28, 0.602395174639591
-78, 0.9325103594490519
-47, 0.07644168950095354
-78, 0.15304586518906593
-28, 0.8193243070538154
-57, 0.40159549063447375
-4, 0.06771803041976932
33, 0.885959734798255
27, 0.5274955472744892
25, 0.8252711574246411
31, 0.947428559144972
-53, 0.36602666542358797
-81, 0.14459633348471257
18, 0.7476945752405928
-98, 0.9621946619513524
67, 0.764403769749983
11, 0.7249179769387967
-19, 0.29759080267154947
-84, 0.5700376474143715
-49, 0.41683141860699957
79, 0.2204313362838065
-19, 0.8706791353391533
-10, 0.9335946967542003
-1, 0.7213312669016961
-68, 0.5298132280528954
87, 0.9077426688685066
-41, 0.5120791150723707
65, 0.0320231044871897
5, 0.3887617528585302
29, 0.14758590893636492
57, 0.5555986860531397
-74, 0.9977376294278324
37, 0.3341577402954844
-18, 0.19509672592385996
67, 0.03771360228489573
53, 0.4977011496611087
43, 0.6110893763352406
100, 0.9300267956369805
32, 0.5061116952214054
-20, 0.13810587516303463
6, 0.12006943061520847
97, 0.31844291982994977
60, 0.477332849362606
40, 0.5249777292405707
67, 0.703658244064612
38, 0.9272911131224805
60, 0.3691442106221223
-55, 0.3295653749487122
23, 0.05066994009451253
40, 0.11561658042985057
-10, 0.38278574584811065
-84, 0.7131406732084649
-59, 0.7774905381770872
-66, 0.7651510459581771
63, 0.7789082984900733
18, 0.16716629037345654
-59, 0.6999369878087598
71, 0.043404555055935656
-29, 0.18631464493606598
-5, 0.20095716384931506
-45, 0.17853347799728758
49, 0.8957068436033477
-12, 0.5698799857568807
81, 0.37240308353176954
34, 0.7845086400206671
67, 0.7433443632104028
23, 0.3066464349816762
57, 0.20975135412775314
-64, 0.6516081475368686
-70, 0.6695408366242958
89, 0.8188448921162128
91, 0.8693789864055578
65, 0.5516616738603769
12, 0.4327139555454197
14, 0.8406584251114824
-63, 0.22153076744088662
-2, 0.39199827638084683
-48, 0.009179303661416394
-11, 0.18870602396629965
31, 0.788124319876502
77, 0.435008361323883
73, 0.47428607871051
-90, 0.2543653150774009
-36, 0.8439910136915172
-55, 0.07358761397957458
7, 0.5389940470847928
45, 0.7701504998705002
-12, 0.03258269549738346
-74, 0.8441627947913679
-53, 0.7466286699938165
-61, 0.27755055356683145
29, 0.14297350795229047
9, 0.651059311654499
87, 0.5390094804441732
30, 0.7908093787354503
-73, 0.057331417983849886
57, 0.9508103326888316
33, 0.12540768316010031
80, 0.7195172469585683
72, 0.8036609094518559
99, 0.6371374953066232
6, 0.40146758096143875
23, 0.12522922824456717
-71, 0.7279039638092116
-28, 0.5463174139507926
-80, 0.27063919977889517
53, 0.36235276641654046
77, 0.7086971766713934
-48, 0.5990867361908788
-93, 0.9351528524745432
-89, 0.052403202493930046
51, 0.8004385409521417
-17, 0.06344976389287527
10, 0.4228726037102597
-5, 0.8076692126852913
75, 0.7198285587512367
-72, 0.11548195527780991
-22, 0.9505894820782981
7, 0.2006758005828747
-61, 0.42189417820334185
9, 0.5237627137132964
44, 0.04841042743577317
67, 0.3352443606068394
-85, 0.4660476077790334
59, 0.11908744546493444
75, 0.4759739107469636
96, 0.5566823011395846
-21, 0.4355626151374766
-7, 0.38014533736821154
26, 0.09357830600708772
-87, 0.7001905791048223
96, 0.6190250109945437
-61, 0.6377632737137126
-63, 0.6482351274972388
-14, 0.9009280461643581
14, 0.3875251084087238
38, 0.1777375140080163
-50, 0.04258702058910335
75, 0.03161468459733441
32, 0.17519750713667492
-4, 0.4961922343331093
95, 0.04295268325368273
61, 0.40222452050322666
-48, 0.8540297169499211
79, 0.5633678666305441
94, 0.1501819894949714
-89, 0.5217397763368382
48, 0.41979582347173183
46, 0.6030817419994087
23, 0.40508552399336883
-34, 0.8269364791623899
51, 0.826758363668504
37, 0.39669899862621905
7, 0.8083926633647756
68, 0.9914123013019701
35, 0.07126692676113211
48, 0.4498660240762058
-5, 0.5456341360208165
81, 0.6493633289552613
-29, 0.36302555719974094
45, 0.8930349187609661
-14, 0.2328211046605937
56, 0.37290154527712494
0, 0.3549588066633229
8, 0.7141482276476442
37, 0.4371295784521071
-95, 0.9640738469844277
-65, 0.8669556967564529
56, 0.31795195866115455
1, 0.8630488603285775
-81, 0.42525997322106424
-79, 0.6373432721664098
61, 0.18855878739053966
-49, 0.3308288404135309
-32, 0.7414215830805635
37, 0.9946850109075271
-54, 0.8624476653049494
73, 0.3909834759220041
-58, 0.08816003537782557
-63, 0.08340596452491889
88, 0.654920931645661
55, 0.12868047889646717
89, 0.6034105739121969
25, 0.7633234879410307
53, 0.3778657896678461
-70, 0.76705615894661
83, 0.5991792769186588
77, 0.685963074916529
-76, 0.34637909338940664
82, 0.7065050600825816
47, 0.8687181522987035
19, 0.5840471499241403
-83, 0.15611123110987624
71, 0.8761503397027003
-71, 0.14258271029696634
-32, 0.480160678903767
15, 0.34718213738158077
-46, 0.6867696959958545
-9, 0.21402969726128918
25, 0.27245839635654545
53, 0.7536203339959134
86, 0.8669025026051415
-82, 0.16912838069133918
-76, 0.02450362326585509
94, 0.3528308872414282
54, 0.9627967689201826
-13, 0.9875347004045651
48, 0.30844853467165223
-75, 0.5003744498945283
-91, 0.15603520214664146
53, 0.6549353622376854
-83, 0.7017570723384543
44, 0.23444405409758462
64, 0.07102383998092432
37, 0.3306606935640428
-40, 0.5926873323337829
11, 0.5083481117174192
-33, 0.6395080818226178
88, 0.24003815334373524
-76, 0.5562058607945206
0, 0.5105556671013854
-82, 0.8893141312274052
-85, 0.4397426235187316
-97, 0.5589506700061527
-23, 0.23790632628519848
-52, 0.37419146386998803
-41, 0.20182657495066958
73, 0.7319933803315642
58, 0.9824592441057621
16, 0.7260434851783206
33, 0.2898070114714256
-94, 0.5033694229619998
48, 0.18273527247429622
89, 0.11164198349351706
-17, 0.30581193848488963
-85, 0.39101917234197214
-68, 0.5797870782390896
98, 0.833359027170699
26, 0.446241405448647
14, 0.29687745819592715
-97, 0.24108495382074357
98, 0.3831248516060123
-8, 0.547669417615914
44, 0.320990661803897
-76, 0.22694181832035254
-77, 0.28369387433964544
-56, 0.17256820499895287
91, 0.9512787117449067
21, 0.21283456725224525
-90, 0.47286550638128433
47, 0.9583323433050811
75, 0.25537591092158507
-55, 0.3805951413994012
10, 0.6666441004033719
49, 0.7773717170784286
-61, 0.12302570316264361
-94, 0.332979737032562
32, 0.8161110964416933
-1, 0.2010626547246499
28, 0.08495390917028245
68, 0.9367124289783628
-70, 0.3885640267227295
-97, 0.7418794538906929
-62, 0.5499267333819419
75, 0.3231386566610541
-72, 0.6723711219423831
94, 0.3835904900920222
52, 0.4379919310964757
-86, 0.3932790104514352
-54, 0.5200368032973022
-76, 0.9046181561634299
-87, 0.5609439072712459
-82, 0.37664038348014184
-93, 0.6153706557405665
71, 0.9268376615285809
94, 0.5072965167411042
-21, 0.5512787254488463
53, 0.8487854832217515
54, 0.09086843737851569
-4, 0.6053953183430676
40, 0.9813454459635729
87, 0.4764893188597208
-26, 0.8406327675825473
-8, 0.2925241773916323
-25, 0.56765521967812
27, 0.6115210153131623
60, 0.5689820038207506
-19, 0.3512785228631413
46, 0.14820900267399395
25, 0.6689843629992064
100, 0.13568370592699197
-56, 0.250335145155422
-56, 0.034023335640980035
-9, 0.8473614255403019
-41, 0.7440144706827777
24, 0.22554942281142987
-100, 0.008423536250135033
30, 0.1781987433977651
-65, 0.8350324294946122
69, 0.837548193558373
-80, 0.352069767851358
-83, 0.6974442087579016
-9, 0.25245136342279917
-94, 0.6727204941405216
37, 0.032636151454996876
34, 0.5605258227699479
-63, 0.27316850199361475
76, 0.26095732886317824
16, 0.030333161703096856
27, 0.7113252836216158
32, 0.29673734029115506
3, 0.5091782861544014
-28, 0.4649954902223289
-4, 0.07212904335438497
79, 0.45289803233818493
49, 0.2850871350537354
29, 0.2007998491452052
-22, 0.7457019582945524
87, 0.3760214689089427
84, 0.277549560437085
-89, 0.8580997569848392
1, 0.8473433993009101
26, 0.7432694521307727
93, 0.8461036931305854
10, 0.8874306107650931
33, 0.6325682130143306
-67, 0.42588303560130547
99, 0.6963664391439978
59, 0.8040312734729903
-66, 0.4085482019190564
-7, 0.9763563787985114
8, 0.38910797455061397
-25, 0.1951839718642261
97, 0.5779510277698645
-69, 0.11624230503931066
-27, 0.2221810077263795
-58, 0.4133743853458789
48, 0.954281948955767
-42, 0.04713924727415841
70, 0.33314989393282946
52, 0.6733630703831383
74, 0.48560772738199676
86, 0.6040843103539575
59, 0.8845436230160769
-5, 0.32401864774477773
85, 0.099125641266678
-96, 0.15861413808534752
56, 0.14450220806658998
-90, 0.853369533490789
-86, 0.2745067071600934
29, 0.7484886130914754
63, 0.14403907675871885
-14, 0.03224565237653165
-14, 0.14428792525956147
-6, 0.0336087256174078
72, 0.4988996168507378
-20, 0.0354070574531804
70, 0.04825292088606814
87, 0.9619995378274037
-7, 0.5291484021819611
15, 0.4175247625338836
-74, 0.012734021981753885
57, 0.8272691266855347
12, 0.18544229870114914
-40, 0.07403759301104862
-94, 0.5512824474423341
42, 0.9941063971517095
-15, 0.4360213332317493
56, 0.28243954517789116
28, 0.4883613678040646
97, 0.6645605043687796
-3, 0.5813934768576
58, 0.5895997759526986
85, 0.05976554136709089
-92, 0.7909710464886934
44, 0.9394589124032001
-9, 0.8645382210784147
-47, 0.48475781531243156
-43, 0.755442514424593
-81, 0.09139073903187345
-23, 0.8497524777920108
-98, 0.07268820196412151
3, 0.17188208305592156
-91, 0.08031837563248245
24, 0.02019163421582182
-12, 0.589541945972831
85, 0.5668557455590978
-53, 0.7590174760946139
-42, 0.23123057454373575
-30, 0.9465248776660916
44, 0.2761879840526371
-1, 0.6630955493081285
-43, 0.1315164384685188
30, 0.7031489136576822
21, 0.9318784824240154
89, 0.006660111817780923
59, 0.7524941029741153
-73, 0.9742645504386857
-26, 0.9026884760853173
100, 0.5680170195515076
23, 0.7222457872629995
96, 0.32334690028633617
5, 0.6994681124636805
27, 0.5492798274075091
52, 0.4371650539189986
-87, 0.5676803477692909
74, 0.04641848157755801
-26, 0.9896028170381175
59, 0.19520418968119768
24, 0.3750056024557913
-54, 0.1793726162384589
14, 0.891941833122542
67, 0.9121102037151073
-63, 0.2628353512242434
16, 0.41228440969548275
-52, 0.00047601045465761604
-6, 0.366193714895368
-55, 0.9312692801815642
12, 0.6990710303845112
72, 0.12484881250519175
-16, 0.2156650692121126
-11, 0.3356231652393551
33, 0.9564202107583574
72, 0.7634661479734063
36, 0.06307264180654637
-1, 0.2177101078091227
-86, 0.5855586164580674
-51, 0.8096015225156079
47, 0.46843468448739467
-59, 0.4307546787554749
-90, 0.9254822974297836
23, 0.20883510436266806
26, 0.735839444554723
-39, 0.5914231561784722
-54, 0.006264129849632094
91, 0.5880377631542839
-40, 0.5264982523728436
67, 0.4938370874825907
67, 0.020403605744624187
-9, 0.6403486816011044
-4, 0.24213178860141626
86, 0.3031698236593974
-97, 0.16966891994444755
33, 0.4096029431576751
-81, 0.5001426111687612
-72, 0.856411320371546
-26, 0.887911731410838
-93, 0.4090095305699113
28, 0.18302468033665809
-85, 0.6370852413948177
15, 0.299171856050481
-63, 0.6563118913771254
27, 0.7212719757551129
62, 0.9631714778524929
-82, 0.6025355164964618
70, 0.20725045158347732
-12, 0.8843101704523529
41, 0.8218316863905525
97, 0.2844274802613008
38, 0.13001649060348253
1, 0.16858870732052844
27, 0.4110547273296833
67, 0.654182388600697
51, 0.11242414409925738
-58, 0.48382601931084857
-99, 0.15003477084217154
64, 0.7144329628573414
69600