3700
45, 0.9360326508467938
11, 0.15699036331967897
29, 0.22325608079252712
68, 0.5809245617835974
60, 0.0008780532708765332
-49, 0.3618558241596074
-87, 0.23668117707026115
34, 0.227111334239676
-1, 0.9164227681021394
67, 0.6735885333258914
-52, 0.6173755266731168
61, 0.8089832872796155
-9, 0.15439223703229799
93, 0.546092241922273
-56, 0.16990832316896665
-85, 0.9195887225878903
2, 0.6485212870951498
-11, 0.6837551593139024
-86, 0.9526955313121354
-33, 0.21138196659595343
-38, 0.9832803644137962
68, 0.39276413784351505
-5, 0.8276822482506297
-54, 0.3664045599417356
-75, 0.344310788829548
-61, 0.8035824869872711
-10, 0.757261045076502
52, 0.7971886660054697
41, 0.5423782800724746
-50, 0.8027653990410919
65, 0.24607842631732768
-90, 0.8599689558144971
15, 0.27412503492167406
-61, 0.9874065825591223
24, 0.7043910772558734
-100, 0.7185053538079669
18, 0.6456947664363252
-10, 0.8679205245495907
53, 0.6341518928526176
80, 0.10751318784794983
-44, 0.5709423469064522
-9, 0.02103851170566995
-13, 0.8732042800706336
59, 0.7437069116990391
5, 0.4270714436340266
13, 0.8479918108443875
67, 0.011839466274769173
28, 0.8023869137116119
65, 0.23623994510834034
24, 0.3205517775473432
-96, 0.05515254128807312
65, 0.3969859621206703
-44, 0.2643020733380018
86, 0.5157461622528552
-50, 0.031907769126144236
-28, 0.3341461330768597
-15, 0.05354161859651285
-57, 0.7262832625362011
51, 0.5369008388511901
30, 0.8506252195983695
-46, 0.9758218996647618
89, 0.6713734310275786
3, 0.7441781846662768
46, 0.27978380821263604
-23, 0.5353202312539378
-10, 0.5997828592687428
43, 0.9163618718554115
82, 0.21194808785505126
35, 0.636280313624412
82, 0.7091260719760604
-79, 0.6365681353913119
-21, 0.7515083378760209
29, 0.31419501820986384
36, 0.44608504222530965
30, 0.4802379262762153
75, 0.07578395760026146
-87, 0.18733987661762241
-17, 0.4655097849485197
-38, 0.845109534501717
-67, 0.6663455463272648
96, 0.209098458918623
18, 0.6336338242574544
-32, 0.7752933896608201
6, 0.46039523536277527
-44, 0.8055578793133499
-21, 0.7585578289894934
-17, 0.07322669696697792
-53, 0.6860482034274479
-43, 0.7063745177040607
-87, 0.7058949730327103
23, 0.20085817876741074
-9, 0.15917915993233067
-10, 0.5531617865699117
97, 0.4311762420311883
-8, 0.5894322011400984
-29, 0.8737595448077048
8, 0.9703364754370013
-12, 0.17117045596147562
56, 0.12211904485867764
35, 0.5742937046144844
-28, 0.08864756830676757
-39, 0.5360733824919354
-92, 0.18713714777154355
-56, 0.940557246984151
15, 0.14525975978510985
-98, 0.683674917796575
-80, 0.6049387962616998
-70, 0.7879586891626074
1, 0.09301343744757506
-17, 0.10100484863950887
-95, 0.007627149659435117
-77, 0.347695558020624
-46, 0.637391929395162
-73, 0.9976114503666617
94, 0.0957066291722114
-92, 0.04274917349596152
57, 0.5080593210410211
-36, 0.2835450885512659
-96, 0.8316009022373952
21, 0.8828992644969128
-83, 0.43351837281797145
-44, 0.3879176290674218
-92, 0.6155386592612169
38, 0.15775771992445775
-83, 0.576805993804578
-98, 0.2076635783194919
-3, 0.7221452649281507
81, 0.6329289476088186
-56, 0.38611238612855203
85, 0.5728762664182081
72, 0.6547314928886844
57, 0.46084072701045065
90, 0.7240392087550381
56, 0.7192667424341888
-42, 0.8306203609917571
-25, 0.17814989397674497
-52, 0.2896759550207726
-16, 0.6409494675897345
-26, 0.015820075291328117
60, 0.2483690546713998
-1, 0.6523935842327235
-58, 0.7860678151720946
70, 0.1898839536469331
14, 0.3267449051531267
76, 0.4492756662334466
34, 0.12789893552412812
-47, 0.9228139763197134
-79, 0.9743277200167947
8, 0.5976987966541454
17, 0.7946656148745018
48, 0.5186601124182822
-90, 0.05466378032118924
-74, 0.276898423878976
-77, 0.4725660462536472
50, 0.5409576044024151
-83, 0.06212591832624492
-52, 0.14618441895168444
-2, 0.9382155675613549
-49, 0.9070213192887074
79, 0.19049300409542957
-64, 0.027724827637453542
12, 0.612787309952096
-41, 0.9125201353917156
94, 0.9821387338527982
6, 0.20361895591466317
-36, 0.19473305016824183
71, 0.6209811579359247
-63, 0.6829870946819904
-53, 0.8015282554789666
85, 0.7307355375560267
97, 0.42113598217787207
-47, 0.3231433683421365
91, 0.18367410959117414
81, 0.07380292932177801
4, 0.19444847033570423
-91, 0.20410856431620616
68, 0.9881839043337347
28, 0.6393888700928259
-31, 0.6967905615988949
96, 0.32290369306538336
-92, 0.6474536620154521
74, 0.4037005482344246
-34, 0.317899937212512
-6, 0.004983967171411918
-90, 0.7952076455050809
-100, 0.8906960658821644
-85, 0.023228344332669626
-37, 0.8184093137317444
-1, 0.16600613753276428
67, 0.8254958187183615
85, 0.31470267123546825
49, 0.07305606225422978
-30, 0.4796479430561177
-44, 0.009011125304765555
82, 0.5128699788119708
15, 0.5891781452047903
20, 0.2857342150132872
76, 0.12382948359274393
19, 0.25318648699630697
-41, 0.3078309297837889
13, 0.7356524340840468
71, 0.6212202334596281
-27, 0.6955698650614224
-32, 0.3407870516034026
-57, 0.055869823402203256
-72, 0.3417858877450808
-43, 0.8192606004790175
-88, 0.9109172015574283
76, 0.6660974233011417
58, 0.6833214442719052
90, 0.2249432745333365
-45, 0.2659018858791813
47, 0.13690272535384207
-38, 0.06746862279381416
36, 0.5132332270449713
-76, 0.5750696157321069
12, 0.9255552567691909
-29, 0.690492323714588
13, 0.41854848079627993
81, 0.8237030318261838
83, 0.20463738867407677
17, 0.9215040795549722
-46, 0.5725194267008644
-48, 0.7378840109916461
-42, 0.8112735211272988
39, 0.40963592020406825
91, 0.6677026770763894
-9, 0.018358917529269325
-69, 0.9091711417954391
93, 0.4281158116490309
-16, 0.648841524456896
100, 0.6185519540336863
19, 0.35083923021142616
-26, 0.026466875418742597
61, 0.776347645198254
-23, 0.9666006647253795
-24, 0.9727454595938929
93, 0.8959903183635735
-91, 0.245504407692392
-91, 0.7933875797735132
-55, 0.8836236730972028
45, 0.9408259743113508
19, 0.7649300563918633
64, 0.5202194311195268
2, 0.8799573721664246
59, 0.5328492568717011
70, 0.2867096056680618
-42, 0.8772890213404514
-17, 0.7574917873226671
-45, 0.13680797978381765
95, 0.40127036771126123
-41, 0.6021700291325992
79, 0.6849276157219841
29, 0.9233028901878972
66, 0.6438637236504718
76, 0.156908516757855
-18, 0.15497533010321674
-54, 0.7072128262427461
-36, 0.08983697114367428
8, 0.1145941455922671
95, 0.480072119338794
57, 0.7253234945039638
-36, 0.08145340929943401
42, 0.5583841203635853
-54, 0.8117656911735031
63, 0.7914069946888569
-91, 0.43042154657850473
-68, 0.13396954261331295
79, 0.7526907560665758
88, 0.6777018191549511
-33, 0.15568102212844126
71, 0.8356257640567694
1, 0.8916097980886636
-14, 0.9827051961726586
65, 0.8887142079517157
11, 0.5134470904545093
74, 0.7624267869803164
-93, 0.8139412659825319
61, 0.6131822729180674
38, 0.6571194117125064
68, 0.9689162735915222
41, 0.26544351107683506
92, 0.4826442561791491
-15, 0.9816915888975322
-40, 0.33234264465041796
6, 0.12730986981807269
36, 0.4085813995144656
-37, 0.22809229266416498
-54, 0.6874471079946017
-26, 0.17243046093827152
31, 0.36981662639626167
40, 0.7840202519536766
-33, 0.6256674305193425
-27, 0.496385007983542
42, 0.9481586245146404
62, 0.8586075391856772
12, 0.15134665770871836
-67, 0.5142494926769109
1, 0.6450851130589278
32, 0.6188447211301162
-93, 0.22414721369140955
27, 0.14105299783771674
74, 0.9527181074684489
-50, 0.29783368001782773
17, 0.580862693335532
39, 0.3355850472733337
85, 0.21886190892247193
-83, 0.7525253348345426
-69, 0.6466402140190088
19, 0.8279129859353153
-38, 0.21457689447366357
0, 0.09661412281265913
-94, 0.026000968426846738
-74, 0.726636620178003
83, 0.6676591854982904
42, 0.7923296816387547
56, 0.5294956032020361
78, 0.6365994702913962
22, 0.9958989384181332
95, 0.3721265203187252
46, 0.6198058835547863
-2, 0.6759751315337088
-5, 0.8950584046802403
-97, 0.6223580297031635
51, 0.12209334119224435
50, 0.467510188659944
83, 0.10198421411106806
17, 0.18070931801421353
-61, 0.35676465972086124
-63, 0.8771324103737896
57, 0.5778631017962443
-59, 0.7042432278063445
-60, 0.6232878916827963
-34, 0.531049732744649
64, 0.39698039646051686
45, 0.05880419738944509
76, 0.22231884056406592
91, 0.9642759543842612
-92, 0.33862069504380277
-4, 0.30069378701007365
-61, 0.2690639078067325
67, 0.4586518324445519
42, 0.6980686879795907
-90, 0.19968126124738783
-93, 0.15875110343453014
21, 0.04411274177493074
-2, 0.8459179304814715
57, 0.4925130986955101
-24, 0.07678128425905328
72, 0.883930733287748
-15, 0.27569164655668643
18, 0.6261762283052588
-11, 0.2675822591655289
9, 0.28932922877090284
68, 0.6660877174701946
46, 0.7421431348635316
33, 0.8297616383852918
-37, 0.8575696626943514
-48, 0.9694345385167085
-50, 0.9345069303201269
77, 0.2584948270629195
-55, 0.46388067872596794
-67, 0.13346275657715623
-18, 0.45440307205597363
-50, 0.36157080564453103
36, 0.8550355110417761
74, 0.6519290165377438
64, 0.3593985050943861
-53, 0.3626327210885797
-73, 0.02615906481395569
18, 0.4506451384046546
33, 0.542543063327037
91, 0.8967066440295726
-12, 0.9545707846488439
85, 0.6194610299682244
-80, 0.508985720517001
57, 0.0011966633216154987
26, 0.13127433118551968
-86, 0.29765446216873004
54, 0.3945427815250707
-53, 0.6621815761004284
-21, 0.8290345817870675
33, 0.4470426605386185
46, 0.9174692449217273
17, 0.5541786930555478
-85, 0.9844048123335415
-33, 0.3321393474233211
-17, 0.27733581212995406
57, 0.6924406648942466
-77, 0.25352061095975764
20, 0.9613974589209051
34, 0.6900822348697315
-15, 0.8662366801786103
-90, 0.16102506063793265
83, 0.3885133389129827
-52, 0.7154486641660932
-16, 0.16557170694293655
-17, 0.3915227573853405
-21, 0.17143675259570323
-98, 0.9364105410511955
-43, 0.3405432813165413
24, 0.17182865911445555
-50, 0.36211575340827185
-36, 0.7071210740468086
-79, 0.8964823783703415
-69, 0.5102234510649697
13, 0.9040525163089279
-94, 0.8012062031913726
-44, 0.745638891454292
41, 0.5139547040984696
-73, 0.6788484657525701
-97, 0.30401287426410717
-80, 0.5225976817015648
69, 0.5109278065554012
-64, 0.5859135846406917
-82, 0.977539040384828
45, 0.7443811634197395
50, 0.41247121111321794
-20, 0.08774119281791148
-73, 0.4974822610145119
-58, 0.2610248785846758
69, 0.4901532587318913
-68, 0.2539217334055385
-67, 0.4136203956386786
35, 0.4784346666162558
75, 0.38717400630446597
91, 0.874332362098406
-83, 0.5229316454640768
-43, 0.2864134223224123
92, 0.24800593302071794
-32, 0.38705272482032604
29, 0.12851391316145078
-5, 0.7531048558020517
-92, 0.44019542358238295
54, 0.20317519091089442
-31, 0.876959510515326
27, 0.22365363631630053
18, 0.7192690371955478
84, 0.7572016686093144
-94, 0.9253518140542473
24, 0.7976146936360752
11, 0.04619060774556982
7, 0.2831645933510447
-42, 0.47653436500737567
25, 0.5778620599868136
78, 0.18914547026269735
56, 0.915524084892055
-43, 0.6336501149220911
82, 0.4590177968443758
-10, 0.8870896809909625
-26, 0.6836073568739706
-48, 0.9954357826290116
-50, 0.18971654540083094
-39, 0.4629572541635998
18, 0.3990078403714644
76, 0.14969008963826735
17, 0.16549251995642578
-59, 0.13724138536576524
98, 0.02011445657036315
-40, 0.41757041579340526
-60, 0.917960492866516
32, 0.9345284252158665
-77, 0.11249458117233901
71, 0.019896496870434266
-98, 0.7820661700182032
-96, 0.9870241551267879
-56, 0.7004068444790599
58, 0.08145040398352721
-24, 0.7704774154584518
11, 0.10518879816350568
-8, 0.5277159049921865
37, 0.16303439030577604
-9, 0.04202566371579153
-21, 0.30585326001801094
40, 0.2771885452893892
27, 0.9877646632581144
60, 0.8585642884814872
-85, 0.7263539620262439
34, 0.6510840403573784
-55, 0.4033085050927958
-77, 0.16901149286560824
34, 0.7038557120467075
-9, 0.6623977096423356
58, 0.5606487878150026
48, 0.8020659553859661
-39, 0.8476853387038458
-15, 0.48217063330483567
49, 0.30370722538270045
45, 0.44504309459626756
-10, 0.7818566476759524
-94, 0.02204408516401357
-35, 0.6560852641718006
50, 0.5014324147607856
-4, 0.8963579018237731
-51, 0.5202578370921915
21, 0.1175529912083676
-9, 0.8842808508380745
-62, 0.6182655813417991
-60, 0.13302895898969702
-2, 0.7965156699044035
-23, 0.4913902145697844
1, 0.12587807945710416
21, 0.34704801277664554
-42, 0.05301180283314111
-8, 0.06582907410161065
24, 0.2625756336495578
11, 0.03656125028702606
-60, 0.6304311811277706
37, 0.8673023522466922
-97, 0.8076140486047982
-18, 0.2412217746821569
-76, 0.8288473513704724
84, 0.29142083778160766
77, 0.5278454286960894
74, 0.32628062652256595
-68, 0.7056989919886928
90, 0.8744249609192861
-25, 0.2704145485160281
54, 0.9719780680154023
64, 0.47419080970652494
-39, 0.06288638007045633
98, 0.785765247398061
91, 0.7175983322629027
-14, 0.16279954398033247
-92, 0.2811598309914983
-88, 0.337672315761514
22, 0.34531562732108734
-29, 0.4676212099040524
-52, 0.28522997522141325
-12, 0.7090705716630322
-85, 0.6086509155332054
-27, 0.8999207921383765
94, 0.08891035834156924
-52, 0.22946455456720294
-80, 0.8543040700756299
-67, 0.6502079344870041
-74, 0.3381516979874183
-8, 0.6765619720590238
35, 0.187086967725259
90, 0.38359344996177436
-61, 0.07955581304834636
-87, 0.15075587851014316
-61, 0.24544017355508174
4, 0.9258878148308262
-22, 0.8085114920227349
48, 0.012729986184674358
10, 0.45293637052045865
-9, 0.8619415851838256
69, 0.11656910595398162
81, 0.08493711162876583
-64, 0.35848409218036503
5, 0.6876566373063036
74, 0.11491669875104082
-68, 0.30843458854635564
-4, 0.9117316647730359
51, 0.9367437572614767
6, 0.9650614913964907
89, 0.8850311850598797
-57, 0.5836938615317067
25, 0.5793710944985405
88, 0.3136615970082173
19, 0.5529896474056871
47, 0.4422540898682462
11, 0.015159381128674765
-63, 0.07128215590340592
-80, 0.1707928077929639
-41, 0.38752663930730324
-63, 0.27976038381018853
-73, 0.909349826791168
34, 0.5225870795892689
-76, 0.939077094192687
-64, 0.8875510964146095
60, 0.25991014422795344
81, 0.225079406987313
-28, 0.5363423214127462
-79, 0.299755864920651
46, 0.0329232759805983
-12, 0.07712757892818178
-10, 0.5340329842520746
97, 0.1405489827650076
27, 0.38896844521740925
-65, 0.5734053460391907
-34, 0.4036349979766073
47, 0.2786093922029188
-67, 0.23673916019343944
81, 0.3454163864946078
-87, 0.3915211822175796
16, 0.17804898570411487
9, 0.34415889835231883
-25, 0.12236209354939898
81, 0.5149050851871835
74, 0.8812691261331032
-81, 0.19565063480610234
-32, 0.284943612858392
76, 0.5474902001609779
-72, 0.9696805890537146
54, 0.25300510365413154
-51, 0.8680832309312931
-85, 0.7121342630413332
-72, 0.13019308008638952
-16, 0.9649607965378533
53, 0.3938498796021366
-66, 0.1904995219564699
38, 0.695175176646667
39, 0.29286766733528213
-55, 0.3622253757302074
87, 0.32061035291825957
-25, 0.601966562691844
-45, 0.11670085802812169
45, 0.6591119389591977
-15, 0.03330333790821716
-45, 0.1112487672103748
-40, 0.2663935359451376
-10, 0.31169199690806604
98, 0.753905265152209
26, 0.23791889850289605
72, 0.7363884122082266
70, 0.39579738358001004
-55, 0.8384175272673714
94, 0.8942698946286075
-30, 0.40676874249041883
-80, 0.9592003756447088
47, 0.300725351003548
-54, 0.09659652221777715
-5, 0.3848207947206842
53, 0.885144742830751
-16, 0.30043911881483354
-10, 0.36310358339441995
-72, 0.10824734494773736
-24, 0.24380104711585115
60, 0.9233250643917238
99, 0.8046336479689351
33, 0.20044745501645278
32, 0.6458811719495049
-14, 0.5669347339528188
-69, 0.6587886777113031
-10, 0.32525949865200265
-38, 0.9282123397707784
-86, 0.4414371411015331
-23, 0.5974164248571269
-86, 0.7074561145475489
58, 0.9768641081420584
-96, 0.058557016294666364
74, 0.7268045517330527
-61, 0.31595373314486963
-63, 0.56023276381342
-5, 0.34998989142807957
-97, 0.3379475079602082
-47, 0.8142987360826233
2, 0.08043951388132942
-56, 0.04819275359410724
39, 0.7176298659792081
39, 0.46039022438767996
-38, 0.0695651255633365
71, 0.9552741927921515
86, 0.6587860442618284
-70, 0.9224936812650797
83, 0.607676159149763
-42, 0.705238783400076
-43, 0.9300217790289167
57, 0.2933470233667236
-28, 0.8413083628047467
87, 0.1803947746162997
-89, 0.17110533014575757
-55, 0.02090562910092275
-52, 0.25474024671386575
94, 0.2800080984068485
65, 0.012966249509491767
-79, 0.5492832571640155
18, 0.0343897959266074
-77, 0.35157525622929875
50, 0.15202947971248448
18, 0.48091202661209553
-17, 0.3701967254412254
-17, 0.595810902918448
67, 0.09919929387417648
-36, 0.50534392475924
92, 0.8380537365297037
-25, 0.4889105185675422
-61, 0.9214888068224806
-24, 0.25917186118536617
87, 0.003613717145431461
-11, 0.4780013631101184
60, 0.04905542753414538
41, 0.509696041062017
98, 0.39489274198644153
5, 0.05723832927328443
-64, 0.26749445344637834
-11, 0.9137067988975346
6, 0.16914405717014058
68, 0.0751517458901263
76, 0.8708239986523387
96, 0.5196835871838117
75, 0.3749009478570008
-36, 0.686229420597926
78, 0.02465883021594928
72, 0.25933389611521485
-93, 0.7941265663243642
63, 0.43593445623925065
38, 0.415538315380823
-91, 0.1046237243654321
50, 0.4073771750142541
-84, 0.40424799092543195
-38, 0.47600964946923874
100, 0.9739249927629571
54, 0.6898194367762444
-63, 0.8158320393185406
93, 0.8164964256228513
5, 0.33889066378466237
-100, 0.39087615150169075
28, 0.9008337242769058
35, 0.7444798391636573
72, 0.588481529136484
81, 0.3346863517316728
52, 0.832045314030768
86, 0.2908491528987751
81, 0.6759751238043821
35, 0.7467733202154963
-38, 0.5356033922607369
-45, 0.5853698026517675
53, 0.3647966123421996
-71, 0.5507459970553805
-92, 0.3367269393707053
15, 0.6223603256101328
-28, 0.15767828916963955
-9, 0.3814105560032036
97, 0.7377049022954948
-68, 0.3954291601163231
24, 0.0923249230849379
-30, 0.6681388183637944
7, 0.41857025401542136
99, 0.007357764780507425
26, 0.7605153695299514
-94, 0.41679009268475653
-69, 0.9309499392926557
97, 0.6051454808186991
45, 0.4156424989078723
-23, 0.6217044907842494
-23, 0.7128267288690348
76, 0.9396784516662161
-13, 0.8592428427880534
70, 0.7094385094414223
88, 0.7960987285286881
77, 0.28663525309691695
-60, 0.8659887986340584
72, 0.10948629341901606
85, 0.3405751299087535
-28, 0.8455502871104091
-89, 0.32973788082735933
57, 0.3386481926950472
10, 0.3291570048193837
-15, 0.8447473646878414
-7, 0.12658187274230803
-65, 0.3216509529517446
84, 0.43899677756910993
-48, 0.99040853355733
35, 0.9886299472377578
-8, 0.39223736989387126
50, 0.17207293942338242
80, 0.11857023310001313
5, 0.24093199240272667
-17, 0.6589297745344693
57, 0.23758133048674124
21, 0.7257399356638893
-8, 0.16625732288706108
-39, 0.9025678406604208
-58, 0.9899097652216143
59, 0.4799618069787911
-50, 0.7638527444335634
38, 0.8791515143965402
98, 0.18710840169333331
87, 0.2902583431963064
7, 0.9061677777312228
16, 0.7684365870799251
-34, 0.7614381673007594
91, 0.5364118481005843
49, 0.6011775591894087
35, 0.5242924082078446
82, 0.23592966023543316
67, 0.8056410765394664
5, 0.01301728803471447
-96, 0.653839842718719
-16, 0.3039514713742206
-8, 0.38783372216530865
-8, 0.2639496857574638
-46, 0.13340096658684986
-71, 0.33632203265031146
-52, 0.5160160450220774
87, 0.1604084128096236
26, 0.5574908951975475
-15, 0.758537160864052
-14, 0.08332462740690971
3, 0.4176830817568793
-82, 0.9023929499816573
-90, 0.401797995383841
-86, 0.6286519210445228
42, 0.28574261142086765
-37, 0.5194129148718809
67, 0.4085847779508174
-86, 0.1433257159193847
-49, 0.7538222350328609
-29, 0.9272345263150542
-53, 0.2493692108168999
76, 0.9461768168217282
-49, 0.8055314411165861
62, 0.9215444913829524
10, 0.09180394676311232
-65, 0.9172829971322153
-2, 0.7614721318806197
93, 0.14991211350196587
9, 0.17454688617695657
-11, 0.5517487374483273
39, 0.9420636703563965
62, 0.5013248021753239
-72, 0.6339814121579469
47, 0.012180149578048027
-81, 0.45040402068639607
-95, 0.5217060249796177
40, 0.7483785825551339
93, 0.09779373464368402
58, 0.37005230075774354
7, 0.37444738428409075
-37, 0.5568511871145695
20, 0.9653528978278811
57, 0.4304358280029381
28, 0.3785683420967416
-26, 0.3760148726884258
-89, 0.17057627765818073
82, 0.9302305686625619
-10, 0.23675009770558253
-73, 0.8040440194000986
63, 0.22310024245065374
-19, 0.8111112930297233
-34, 0.2745708213894509
-1, 0.4511846247891742
-42, 0.4758789789300666
60, 0.8980249426544564
70, 0.2377591845922602
54, 0.2967320874083127
-92, 0.7182790992168945
17, 0.2515888887745463
-13, 0.07033516185550703
55, 0.5000358211853747
-40, 0.7121590112680641
4, 0.12723488858823262
-13, 0.8588831456717686
-6, 0.08015686869047411
-90, 0.642907969122416
-12, 0.8572156027833808
33, 0.6249281356473109
-19, 0.020699215723905096
-6, 0.9036818496513809
-74, 0.6673154614630982
37, 0.007515011239870528
-46, 0.15698751812321465
100, 0.9050155712386906
-14, 0.3692911560802947
60, 0.18683289120680802
100, 0.8664185958221777
18, 0.364892302028094
-68, 0.32887170321563264
-44, 0.5289363007075618
40, 0.6083269985625737
53, 0.490729220672946
-84, 0.34804225390481625
-4, 0.12704501444556737
-18, 0.8308081077262168
58, 0.07255533672525771
-50, 0.3897514606138217
98, 0.3571109572803991
-3, 0.0659977278907018
-81, 0.886225473087947
100, 0.8108368362539671
-88, 0.9543874263056803
27, 0.4722572443406472
-56, 0.975127682536777
-79, 0.8912074275464608
18, 0.671109835083681
-26, 0.17058474318756134
-76, 0.9599481244284399
-19, 0.3049145896516813
3, 0.0804064370730414
-66, 0.375968480243693
-3, 0.43862737225184534
-50, 0.04676461781840513
41, 0.31102802943383556
69, 0.6483253411553184
-49, 0.48095300986362177
-76, 0.7305981738112748
24, 0.641704664129543
-75, 0.6390402165839558
-9, 0.8627119413719562
-57, 0.6565289147405957
-79, 0.9947185078327173
-41, 0.7128424985279957
-41, 0.36308741819983703
-95, 0.234533954341962
-70, 0.48416730418139486
97, 0.10171571696350967
-84, 0.8843339082995616
60, 0.09043080548219606
64, 0.8091114581909085
35, 0.5355608240224158
32, 0.4881945394701701
36, 0.7920182358272023
-46, 0.22461546622332795
26, 0.8263474871221088
-10, 0.6812139636314691
-91, 0.008993274684204855
8, 0.7473625502864801
93, 0.9340367650229208
5, 9.24127750399073e-05
75, 0.7902790630373311
-96, 0.17541721162890844
95, 0.72507184752275
-9, 0.880062592440421
73, 0.3191879098305126
-46, 0.05923949778361359
-29, 0.7484303267355467
3, 0.7525012147598539
97, 0.9277376551003135
75, 0.9239127780856525
-67, 0.838193745785795
-67, 0.16497191199525296
47, 0.8046475932851404
-17, 0.8744218054216545
-87, 0.09166796032050328
-38, 0.4719645107748579
37, 0.3754854669238751
96, 0.9183931790243228
-21, 0.6671102983572761
55, 0.5873179330310818
-43, 0.7933300363673282
-36, 0.5031033410104279
87, 0.3638499116737741
-67, 0.42058255413986934
-94, 0.1812958515612938
13, 0.848088218894108
-89, 0.7697351951178213
70, 0.6953007300657047
29, 0.8802719672544727
-65, 0.5394296015704939
38, 0.9584571799505281
42, 0.6183869903431405
84, 0.03718664759693735
41, 0.15448550043873377
95, 0.5281009291469103
-83, 0.4130495543885595
50, 0.42910850235055253
21, 0.0895510431044465
76, 0.2776537799597214
58, 0.8819933348726431
27, 0.4608449658963437
-21, 0.471074311683781
65, 0.9230052582926068
-30, 0.4316176964052867
-37, 0.1857215515480003
-99, 0.7554427942161852
-24, 0.8204804741581321
-71, 0.29355923869947054
-3, 0.33961460634149276
98, 0.5526431126995514
66, 0.9303366434167486
-20, 0.0865134377781861
-94, 0.19767670071426424
-52, 0.33420826229515943
49, 0.46431503868067925
-23, 0.8662372352320248
32, 0.9455521956096957
-40, 0.5903656494880775
-80, 0.35891976977838125
65, 0.9354414256319193
-94, 0.3000202718303272
4, 0.028365846841600373
95, 0.7404561406692514
54, 0.24526436827919074
-29, 0.7184503001613846
22, 0.526709921230341
-85, 0.43925157784874913
39, 0.7108518279131
-67, 0.6268927468781625
69, 0.45189520452361176
84, 0.20006429223586797
56, 0.9757602004478538
-81, 0.25977383688369815
85, 0.3532365025915941
-43, 0.758304338456628
34, 0.6820761246018276
-68, 0.5439825326617753
34, 0.7806708160451047
-13, 0.8239090816198258
-75, 0.08791283699262387
69, 0.4110740471830534
77, 0.24221368013006184
52, 0.925479455716109
-94, 0.4993013988538242
17, 0.4283226978259098
20, 0.5247299693415745
-97, 0.31207773959242036
-80, 0.1076770025980528
51, 0.31293135662621396
6, 0.4497478566377071
33, 0.32183022657556215
48, 0.6946337591887016
36, 0.9162201856454505
-12, 0.7974648215753365
81, 0.590909942569395
89, 0.8585166226038524
63, 0.7085463658631155
-84, 0.6164084321401736
2, 0.6605079781882116
-76, 0.6385095074340936
-91, 0.31223679349749267
51, 0.5470764645541818
41, 0.41220614895519614
-34, 0.27478344212245365
61, 0.5701237772603001
-81, 0.21820939734957068
24, 0.19861551811873845
95, 0.7703272902126762
71, 0.019823538540970298
-29, 0.09112983016606269
96, 0.7732620655789291
-34, 0.8471302371881264
-93, 0.3213757138274671
92, 0.5093482381896064
84, 0.2960155997811581
87, 0.1786509082770743
22, 0.45833716081932785
46, 0.26739666751894486
-59, 0.10441071975264704
-35, 0.7414322760821768
82, 0.5986197197399334
91, 0.7577132522678572
57, 0.4724754818175061
72, 0.07181979369660074
70, 0.9554402303533062
-98, 0.11007448420963295
-51, 0.656485668565707
-52, 0.8975796308140948
83, 0.4904192949660715
36, 0.12704519296314098
-88, 0.980664291396895
-46, 0.8473584802811487
37, 0.7953632578843712
-6, 0.7369525422806861
39, 0.4553734240105015
-15, 0.14892904651156724
-36, 0.12139436835542872
-80, 0.9303201547962842
84, 0.7748567916537041
17, 0.27054820468889873
-81, 0.20811885580592626
-24, 0.361528647811042
-40, 0.6323961443370444
9, 0.5260129485826727
51, 0.38029804633105346
86, 0.06531278072057767
-46, 0.5165044795977511
0, 0.053826430246442736
-80, 0.001518888594580381
-39, 0.66921788940198
-44, 0.6481634569934303
-10, 0.5341475557108025
33, 0.06677866857365689
-43, 0.9421440079180178
-43, 0.8923278364656156
-39, 0.9714809212636596
-98, 0.8211955623018276
82, 0.13945824177290578
80, 0.8690296289305282
-12, 0.8632031598540947
-78, 0.7661258882991115
-21, 0.29624304414357316
-42, 0.03165661116699636
-93, 0.9458155740925502
91, 0.7248922464102053
19, 0.7229104627170697
46, 0.9274878117286731
69, 0.43136198642655166
-94, 0.9484418998359343
4, 0.09671173098030494
-2, 0.4942863595474888
94, 0.6261179541492007
93, 0.3774783711852361
-47, 0.5142599066030037
63, 0.5844103802077545
-62, 0.3092102946233519
56, 0.8208635406454594
-77, 0.7212256691958788
-63, 0.8253515359340134
-31, 0.3687694386377983
-22, 0.8805035252746825
-56, 0.18986909027006638
-54, 0.6136311555028217
-27, 0.8402857177786505
36, 0.13898113403190537
5, 0.45934817093138103
31, 0.8793829405396683
16, 0.8067373946229959
-8, 0.9123779470419611
89, 0.9035715145389606
-53, 0.04022736310019803
71, 0.16450756556897672
-4, 0.9282197556299667
20, 0.1586997302832429
92, 0.21817652714185476
-50, 0.9440666802932639
7, 0.44279349117746625
-68, 0.545225395327036
43, 0.7549395140116733
-10, 0.5779640589832893
39, 0.6199068986410701
17, 0.5051641541998351
90, 0.8146563808970321
70, 0.6235623135906053
-67, 0.13540894399420422
79, 0.2859320500265241
-90, 0.6754136186695717
98, 0.7598107391316772
-15, 0.5012165415817009
-46, 0.2778128075790526
-53, 0.006206389661533196
56, 0.37900680002886056
13, 0.9042418854396774
78, 0.1380947121408217
29, 0.8328054235744651
77, 0.9524278430050139
4, 0.8067693760514812
-96, 0.7528207900169994
-40, 0.5389445813324124
-16, 0.8855088546445696
-9, 0.8356642842691134
-81, 0.7840361616128166
-35, 0.6343713142548888
83, 0.804548239562965
-92, 0.32676187606338036
83, 0.9205334924667091
-75, 0.28071462014344395
3, 0.26499661181126166
46, 0.4013786690293165
35, 0.7638931927928032
-96, 0.7227620545067646
-3, 0.26941951371272355
-29, 0.9790207286295886
-85, 0.22176491343804927
90, 0.9907121492155202
81, 0.38021730818470567
98, 0.30248572992996614
-84, 0.45448392552055983
-43, 0.8444307642245522
91, 0.8510093697667779
-30, 0.3078099093702418
-78, 0.6820313263735834
-19, 0.41149275839778354
-5, 0.6843714581534972
2, 0.6666918766055218
97, 0.8000198725012986
28, 0.49521981945292204
47, 0.16615055435005266
-46, 0.26511076391581834
-4, 0.19826297129497383
57, 0.24332911724158435
-73, 0.58484119028298
-43, 0.10413532657744251
3, 0.803117423188336
79, 0.8416858575806904
-47, 0.0007084705747859577
55, 0.8289760740465054
-3, 0.05637932140965951
78, 0.026547566421638913
74, 0.2954714076303966
-70, 0.44812922542960476
-60, 0.8658734895256469
-11, 0.21907272204509753
85, 0.1304990622680149
-37, 0.4826555410876291
-39, 0.06188104744605638
15, 0.10153240148365228
40, 0.7860860718901437
-78, 0.054230121351010574
79, 0.8893396770598478
-94, 0.45500433659352246
21, 0.4434680343652252
-15, 0.26803409423446023
-61, 0.42403139050342464
9, 0.4787814672456331
93, 0.9266619123184541
-77, 0.7587304699535653
73, 0.6141780743767925
94, 0.9383914607138933
75, 0.7933769410543836
43, 0.259946678835849
61, 0.21815832121482204
70, 0.2556264295457723
32, 0.6519990910101404
-63, 0.8659645659112151
41, 0.8619840483069522
88, 0.7027894480711399
94, 0.5754469187036916
-39, 0.9013145863342634
33, 0.46731140191049314
-92, 0.5138280777667645
52, 0.43585633806481217
3, 0.9901755299046908
48, 0.8600085333176296
91, 0.24601329041232323
-91, 0.7686259838449352
-39, 0.0016425490947270527
-48, 0.4570565282784985
78, 0.19889677984987675
28, 0.7517296062368692
-26, 0.8831545289862142
56, 0.4241603049990256
27, 0.25942960685212135
20, 0.9093032390416693
54, 0.7265336862600723
-24, 0.2319523953142002
-54, 0.7174770106428716
-30, 0.8892874868768986
44, 0.5960253567487821
2, 0.28348832581114947
86, 0.6413050700348059
21, 0.3798764512684406
83, 0.4138709727298767
18, 0.41537255270473517
68, 0.809208953365293
-80, 0.23524366126759721
83, 0.8416573823250251
71, 0.6529229038701967
-18, 0.9038624179664861
-27, 0.8247330305098174
23, 0.8440758329933066
-80, 0.6045147783404944
-27, 0.3501267025566448
20, 0.37211649835497607
-61, 0.0984081509007757
-16, 0.4101905919565093
76, 0.9241580144230338
75, 0.40819533213072257
53, 0.10626486776996891
59, 0.5196031022316571
27, 0.9063078809812088
-20, 0.7832293414138594
29, 0.01646269941459566
-92, 0.6146357932511101
40, 0.9266178717600195
-68, 0.9629240585162431
-75, 0.9030961504164685
-34, 0.8272650092370708
3, 0.643834380333539
-29, 0.7656914881589632
-75, 0.4904824305156016
85, 0.47657398669374007
36, 0.21566406948215067
8, 0.8749807666363995
-13, 0.01420889733771924
68, 0.9278332911055609
-72, 0.5302480616328042
30, 0.5711160752334136
-93, 0.376433423417733
-79, 0.8213533356386934
97, 0.7333181818622861
54, 0.3129204532178218
-9, 0.7615606125386007
-42, 0.5701914974203034
-15, 0.6573678159461201
15, 0.3634095267695687
-58, 0.8957430101075519
21, 0.678672776079067
-44, 0.36744321165992877
-25, 0.9862625568938325
-51, 0.15067042099293682
67, 0.21588809760510785
63, 0.06120806510997423
63, 0.6933392476610865
47, 0.66024550240151
-51, 0.5541058166049616
97, 0.9245549011392175
86, 0.5780043558967226
-96, 0.38709024545396786
79, 0.232312919936966
-15, 0.6424282999228988
55, 0.5981100417158477
-28, 0.5491881034617471
93, 0.6396837038816703
-72, 0.3762917599344874
31, 0.9519177639444815
87, 0.20957240414010336
-68, 0.5753070757434691
36, 0.7305571875895248
-29, 0.6913412788395515
-5, 0.29928061403710216
17, 0.7454480223969165
31, 0.48425023867143346
82, 0.06740332742558519
99, 0.8886820659154647
32, 0.756913277630889
-53, 0.7639382418288677
94, 0.3112205581134626
-73, 0.8002211491914394
-59, 0.7037078080329312
-49, 0.8699870984421048
52, 0.18835109786429693
-34, 0.6973528211108418
87, 0.15742502554753857
-44, 0.5378878466726728
-93, 0.7431081527101798
-76, 0.4318237967812988
21, 0.5055149632590622
-100, 0.9105227532602646
4, 0.8802010818113486
-92, 0.49170036416807905
-49, 0.11597831068535003
52, 0.49394673914786325
-30, 0.0668344726354938
73, 0.22165839900321638
15, 0.022648904164605965
-71, 0.34456350831138505
-45, 0.30664773855245153
-15, 0.20094309026380364
97, 0.09636273481584612
-6, 0.3483485140285879
11, 0.0003361766044460701
95, 0.11577999297071684
-37, 0.01856598423685818
-1, 0.11224740301779546
50, 0.46229184719215577
28, 0.29776526495020994
-65, 0.6698076894791366
18, 0.21252120001923835
-29, 0.33642079319633944
-78, 0.6698401740337047
-59, 0.9209395279574876
-52, 0.09304128307008885
-37, 0.5244832879481508
-54, 0.13303541632992455
-92, 0.8162547286431949
-93, 0.21071069367753525
20, 0.3234463845884612
-37, 0.3079751097888984
-9, 0.6591493726113666
-10, 0.5602043222374766
-94, 0.2882559506762633
100, 0.8783268851740786
15, 0.8503493098731439
79, 0.6510217612598382
56, 0.516479534256026
-41, 0.5312198156056868
-90, 0.4876483586405974
16, 0.7750437601014843
78, 0.5905449578281328
-35, 0.6236529692723648
-51, 0.9289107736663237
62, 0.4056535422734503
-71, 0.18386891794937676
-88, 0.8787446379818524
67, 0.14205752516514902
87, 0.08302951822966431
49, 0.2906517707156161
96, 0.27196475103890894
-38, 0.7829438806912195
45, 0.1262145167261517
68, 0.3615831877647344
49, 0.8246887925936905
60, 0.17972813441359392
-80, 0.7089578054174186
88, 0.37394783148940747
99, 0.7235472229591706
-29, 0.7171271436903804
-60, 0.7406229765520058
-93, 0.5114456170168762
-34, 0.376764100103657
-52, 0.5494491149555014
97, 0.30964190018666204
-33, 0.6727509522341345
-18, 0.8579790827020979
-84, 0.6474174630062648
-88, 0.6978746302951192
89, 0.126871700711377
62, 0.6271579544671968
65, 0.021572343717083053
70, 0.04403065089398284
-99, 0.27403162279384286
-39, 0.03436496230600283
-10, 0.3951159636430557
1, 0.5005329045354057
-84, 0.17069481238808315
-27, 0.16670425753935691
-30, 0.35920489005703604
-8, 0.13843051476641532
19, 0.7033005125202124
-29, 0.8094234631332766
-59, 0.7618201002243363
-8, 0.749826568070594
-20, 0.024721332555953768
-24, 0.33912721532729806
-31, 0.8149442623790455
-96, 0.4729104290809417
52, 0.5032223622786287
-98, 0.5233224480015943
61, 0.022183851081296835
42, 0.6552823167075312
-86, 0.7849532616264835
80, 0.4361057406226495
79, 0.8347937552321862
76, 0.941545428673702
-80, 0.24564453277060172
68, 0.2716231956279065
21, 0.32073861793309644
75, 0.4481914522542836
-17, 0.8779052138671437
-13, 0.530713292485751
-45, 0.7275292509320017
-65, 0.6726386023867633
8, 0.20282651986723121
-19, 0.8305880400590964
-27, 0.18479367446679296
-75, 0.6415041779241618
-6, 0.019751660393427906
88, 0.1602715905530141
15, 0.7773049115752395
-11, 0.04188301134041694
1, 0.4978795871846805
15, 0.16966278637735388
93, 0.662697247100816
-26, 0.026356505849128076
-31, 0.12325703153267709
88, 0.7663381657967512
61, 0.25807618061771787
100, 0.6808446566855542
-92, 0.7814440636406373
48, 0.7347155772529078
-77, 0.9943219038621979
-71, 0.7314875242688751
-90, 0.3828639217557166
-77, 0.3695213311006229
-7, 0.08955206534212468
-74, 0.4932488333198125
36, 0.9136512599451522
38, 0.182666307594619
77, 0.6343514985025483
97, 0.7181243232808591
-30, 0.7264722976792621
58, 0.7836734303802393
42, 0.6702003179631842
-44, 0.19098268137060725
60, 0.324747231066145
74, 0.23098279630227314
-49, 0.1009888643359933
70, 0.881958681454958
-84, 0.8125348210694239
-30, 0.11224538227605907
-17, 0.8478344019631306
7, 0.5298635242629702
49, 0.2628832628394948
-27, 0.9374729398805004
-13, 0.9812093329466176
-96, 0.5122665501997308
43, 0.820345638835474
-92, 0.85871305383126
86, 0.005785095304814636
52, 0.7106400918937925
22, 0.9567070416621459
-85, 0.8964603648431783
-8, 0.6601325608537679
-48, 0.24153905283385746
-13, 0.8298942514972586
39, 0.17291160074669143
-64, 0.30773450795910084
-79, 0.05811290617958087
6, 0.22238159361542909
42, 0.5489332376142868
89, 0.32667827211307854
-56, 0.026698918088319812
-9, 0.8925670984018805
18, 0.04991126822793601
45, 0.8054153267592574
-85, 0.3078285744039052
-63, 0.9756169645152192
-44, 0.11378886306688885
43, 0.9942607669568284
-52, 0.6645836758103056
-89, 0.7022672399039793
-47, 0.11953276590268869
48, 0.6773079099939049
3, 0.8589012906467807
-63, 0.3504253452848992
-3, 0.518638381151832
53, 0.9645693394341858
-56, 0.9961800169913041
-40, 0.7671472838771097
-55, 0.5693263564365478
-44, 0.5776999932948579
86, 0.2876977169888748
81, 0.5749877874002141
-64, 0.7156654998588647
75, 0.34777244310936395
16, 0.6247651226935116
44, 0.914623203243013
44, 0.2376339515670034
-15, 0.3695406385293767
85, 0.39069630507157027
-84, 0.9441709346127047
-79, 0.3760696648132522
-7, 0.34927474232157074
-17, 0.14764691984776823
100, 0.7511424332434444
34, 0.24468496058300893
52, 0.533390619022171
-100, 0.5705807522566007
11, 0.15835058023154047
24, 0.7514511185713392
-27, 0.81325700548858
58, 0.08898112628447097
87, 0.38745720706210196
34, 0.7101523997761957
-75, 0.7073472706653232
56, 0.18597133359659124
-97, 0.39383677186733934
-48, 0.950885396091833
0, 0.034470624310114606
93, 0.2689085279004989
48, 0.8500017230093653
4, 0.4755460926001558
49, 0.06039751113883074
-31, 0.9557337965402092
-53, 0.4905769504790668
26, 0.8207569316436759
22, 0.41523026465487234
-77, 0.9681763169100989
30, 0.5999401976789225
45, 0.658845929029704
-16, 0.8551935796593159
-80, 0.798946183348907
-8, 0.2159849594775185
-30, 0.3018474386097795
-66, 0.9532303645888851
-67, 0.7039172235106105
71, 0.07307356220564143
-37, 0.8948644662944459
-49, 0.45753542352804843
-30, 0.7114187363023085
-82, 0.1310327838544154
-19, 0.024654352593814433
85, 0.35254815341677825
-78, 0.12145075955404849
49, 0.2266173750908428
65, 0.9174837658420582
-64, 0.9422703279769529
73, 0.5111596207526825
100, 0.053983239763647606
4, 0.2980878777033953
78, 0.42133766134537454
81, 0.7008860728413709
-65, 0.2586517720970759
-71, 0.9879705932672144
93, 0.23117783547055482
-33, 0.7889627881686285
3, 0.31136847689157987
23, 0.5894511793433256
-49, 0.8741770200389607
59, 0.883183596505117
91, 0.7724779837682756
-2, 0.6000829393240508
-94, 0.7558707743303761
74, 0.9993255819290744
-96, 0.5595430506454082
-16, 0.4285027909763538
-28, 0.6149638746003319
-33, 0.9411694447957065
28, 0.9416419131578125
-61, 0.7896495175695063
30, 0.23787944639456193
-68, 0.6768675773539259
82, 0.8786888029440275
64, 0.7192596160548981
-51, 0.5602111914864507
41, 0.49637310323621386
18, 0.2570045585718438
-40, 0.1021576176677772
-6, 0.7273229826449955
-13, 0.8752265842887262
-53, 0.21846481477138546
-12, 0.9105995595018586
81, 0.3552822968013669
91, 0.6240045258016481
-57, 0.19774102554751516
8, 0.33072004747730543
-68, 0.2715891791455214
-44, 0.9561502037460332
53, 0.9567071367722659
21, 0.5087631558359577
97, 0.8465378554681589
-73, 0.7021394565405001
-22, 0.8475424906846782
21, 0.8715407046022672
-6, 0.4754754047046963
93, 0.02137001076229228
70, 0.8634594760532122
-97, 0.22541589995707645
39, 0.5686251844476001
-93, 0.6640359072409538
-11, 0.946030961356595
-9, 0.7913147041991362
-55, 0.41264506619668906
61, 0.5149530663776356
-39, 0.5464766401778876
67, 0.6251074187726902
20, 0.3118280228714436
80, 0.8302070778999391
-53, 0.5344445503525457
-3, 0.4910410035949654
75, 0.929113388706157
62, 0.21313266067928094
-8, 0.16457716921616616
13, 0.6599033193371776
75, 0.2527832301389277
-34, 0.12276276142198916
-74, 0.01601551798721934
71, 0.34839060692224766
-61, 0.5084304227271327
75, 0.7217138015521931
-6, 0.07335173011370588
50, 0.029790356310651522
-47, 0.40306213383724043
55, 0.9370664410570059
-14, 0.6582680963119469
79, 0.14501333798235838
-2, 0.30608579017630944
5, 0.5551342907813052
4, 0.9651811257566482
35, 0.34244664447085627
3, 0.8965768638046736
-6, 0.6135850926999815
-22, 0.26109728270113874
93, 0.2489932451002267
23, 0.7304382056567215
55, 0.23365622202799297
-69, 0.9382091339649319
-85, 0.8961642447507422
-79, 0.9665636718820645
-93, 0.8389435563771547
32, 0.058267121818266876
-7, 0.6931903354530677
12, 0.3956215876161865
-33, 0.5938703075580024
-21, 0.32795340378466364
-89, 0.7648251991938135
63, 0.3377741520796408
-76, 0.7048661943177961
-78, 0.660454632509176
-35, 0.8181610250299304
73, 0.39541599520715587
-28, 0.4933780631069906
-38, 0.9209537252714322
54, 0.3208087825892738
1, 0.8744952020114453
87, 0.00310779890464008
28, 0.7130686005929981
64, 0.18477593580414364
-30, 0.6672275445842636
-27, 0.5085254160269502
3, 0.09426211141484131
86, 0.41460683136491516
-38, 0.2994933485176927
5, 0.690251030410773
-61, 0.7891220511309774
56, 0.34389988973746544
-46, 0.15028066072957047
77, 0.17069631701457966
98, 0.39261658809508937
-87, 0.6956479826420718
25, 0.5138649709646388
48, 0.8304932728236993
85, 0.9667995769060036
81, 0.333737310169403
77, 0.2941911054783666
25, 0.1108134943386736
-98, 0.18356009872087609
-92, 0.6096069750423276
89, 0.5335193344015331
45, 0.4303329584239928
24, 0.37703163337740775
-57, 0.7844178881385914
-68, 0.16296208565711334
-18, 0.23133663446030361
38, 0.10382137792418578
10, 0.5368997279376555
70, 0.255058563560816
-37, 0.44709224331664255
42, 0.05973347147744812
-18, 0.02044428179866542
-27, 0.9058572027199084
15, 0.24299394151402198
82, 0.43856535772835714
84, 0.6575218565440722
23, 0.28230002108298136
43, 0.27557193364247823
63, 0.9713771041863836
100, 0.25574561760680103
-27, 0.43005702699696136
32, 0.4537017049886256
74, 0.1358618794659484
-10, 0.28270534186554597
28, 0.22239461933255777
-8, 0.7125744141660753
89, 0.38670453208396993
27, 0.45736179034797975
-76, 0.5547852624920164
63, 0.8173878708650013
60, 0.5316512186777708
59, 0.27347777308810806
-57, 0.1363621571054351
24, 0.41519679738702364
-12, 0.5658338463135099
81, 0.6975845020283334
-21, 0.2853070145297293
47, 0.665084976093691
39, 0.752129534257609
49, 0.5411549374925391
-9, 0.620936284613283
-91, 0.4682596416111018
-68, 0.831075702733297
55, 0.5305101002569625
15, 0.8869691779571159
87, 0.08346889477256181
85, 0.12571098659766233
-21, 0.1642416382352313
58, 0.2689473144461384
68, 0.41825343197959
-49, 0.674521961064847
38, 0.9339123631423933
4, 0.3564899452614577
13, 0.7807284126381119
31, 0.8432996019104646
32, 0.19938287499256857
-98, 0.11345668666569919
97, 0.4067930854272541
52, 0.238218747167121
35, 0.8103878742377993
-61, 0.2159867872487683
71, 0.5122222739309606
53, 0.4114741109591916
81, 0.7570848673883852
-59, 0.9346559034649617
45, 0.6583279199054439
-47, 0.9979812412323521
12, 0.07390562810400625
24, 0.9484930582430066
54, 0.0637815167538821
69, 0.1878710433537515
-36, 0.6096371579655128
20, 0.7779933860702869
70, 0.35158964066137854
14, 0.3237325171481691
72, 0.7879399916155456
-32, 0.005249456635738614
-68, 0.17185027980227308
-27, 0.028439167200136728
15, 0.3753342138857306
-4, 0.6671014797138758
98, 0.716283266374896
6, 0.10569702007909443
84, 0.5390049139039668
-39, 0.46506730325591716
49, 0.40359791908026055
82, 0.37244590317489945
65, 0.9779884160022544
26, 0.5670445459237005
-48, 0.23807298980121894
-74, 0.6196874030132676
91, 0.979828451294227
42, 0.6111296350585086
27, 0.07625067629626092
41, 0.42756398314321953
-66, 0.9733642724555411
99, 0.3016540035042877
96, 0.765970867737515
-53, 0.058317292581213875
-29, 0.8759527112330349
-40, 0.26230901891700664
-95, 0.2858181481987151
-97, 0.26391008091067003
-35, 0.3067666031600047
-14, 0.9100793722722447
-73, 0.11355442769150059
73, 0.5481424387116254
60, 0.6891504003797047
71, 0.8079076526597543
79, 0.7674441466254497
57, 0.7776736384581047
-17, 0.7344928994001844
-30, 0.0978834404678477
-47, 0.39767456722320504
52, 0.907362831583048
-15, 0.4925881596459789
-34, 0.7593739047877767
-65, 0.45336967554148333
95, 0.3185018851841189
41, 0.941278854168448
0, 0.7628281396681195
87, 0.6799743042799159
-26, 0.4026987261954993
21, 0.07242590121946169
-56, 0.5910372850041704
-44, 0.06806877347344409
-96, 0.38375508422676097
-69, 0.6457559787270262
73, 0.3697474999023088
58, 0.7544950732699104
-74, 0.42907759761012676
-7, 0.41186657650048875
76, 0.47191597590832624
-21, 0.40014144992534806
-2, 0.25723757265023506
-81, 0.018398739389475116
65, 0.13159030970218089
-66, 0.22442643499954784
48, 0.8928892444288082
-32, 0.7004784748731695
23, 0.9065085354580571
39, 0.14592546728313305
-13, 0.8165285728043082
-17, 0.9591560463204966
8, 0.5678536370457649
-95, 0.34960153600605826
-23, 0.651647975073178
-99, 0.0491672986114664
31, 0.31634050865665364
-32, 0.24731461575469638
65, 0.6922547468732867
-4, 0.15953875015030672
88, 0.016249434180375055
66, 0.023894996425092296
25, 0.11409488692019565
41, 0.7891750349605582
-89, 0.04252018222975085
48, 0.8262197611833242
-7, 0.3538943990887049
23, 0.1712769153248085
-48, 0.6916032272063126
17, 0.003823306560419848
9, 0.20468332668113753
50, 0.17999487988440244
-5, 0.4608541823233946
-15, 0.09206909492000326
20, 0.03763696218668067
13, 0.005075389095749672
73, 0.6110368404369656
-52, 0.49603468760704106
-81, 0.4560976073446248
-57, 0.5878388209172611
41, 0.36273794430641615
54, 0.536597077524677
-5, 0.7244480343421464
-8, 0.6202633834909435
-88, 0.6705980592081683
25, 0.2672227256703843
-17, 0.775206020873175
-36, 0.4974592297117073
-59, 0.003311025049680949
31, 0.2623528346164252
-100, 0.9649363240469206
16, 0.8374335606751058
9, 0.06686883543531985
3, 0.15831630810478614
83, 0.9671718527304808
-31, 0.2154858034098457
-12, 0.5399026500090016
-66, 0.41950972677526377
-53, 0.9556281643767539
-10, 0.1858388824231859
38, 0.15134919157970295
32, 0.30554546024712803
25, 0.6246085029442763
4, 0.686045274624624
42, 0.3032861231539611
-73, 0.6996206963393172
-80, 0.8854105690712938
-32, 0.3301923460612337
-15, 0.998760554048434
-92, 0.18597589241012336
3, 0.9261748548116353
65, 0.16940586045699746
62, 0.10096178534259193
96, 0.45612921359296676
-57, 0.6398709288752107
-11, 0.6277855936064761
-33, 0.06706163338689453
94, 0.43930987103102426
71, 0.9526611364115175
-37, 0.07466669892115163
89, 0.4468301543645937
12, 0.3153952916315931
-15, 0.7168846962432018
-15, 0.2575673107206434
3, 0.893599350260074
-71, 0.825004836541093
6, 0.24106089903185557
-94, 0.4917842775513235
-87, 0.6996557282173433
-1, 0.8451684012237036
-92, 0.2999715919341568
-66, 0.40261127367575766
48, 0.32253991850729835
41, 0.0964522617317225
79, 0.7915205331765027
5, 0.09301106767931877
-46, 0.2180546281541651
82, 0.8296967807089961
52, 0.6881943301890924
77, 0.42045709870270864
1, 0.6680580305229123
-64, 0.1918368027946914
84, 0.5009273357548215
28, 0.6866352713628201
43, 0.6543871649475453
65, 0.998899627847289
-15, 0.7227424466117924
30, 0.8487997634635241
18, 0.49675063423392185
-15, 0.29068805931848773
-50, 0.19102345277649058
-93, 0.01887053626131241
70, 0.13652395485992497
28, 0.7158904960595242
38, 0.10858568418145631
-78, 0.4296665429244201
-12, 0.6056289137431488
-73, 0.0514506741723042
91, 0.04610367368296098
50, 0.8195679350169948
51, 0.06324474863509666
47, 0.1290773081277602
-80, 0.8964951958067292
21, 0.9865418320173767
7, 0.7035695250820623
79, 0.7801414412178592
3, 0.4455947262893468
-75, 0.007849971916440102
35, 0.6183004239149305
21, 0.12165709417712955
-28, 0.23112234993909309
-6, 0.2922990496724974
63, 0.7736684085759967
10, 0.7400954404411112
-8, 0.8224998119966672
-58, 0.2267449771788267
47, 0.12046500462623067
-26, 0.5328630988245466
3, 0.25549098204677967
8, 0.972608768117179
93, 0.6170420532081629
79, 0.9962602652409823
-53, 0.4848572180960662
51, 0.7004385336943554
-67, 0.9798040974475799
26, 0.2540180419196787
12, 0.9864797663407266
-3, 0.9768620024519286
33, 0.6799258588528209
29, 0.9996908817063228
56, 0.9082653327090808
-72, 0.6491044245154359
-45, 0.9008270406697957
18, 0.8359913454198342
-54, 0.008082707880484707
-30, 0.3224397308990098
39, 0.5256085698987755
8, 0.8068742736592759
-37, 0.5189381482337309
-71, 0.027099303124146656
46, 0.4242570286077997
21, 0.6427632944107932
82, 0.7908425543285621
-69, 0.32938287516055553
67, 0.9393304903432391
20, 0.22263751912694374
-69, 0.7502330377687825
-78, 0.49093712906258014
-35, 0.42608193880715817
50, 0.5258346741381918
20, 0.6279445301594838
81, 0.9326765227305888
-21, 0.7365746335094694
78, 0.9116070399942127
-46, 0.2503088657819471
87, 0.44600396764582806
-74, 0.7525958953055611
-82, 0.9297434268108011
37, 0.45081663114799997
-12, 0.1861558877732452
-93, 0.3014299668794247
-6, 0.6275604699748261
48, 0.3094540817584417
-39, 0.6723646874371233
-29, 0.5416709034268236
35, 0.8460973446301476
-16, 0.8397065224352221
-37, 0.7685679413296717
12, 0.5098395137010631
7, 0.3687713672765507
100, 0.9383850904835359
12, 0.2807525331647476
70, 0.033806037886407236
-21, 0.5310471928251347
-11, 0.8577805930008601
-55, 0.13109480597479295
52, 0.3918831589480265
-26, 0.8259868617905366
96, 0.0723518925527159
16, 0.08854971560134484
95, 0.17858115271743702
8, 0.3395116151631361
-59, 0.3308334469533809
-73, 0.5649528188932267
94, 0.29806202785829794
-13, 0.9655447576960586
13, 0.7857239209980257
-90, 0.08100219747296888
15, 0.5567853963969044
5, 0.5840547789385
-4, 0.26131751140911885
-26, 0.032489736735703656
35, 0.03333815993798861
78, 0.028737079361335738
93, 0.17645032487621637
-24, 0.5179386189133094
-5, 0.786229242046512
20, 0.7723695903605221
-58, 0.4526626256532814
21, 0.05836791930800567
-5, 0.05735924531406422
89, 0.7716281940174268
-21, 0.3459790494621424
-87, 0.4072598995206981
-95, 0.7835217515907515
25, 0.28548151070588756
84, 0.827323471745689
91, 0.4677124303962469
-74, 0.24682537016511574
77, 0.07856975900551433
-26, 0.47340917527045334
-86, 0.010244975886065544
25, 0.044059853145814176
7, 0.6037813004150994
35, 0.7414919286731451
-14, 0.06080253803031921
39, 0.4269824186601594
83, 0.2548310887946732
-28, 0.23297619068100972
-38, 0.6178791001578621
51, 0.16876299705841669
41, 0.18266016739459123
-18, 0.15679722335206592
29, 0.34729262077908685
-96, 0.9605221222447308
-69, 0.1724578152530012
95, 0.592445801375262
-57, 0.17148083397022662
-30, 0.7704344274988976
37, 0.3957539671568502
-96, 0.5335532574586931
-65, 0.0018539293519407307
-11, 0.8446706281366962
13, 0.8525886742790473
86, 0.07728097956005175
-88, 0.39991921695182653
49, 0.9780957870158898
39, 0.9616259577660402
77, 0.8956082742046546
-10, 0.11556016369658484
83, 0.0419883664504207
63, 0.6754016752500674
39, 0.4687646981454644
-71, 0.31203617582043364
-38, 0.8806049239454835
-34, 0.21851698248432383
-91, 0.9961312423556805
-38, 0.11808387257103725
-98, 0.10685695553973784
-66, 0.5044218877951597
90, 0.8285541915272765
3, 0.9321487965567806
54, 0.7884147487016304
93, 0.0952608830963283
48, 0.1764468898506083
-20, 0.3786012116718307
-3, 0.4574705087498976
-23, 0.935896793239503
-77, 0.842863562955573
21, 0.25872827317624547
-56, 0.9645221568003225
74, 0.16594860629493102
85, 0.15200423451988232
42, 0.4787428589533228
79, 0.8964393471627463
58, 0.19897535071985062
19, 0.9044913445481212
-58, 0.3585457393653987
-89, 0.20370868206577175
77, 0.6737672802206207
-60, 0.5685187120869347
11, 0.034011293754490635
-18, 0.6307559151658297
-8, 0.2122389513513081
-8, 0.17008654583215865
-20, 0.25103713677891615
98, 0.6635377745215606
29, 0.066858433353159
42, 0.9699041041571859
-59, 0.45037505048666826
80, 0.7590367468865354
-21, 0.6189334508499376
-81, 0.6325205779060415
63, 0.6655028476278531
98, 0.7798254046558335
66, 0.6206966837476185
-77, 0.010661126331997117
-60, 0.863726718696813
14, 0.584139117971169
35, 0.20682770241531334
90, 0.5443348737260136
-97, 0.11139167664477767
93, 0.9746042727687908
31, 0.32636881748698754
74, 0.36045554605289354
-11, 0.32378329803520534
-69, 0.37046970551615677
-93, 0.020444346528153412
-24, 0.14016285097595949
64, 0.14906041823732286
8, 0.9559671312527901
67, 0.5034594150099345
4, 0.8900578195705432
99, 0.7035035479274636
0, 0.35897005597162235
9, 0.12443009928039506
-61, 0.9281901947714176
98, 0.0074583333514191
-80, 0.3767553190827261
-80, 0.20714380144513977
-25, 0.6524177658368773
-33, 0.4545137012265136
-60, 0.7870751285043617
7, 0.07587323592455797
-4, 0.043876542979694344
-91, 0.6086570201540282
24, 0.3622605003254483
-6, 0.5890762275593603
-46, 0.006325518084381421
69, 0.7730881948111908
-61, 0.7028247221597266
13, 0.17785301381603336
-4, 0.48830967880023546
93, 0.7367308457704492
-50, 0.7525995261628414
-6, 0.7078247787410586
-61, 0.210065729928115
-81, 0.39536429505864057
81, 0.8980116496199144
-61, 0.27129169260860697
-43, 0.8792393414880523
16, 0.3105365835302927
50, 0.775587212226405
-83, 0.062026955933243144
32, 0.9489848129682945
-56, 0.815650031454312
-43, 0.6718538426328556
-64, 0.6492918874165136
-54, 0.8475669400747015
46, 0.18367520527440395
-59, 0.9149490135367568
-95, 0.09303505246303789
87, 0.6503844609826162
-13, 0.10988308628075527
-75, 0.6955817477173468
-93, 0.3251852723630646
-10, 0.8182370706592653
67, 0.8881416649669732
-21, 0.08869089251812312
-51, 0.41798756747364507
-95, 0.10963152233921791
63, 0.6075969299057538
-34, 0.6109460587726868
-22, 0.022541174426798927
-44, 0.5773977101869356
21, 0.9821330896779371
63, 0.3707739883360628
17, 0.6592104637223544
94, 0.875250604223466
32, 0.8552710830820341
36, 0.43104137472027504
-73, 0.8600900202460492
90, 0.5184989663408361
57, 0.2093044128145063
96, 0.6587621773636257
-45, 0.2711463850815128
44, 0.33748097900578833
89, 0.6916763371402795
24, 0.1659752121774416
-26, 0.49303476736746343
-74, 0.8474757500096697
8, 0.929890672342619
-34, 0.7392165486250922
57, 0.9347558119722615
-69, 0.08911210942596315
-71, 0.9041975462991823
45, 0.9703427006181033
-68, 0.8004028864074714
24, 0.056062970875388585
-4, 0.12072411935690375
99, 0.5144853431669505
-18, 0.9993172607483731
54, 0.9536182013826207
-24, 0.6467582308832888
-25, 0.6861902387287494
78, 0.4202103049549579
37, 0.250445388949619
53, 0.15522483018845257
68, 0.8999585514355175
33, 0.40405420449293994
-37, 0.11197642403105212
-26, 0.15429083127900345
62, 0.7415592893130848
-42, 0.45325323726014255
-62, 0.018419839401990545
37, 0.8881096223041121
84, 0.18612243480286794
-24, 0.5218195428888277
9, 0.2075957140780318
-88, 0.6365438199656798
23, 0.5633328409385889
9, 0.4751402622845816
17, 0.25077415557301885
31, 0.6972198281124926
-49, 0.8837648707464927
-27, 0.10555585815510793
-7, 0.5006292598842175
13, 0.26303441840787056
92, 0.8635973547001542
-79, 0.8334867102125706
45, 0.9710283588834849
67, 0.5081042641347998
27, 0.06498669178801608
63, 0.710258313651254
-3, 0.5044485692556413
4, 0.24945765317260338
37, 0.16111729938294672
-20, 0.9603118315145027
26, 0.7092021580961556
-87, 0.6650599903041277
-93, 0.36312718599861193
42, 0.27402368288301604
-30, 0.19879384578666248
35, 0.1371169233065106
90, 0.21788195967023138
-100, 0.7751187656133874
-18, 0.9454099597137213
84, 0.5269558008455401
96, 0.8002132870523982
30, 0.4208488555641836
19, 0.182892685644777
-77, 0.13291952757383585
88, 0.5166420584522305
82, 0.3817381642256852
29, 0.5355506280851186
-64, 0.07575991844992913
13, 0.16947409749250408
-50, 0.8104015991386425
-49, 0.3868109288153967
51, 0.02188518317204291
-22, 0.951016080149498
37, 0.43822010421937063
20, 0.674736456495734
-85, 0.08145537070701336
-52, 0.9997340804511095
38, 0.7378963920073216
-31, 0.016086974278493593
37, 0.4886384121864813
-42, 0.27292518707099844
48, 0.09280683366381759
-84, 0.7312426748315385
-74, 0.418772009385191
-49, 0.5538856738561048
-61, 0.3189724483547127
-65, 0.34322827769619013
81, 0.2729999589516676
-42, 0.29101208074038565
-64, 0.021527622370486332
63, 0.46960233142787855
-25, 0.4667842261471479
85, 0.20073954041520636
-98, 0.4502204566225685
89, 0.9724094310334593
-33, 0.6963901303754095
96, 0.2176601555121639
16, 0.07002611557195737
79, 0.12139657655604608
-85, 0.5504671190594795
44, 0.10990142249079105
-88, 0.004884387579843774
-17, 0.2218746817355356
79, 0.5823660290988183
41, 0.1759923614696962
-22, 0.3822308007855131
10, 0.09488943392507065
-10, 0.9072124070296657
35, 0.5055763036837285
81, 0.8607350491618527
10, 0.07184037113974118
19, 0.2278843952014472
-46, 0.40382521013289785
17, 0.7133004004194216
-44, 0.8652429242429255
3, 0.6453256206277775
59, 0.9825115527082212
-70, 0.8482824342425748
-18, 0.05643507328865405
-29, 0.7715230016148991
14, 0.37707328892681824
21, 0.5811297706410129
-13, 0.6049161533825256
-76, 0.7469005343406506
8, 0.6875472567611436
-65, 0.15582717538860835
79, 0.5455943092865078
31, 0.33148519494452244
31, 0.3987265540911781
40, 0.9445786498999821
-88, 0.928847075042048
-72, 0.1200243565449064
-61, 0.9670055809547583
100, 0.6649644126478623
-36, 0.3700818408204065
93, 0.6236530812711479
-58, 0.7823602096360819
17, 0.15495973250286132
10, 0.8555047095262788
-6, 0.33478404146730345
-17, 0.39899083493376886
41, 0.33737670491348515
67, 0.6553443219556322
17, 0.14565981518336257
-42, 0.95455120004373
10, 0.9419872923752942
-57, 0.30072188328991034
32, 0.16445651020916285
-60, 0.05376781690618271
-88, 0.21400315875316345
57, 0.09658352211398469
22, 0.17805974894245558
28, 0.07407212860479584
8, 0.7575712518099255
31, 0.9344354618281653
69, 0.36690623907683684
20, 0.4126055892770396
27, 0.6255686303176513
-22, 0.21631678777079055
-88, 0.8326324646135379
-53, 0.14331483307665305
-96, 0.7800462568214039
-34, 0.6280024425921884
21, 0.5140789766998538
-21, 0.5968781610585177
-56, 0.3905236554246758
92, 0.4497326727142713
57, 0.5135242961857829
60, 0.5313618972119505
-60, 0.2515182202827244
-74, 0.5288253017834362
-24, 0.350590548930685
21, 0.2778645002388286
-17, 0.2296974674007518
94, 0.2534340255231532
-81, 0.9633664181058113
-57, 0.6080239083630701
44, 0.7382930524564314
87, 0.5692488270364763
-62, 0.604138205569357
40, 0.4106630251681441
-99, 0.19419447562844339
-56, 0.33940509502969707
-21, 0.9309742290508624
-2, 0.14957320770103755
-58, 0.5729844542967706
89, 0.7324574214401912
-85, 0.19861234496705082
-4, 0.5251351577632453
26, 0.17842411303412642
34, 0.0004864004404626643
-6, 0.9870115715474524
-87, 0.7933446755918415
-70, 0.01426784072533116
34, 0.7983783366154559
11, 0.17251586640152572
-93, 0.6619391485120188
-42, 0.770605517626264
57, 0.48846676895286334
-65, 0.7324432828444428
29, 0.8712457392202061
96, 0.5082930217572804
66, 0.1542277252715908
-60, 0.7877639273886395
-26, 0.9852987864672762
65, 0.2888418618307804
-21, 0.4681771646612676
-17, 0.09424811241094566
-29, 0.4718652956424845
-32, 0.7951505325998064
-84, 0.04504798101467944
44, 0.35024522189849816
53, 0.7569540567221802
-96, 0.2812602380034771
89, 0.5286259051643709
66, 0.6567474589577205
-44, 0.9219678617626013
-38, 0.5948414453271422
49, 0.7669921802435978
95, 0.38790217848257336
-53, 0.2313062751082693
73, 0.8355491176727834
-8, 0.9146721892762175
-39, 0.13608779337407284
-28, 0.37567079443259976
64, 0.8720790265522922
-14, 0.8351119760745902
37, 0.8605495110660987
-44, 0.7075666318837706
79, 0.7972948398372968
74, 0.831130804222333
-35, 0.2773932418537729
-53, 0.7852065312594165
41, 0.31084267934094045
8, 0.35859488220893143
39, 0.10139472417278317
25, 0.09866666933497659
66, 0.0709295966807586
-14, 0.8165553822762035
59, 0.6817923815280289
39, 0.34279927647081776
78, 0.594483501514712
-54, 0.5850925376182821
-44, 0.8640876957520129
64, 0.6891146848791156
-66, 0.6974753275744414
-44, 0.4956044220392428
60, 0.5835058553710253
-54, 0.26661573894288293
38, 0.3116885685856089
-85, 0.5730655981034335
-85, 0.3951438659298423
-99, 0.7306129290136479
76, 0.7762320541586017
-8, 0.898989027224549
87, 0.7297002112137861
94, 0.3420723859684578
98, 0.8813913132681039
3, 0.8816988283187878
-87, 0.9244151011025621
41, 0.12584835221367696
72, 0.12681484366878415
99, 0.162201643009676
95, 0.7711100849485422
-98, 0.006928800829741011
-71, 0.6125903101702125
37, 0.6824408486176249
22, 0.17948959319578162
-54, 0.8444149570927251
26, 0.8193566769423619
-50, 0.23347783271308076
77, 0.032952957573602615
-32, 0.07323287095608888
19, 0.09995234255255481
-61, 0.6021720172067476
78, 0.8590651810040221
10, 0.3932803229839702
84, 0.9456784781181791
8, 0.9383185578594652
62, 0.5285162820043171
-86, 0.4978888624058754
-71, 0.6148783203578465
-69, 0.800147844101386
98, 0.9999902511872928
15, 0.8308896202898545
-13, 0.8576245677507113
80, 0.2790866544100574
33, 0.2379632845260108
-52, 0.7861702529031482
84, 0.11252246164225832
-25, 0.06604658719748813
69, 0.13441782477966857
22, 0.9776858391702719
-14, 0.7125190782159767
37, 0.3295737040705371
-66, 0.24062136678402735
-11, 0.8326456759388116
-4, 0.7097804651337236
98, 0.6459947479207101
-48, 0.8601788025622817
9, 0.09866839002688921
76, 0.25844528820369117
-46, 0.885195328107033
61, 0.6678846413811707
-60, 0.5849214847285272
-97, 0.35699486963550153
64, 0.9526049058729961
66, 0.5962413137781661
16, 0.47334930290011745
-53, 0.012700306655934357
79, 0.4057267228124871
-45, 0.9066971251242909
-5, 0.7551071407392691
-6, 0.28757094489383306
72, 0.8529578626982627
50, 0.5641973815097523
-49, 0.5866857405170575
53, 0.7106631649040029
-10, 0.05867224824347406
82, 0.15088842277636827
-97, 0.3193393308269761
93, 0.7983922067407516
77, 0.5691903508917984
83, 0.47413345819630015
-15, 0.6210034104955107
11, 0.31721965808799835
-82, 0.6677037294930535
-6, 0.10505486141738385
85, 0.8336846701754435
-40, 0.35635306434490144
73, 0.7541264844258325
42, 0.29180304930867484
-94, 0.9475666289322684
-29, 0.678248248445694
-71, 0.44693434153394906
-59, 0.10430746313145034
-20, 0.9244510281270159
-17, 0.5545857745393248
-55, 0.017970600963689964
-31, 0.2897019773973568
-88, 0.2483124535484711
87, 0.6276024425048107
-40, 0.34054731997697796
36, 0.31474940039029964
-3, 0.7568487001290648
24, 0.4198298683321834
-78, 0.45920580688041457
-84, 0.4808743181125875
-5, 0.30506618568143073
54, 0.23450615847936251
25, 0.07129947911887224
98, 0.5343491791540375
-5, 0.725527592688838
-45, 0.5275196323873713
-7, 0.20040325197366682
49, 0.6081213167682312
52, 0.3770204570646024
-12, 0.27829022813865945
20, 0.7293850019539163
-69, 0.1621439322617455
22, 0.08223986514333514
71, 0.38726968175032916
-3, 0.18003591778650563
-67, 0.5869657054623182
-55, 0.5833569541860604
-1, 0.7452331649336263
51, 0.7101777036373156
75, 0.28641787541990427
25, 0.8209518518530956
67, 0.1646807254400452
-58, 0.644179007657089
50, 0.01490328597703694
39, 0.7682797653009082
56, 0.22829661255563438
-55, 0.6018634209432946
21, 0.20619931976686523
-66, 0.43863205348202505
-62, 0.7244179106302719
30, 0.9158271547250756
-89, 0.09734975453339434
-72, 0.6373021938535623
-62, 0.39818476719869633
94, 0.07475437489906556
91, 0.5731139026686468
-65, 0.7088202524242866
-11, 0.2781655538865079
9, 0.49539041457342436
-89, 0.32448760077567285
85, 0.8043070199670413
54, 0.3840655142932716
-23, 0.2028886938394383
67, 0.38883718893868824
4, 0.803555519321484
87, 0.1844332040013389
15, 0.6680559573215447
15, 0.580782345307172
-91, 0.8753419989898156
27, 0.2844525926708552
27, 0.486451161495961
-9, 0.5738188073928573
-18, 0.7424585886332504
-58, 0.7690285023118715
-24, 0.7094285669940432
-13, 0.44097380789367435
30, 0.4252925183773719
-59, 0.6567968620585627
-21, 0.05324556857506657
81, 0.5216590257570202
32, 0.3587536293534146
90, 0.4684886215198003
69, 0.5829044519088048
19, 0.3059851270235966
-50, 0.00357940573355664
-3, 0.4917607275296645
41, 0.03795759960233702
-84, 0.513718639443985
-8, 0.3776311064799416
-85, 0.6170151674878749
50, 0.6368210988043246
24, 0.3682878876790149
-26, 0.9282122971719023
-91, 0.5745679060594805
90, 0.8881692027382379
-94, 0.07493046240348122
1, 0.419922820426188
-89, 0.33058890895509796
75, 0.7967670713838999
50, 0.8450524316320625
10, 0.6146402349636749
39, 0.9783603749677825
35, 0.9086934388629849
-34, 0.9545131069651978
-38, 0.08896166964167174
-75, 0.2983269422363677
19, 0.9934653063479016
-74, 0.7256421651065164
81, 0.1547620606229313
6, 0.11718380415482332
-18, 0.14049443174808074
99, 0.580290815666876
84, 0.7184373418252268
33, 0.4518897257748691
5, 0.5416439094995851
71, 0.7150117527332966
-99, 0.2691311916724186
-97, 0.1575615103182133
3, 0.2138731000565276
-72, 0.7796037523007575
-63, 0.5190119873614318
52, 0.7053656790284603
-11, 0.625530113694959
4, 0.17997691617852452
-67, 0.7436905133790037
31, 0.08264018564424425
97, 0.8940787144659501
-76, 0.5598832743927169
-8, 0.6909201002251786
68, 0.7143214013769922
63, 0.4163910811697311
21, 0.9445164146663713
53, 0.6951847877950471
-53, 0.11275741948840623
92, 0.18079962676400319
-82, 0.3643986318431287
-24, 0.9034062990491891
-92, 0.3121654637719322
58, 0.1585954379141088
-70, 0.18739346882021624
9, 0.43352821357758053
84, 0.9677585373131918
97, 0.8909056486486638
-13, 0.8471998731059683
-60, 0.3274360121623694
36, 0.4957737742612788
-19, 0.7941672039282318
18, 0.5168607098223139
-36, 0.6971671163013029
-11, 0.0963550328125653
21, 0.11985633448662358
-69, 0.28805730277604435
-85, 0.8514788684721682
-26, 0.1392921087002078
97, 0.5082293307963369
-65, 0.8876877394913466
12, 0.9963166513049594
-34, 0.9261707527111873
100, 0.5882476698406108
-90, 0.41707579099534253
-55, 0.23569326458096562
99, 0.86244616947187
-30, 0.5231570517267667
5, 0.6409150460900431
38, 0.8211727291443732
79, 0.7012408389961533
38, 0.6029593358670098
12, 0.37780096614291847
-73, 0.7105651212832959
-24, 0.8392246002491524
94, 0.38356356215327636
-33, 0.7247315385939945
-26, 0.2985298017979665
-59, 0.7836451924584069
22, 0.034293805499010954
55, 0.22012957661954724
54, 0.6569384418397354
-22, 0.867177654217487
-25, 0.36331288318670685
91, 0.10505960321094965
-29, 0.8087573890928457
-30, 0.36867581732677557
10, 0.7651003905237552
62, 0.5027484430714275
88, 0.7478459505272244
57, 0.8854097313775567
-1, 0.43253644123252943
-38, 0.38903465316413355
-94, 0.5214412101729398
-43, 0.5551559593662726
-65, 0.27583753056312044
-85, 0.6583432170560911
68, 0.2884393870467521
-67, 0.3908867273297122
59, 0.11735882216623417
77, 0.024039920955719274
98, 0.6024011042767073
-17, 0.8185302151898951
83, 0.46969042169900677
53, 0.7273239159428982
81, 0.46930552725817665
85, 0.2558089053282585
18, 0.1826211294723401
74, 0.7807395750230615
-28, 0.12712697619531332
-12, 0.7973018450839745
-26, 0.2129867784030267
-27, 0.08403651191089279
24, 0.8088650683659413
-76, 0.9952255336229757
57, 0.37597967065493254
-78, 0.13054891687457915
40, 0.2979468778241663
-59, 0.3291467970012252
-55, 0.5955276961948787
-36, 0.8679577671169016
67, 0.07227342586324859
-7, 0.7799908067763032
80, 0.017414957479511717
-32, 0.08663564693887826
-100, 0.9368565250730377
72, 0.3089637268714698
38, 0.9824944370108417
18, 0.6113303767127214
0, 0.18869330100993642
-2, 0.5581056093232162
93, 0.27905333660751974
84, 0.20327034881184392
-53, 0.9891791748063382
39, 0.09772719364274451
15, 0.6661910945541263
19, 0.10340908286066663
-41, 0.8227048339219175
-95, 0.14785894655493104
-9, 0.7680918976403595
-27, 0.8246132981851817
-47, 0.6025152456790498
36, 0.4295770002789441
-91, 0.8167073243356467
81, 0.39043394057800107
-6, 0.7327310057097489
-68, 0.1726942307393059
11, 0.60483046848038
74, 0.2157677865034514
76, 0.45255530736650484
85, 0.2627935805130235
45, 0.1679681372847066
93, 0.06003792447872658
25, 0.9902485077315346
21, 0.8892212384533594
25, 0.4468648023519889
-53, 0.5001827634653405
-85, 0.06409715716899889
-24, 0.8482693060481421
-85, 0.8354295535721281
66, 0.9471585620800745
7, 0.5653192626041738
35, 0.7929518193633166
6, 0.08804169644681303
-40, 0.19446324629490086
-68, 0.45704402867460847
-20, 0.41606541060104196
-83, 0.5987980536244166
24, 0.6062793829518303
10, 0.7717238964338591
17, 0.16563318131396665
-16, 0.09768690128082957
49, 0.619052348919914
-18, 0.024013982075300477
-94, 0.737545194314621
38, 0.7388527355371907
61, 0.2245182823805355
-14, 0.8003662709456671
78, 0.2641934836535509
-43, 0.35337953823141943
75, 0.6729443608223428
-33, 0.06874985925252608
7, 0.12126448650822463
24, 0.37231037464314265
-55, 0.23454915478272564
-45, 0.9037346274369356
78, 0.6333777160053738
48, 0.23786580521576317
-84, 0.3416680835871949
62, 0.8326277650145119
24, 0.2494365114336935
-13, 0.6164096682992662
-96, 0.23842032233815402
-90, 0.663760798591679
-45, 0.6007857921954519
38, 0.1722927891268139
-27, 0.9716070854167256
-52, 0.5827524275147066
64, 0.6909002399307618
-51, 0.20608518520152075
-10, 0.4080770564524422
62, 0.5433402473145295
-69, 0.0004917004961382254
-26, 0.9990438972892798
18, 0.8092386114834739
-19, 0.15936764731755715
44, 0.9605939608864489
83, 0.8048354816607958
-16, 0.2686238928712429
44, 0.42493415051136085
70, 0.8853617873177806
47, 0.2218929358732773
96, 0.16755911214703278
60, 0.19058874233617284
76, 0.02520098360267531
-94, 0.2678125322787689
2, 0.9247092286831438
83, 0.8216873485144546
68, 0.35316695876606263
-35, 0.5233737854294107
23, 0.08114451580182991
95, 0.6007142014342852
-13, 0.14772842079248316
-32, 0.6429423314995151
52, 0.5158530628329726
-21, 0.18778897459906807
36, 0.954081900874681
-84, 0.3301731722743674
-65, 0.05702497836491105
-14, 0.6886216976295771
-21, 0.8007633302153087
-98, 0.03599379320508722
-74, 0.49127705977199365
-35, 0.8035015249885706
94, 0.5195323827491845
24, 0.6648755077064294
-34, 0.2478806919933787
-45, 0.7257643193236772
70, 0.7489717280429758
-5, 0.8545323574149636
78, 0.8824483225893591
16, 0.9876126975238231
71, 0.862924665136861
71, 0.7690478423182162
-11, 0.24265737702350054
44, 0.22775695704054566
1, 0.7193413089404772
36, 0.23989978005672485
59, 0.6395128283846705
-17, 0.40449605851057846
-92, 0.2118385022854904
-7, 0.514192237140084
39, 0.35801727141181017
-69, 0.10884550345949395
41, 0.6200254614425609
15, 0.18093592060420916
-66, 0.8282971906243931
-7, 0.6195534482985691
-86, 0.060039396799016376
-40, 0.19931603297843592
-14, 0.9227447259826782
-86, 0.29416196929151117
85, 0.41163301485546067
-37, 0.27158951491946726
56, 0.06302217186129588
-80, 0.7973165981592708
71, 0.3214554340271928
-7, 0.6141984922439752
44, 0.78365402095242
-65, 0.18553854117883073
-77, 0.4249204653135157
-96, 0.5128119642035144
37, 0.5936406030335918
-25, 0.24221193956671827
-75, 0.5493620487289509
16, 0.8713750577608897
75, 0.9903467164971067
56, 0.09923200510719021
59, 0.9391881332632316
97, 0.34233657245467985
52, 0.6066966401156707
54, 0.5727200539351702
48, 0.9248348615717528
-39, 0.9416520683241603
-73, 0.4347104809770791
-81, 0.288294907309683
48, 0.13850322660259684
5, 0.7766434760582888
-45, 0.30983917711905895
-72, 0.13134525861662572
-66, 0.6693761750899206
82, 0.5847651386890445
38, 0.9343548848098828
93, 0.6381912746557129
-60, 0.9586616769321537
-49, 0.7828201762658491
-69, 0.17811224590257513
46, 0.06619431744258397
-64, 0.610310133343522
-60, 0.6980552944771373
36, 0.3545737590146043
-96, 0.7273102023266308
-92, 0.5324664866398529
94, 0.7810515006784838
52, 0.7891492990250399
47, 0.25184462810372177
27, 0.029901238021972754
-19, 0.6481930642165191
-34, 0.8021406066384739
59, 0.04720772707618248
-34, 0.8601614841425147
45, 0.2315059921492978
74, 0.38892549303389756
-97, 0.29639885982479874
-22, 0.9160870093106122
40, 0.5529968722386447
-41, 0.15124957980356768
-48, 0.47654853316291745
-62, 0.839472882689414
21, 0.1947556089818998
28, 0.42366484101066815
30, 0.9110413105917542
53, 0.12632155761067276
-78, 0.9211436119104875
29, 0.5452613351039544
85, 0.2134571704116962
-61, 0.6628928781235761
-91, 0.05550716146667922
56, 0.27063876147726096
14, 0.5829552451153356
-95, 0.7148090653606296
6, 0.737467191667731
92, 0.2541053014128579
-67, 0.5249827235629321
-14, 0.6117047601648974
46, 0.10225826946060645
-91, 0.35383330303598015
-81, 0.5923943652090795
10, 0.6761523552415056
80, 0.5847589557901572
-83, 0.1382065108305428
97, 0.8427511463063705
-2, 0.09764030553709502
14, 0.007308811781524982
94, 0.07798959915709103
-28, 0.7931434495045342
90, 0.5848613834254722
-81, 0.2394543063326059
89, 0.7297558885236077
40, 1.6469713813749287e-05
-30, 0.4534587403376741
-4, 0.6801338306270592
33, 0.920405221594442
99, 0.8774031539526946
-28, 0.14236768359136565
31, 0.648140037977012
-32, 0.15248909295353263
30, 0.8871484794004995
-35, 0.5498473538207231
-88, 0.4310860211836881
26, 0.5989733066574155
86, 0.4235236194159565
22, 0.9314727404437323
-32, 0.7396660255338032
-33, 0.5684154523058587
38, 0.5211603464620072
42, 0.04250009400536037
-47, 0.024530437898604207
-34, 0.9318604805201606
-5, 0.3196491317649104
37, 0.3551928701233684
17, 0.8280588664875481
46, 0.6247411680716713
-57, 0.36876537310757695
-74, 0.8236847431647942
-63, 0.938603389893647
43, 0.5128802604142557
-10, 0.006878394565445145
67, 0.7945800962281858
-50, 0.7434339528612371
-92, 0.5875388578706572
72, 0.31377010454620335
-37, 0.8723333783586207
-76, 0.8501479190341156
31, 0.5739438885885895
-91, 0.8033493709353832
29, 0.3679011124801045
71, 0.3340704339491378
-87, 0.7808979406491007
-4, 0.5180851182909209
-49, 0.7837006521243791
-70, 0.8228915015740343
-8, 0.6851213597929153
-75, 0.17783545690697722
-57, 0.688212852631686
-58, 0.9595782328076751
25, 0.9130820645741968
5, 0.15379290814764635
65, 0.3169954110959142
29, 0.7520342028096564
24, 0.028066273849971846
93, 0.4756354026611901
-32, 0.9547484953469036
-74, 0.6623986608545477
58, 0.5644325523735967
15, 0.9336881086656227
-63, 0.4779349231655662
28, 0.35006027872466716
-44, 0.5069637799004447
94, 0.1757310468004395
73, 0.7043099769053115
98, 0.5074875233572096
-98, 0.5251736356708351
-73, 0.2320678563934131
90, 0.9623121360474073
68, 0.8935680537463855
-70, 0.06440335039049261
46, 0.5104642291620941
83, 0.5876042513755755
73, 0.03426341237988906
26, 0.760936487531016
-37, 0.33863012123294145
25, 0.6005826284918844
-5, 0.2086971870827239
2, 0.6816464251706429
72, 0.5393353783731625
56, 0.7195488884167375
-41, 0.12375492058657012
73, 0.35699215266121276
23, 0.6026179418641532
-83, 0.6916694220604128
61, 0.3495696492962508
0, 0.31583864301182174
-33, 0.29338959917441276
6, 0.535036459413203
58, 0.19205581045429543
-76, 0.4882407298605338
-33, 0.6008442390111677
96, 0.02557865968625106
-73, 0.4387458003009155
-16, 0.5345889213675306
-11, 0.20605062907681082
-17, 0.9723958887386217
66, 0.6748271285504853
-30, 0.32277633603348066
-55, 0.8882175955004137
76, 0.944186176936731
-32, 0.5570702127835263
-57, 0.26664774714554795
-61, 0.3105122825078114
-85, 0.6479341323352515
80, 0.6091476785577199
99, 0.06646246009248824
69, 0.4400113666279616
-81, 0.5530614407534161
38, 0.984227138719487
-14, 0.4309506924119958
-94, 0.004071047352771084
-39, 0.9318592350675334
20, 0.6096654020677694
93, 0.6680916277694038
-99, 0.32873663087616467
15, 0.18578706528381306
-96, 0.9918751154903208
-58, 0.8803740184653039
83, 0.4698771699920379
3, 0.8041464596589507
-8, 0.7599207746433638
-32, 0.7257099348600222
48, 0.874451223483534
11, 0.141800008166735
71, 0.9918182060822633
92, 0.5731836491006609
9, 0.6660319440066526
-42, 0.4587005513081438
-81, 0.2585319384120981
-9, 0.1357484343487131
-100, 0.9564592663222368
-9, 0.31486733261905075
20, 0.8677818407758825
45, 0.41710613992972834
20, 0.19618846715069294
35, 0.9681974555743844
26, 0.2923960307700302
-51, 0.2937334923234207
8, 0.13342633360025302
-66, 0.9597139592291422
1, 0.8357415204726633
-11, 0.08311672000798453
-67, 0.8355143679089866
-17, 0.512401760014469
-8, 0.6002583469780683
32, 0.8640160355349903
-2, 0.5664152056176602
-1, 0.34969755680490466
82, 0.022960069204259304
70, 0.5623803205274832
36, 0.1520628260077338
82, 0.06677116755199819
8, 0.8912427346116758
-15, 0.6801877881111327
-37, 0.29503684901436267
24, 0.20574056354305137
50, 0.4567671129802019
-78, 0.8420814312968603
-84, 0.9086178188032394
-39, 0.06754012413976174
-13, 0.31513493772589507
76, 0.6128804293015401
24, 0.4197087429778644
73, 0.33318770546371423
38, 0.2979539911668134
33, 0.3363872521066009
76, 0.7257458790890675
-94, 0.38666470844460477
60, 0.6816008093354433
-91, 0.5600994142892922
-74, 0.10959536856454444
-3, 0.2987101117705826
11, 0.5264450608329986
26, 0.9075590429834631
31, 0.13897635798698316
78, 0.21227936984642792
94, 0.7097341629234569
-95, 0.33771748746888963
100, 0.7780319346127689
31, 0.7302563574776973
70, 0.20100654388473793
-23, 0.10735833805612405
-44, 0.5328816935191522
87, 0.7098124497500574
-74, 0.39067586747507466
-3, 0.2430502764160506
-36, 0.45283327134105633
-65, 0.5253316986910158
-87, 0.07857504428767437
22, 0.7697303759910421
20, 0.8818699790847465
-53, 0.1098407342229637
59, 0.5246166182237431
-53, 0.7638179148557654
30, 0.5418249243379248
-60, 0.23294708255368157
91, 0.9814342604642784
-64, 0.023419767778800837
3, 0.71294376329346
95, 0.46068223928391394
45, 0.7729474358363115
-15, 0.7248535543734523
-30, 0.32786868470976815
-42, 0.14187123852137817
42, 0.9410097412698084
18, 0.1312206800756951
-11, 0.8888557903501888
-4, 0.3473939647589569
49, 0.7617643691861969
-80, 0.5604606982981559
44, 0.33861678813826657
-42, 0.804769154370682
17, 0.7276200411648892
-45, 0.18746298007210804
45, 0.5061340350216845
38, 0.652198778370141
88, 0.8232811817495664
1, 0.8386848247100227
63, 0.237883569118169
-97, 0.3531695152535884
47, 0.42170880089465856
-71, 0.2987473672491906
55, 0.8921869337857488
-75, 0.05209663858714142
-33, 0.1823458354189621
29, 0.14103554860122403
-92, 0.44974417080458773
45, 0.5174919361384395
76, 0.35849746344574984
-14, 0.7057681701964822
-9, 0.3354748372393973
96, 0.03067898126271995
-27, 0.7833626176052891
15, 0.28339280383393795
-40, 0.20984922589895283
-76, 0.36966313260962314
-23, 0.05571119735977481
26, 0.03785231324700655
14, 0.159801262355052
95, 0.31578098584271086
24, 0.38970362814312787
57, 0.4712381345535599
56, 0.47806201868608444
83, 0.5241754543383312
66, 0.024153068060136396
-59, 0.49914836822297526
-48, 0.7548183685496809
72, 0.8420169554907881
-13, 0.42651497504037605
96, 0.41535555730064266
64, 0.5806356446927344
-2, 0.3202008583313095
-60, 0.6031827077467701
-80, 0.8617671396735761
-72, 0.8665954125052032
88, 0.7536892625721203
34, 0.6173207053849755
45, 0.18369385274084782
-95, 0.758380429973667
-15, 0.5761690580306693
40, 0.592840679863932
-91, 0.9428558810282791
-25, 0.3735692177012647
79, 0.5228254131991953
21, 0.2089099102216897
27, 0.901650717997221
94, 0.04758883607519604
73, 0.35291445967113755
-18, 0.5066653539295928
-61, 0.3575434662764211
100, 0.08090762597754841
-27, 0.23987047605825773
32, 0.482210362844102
25, 0.5521826700691778
55, 0.906733464124541
-96, 0.455149153330242
63, 0.8590714240049281
-39, 0.45830509043810597
56, 0.914714301737791
-2, 0.15094348356903708
68, 0.762459743874925
-54, 0.9292249384737208
8, 0.06391289178088166
-14, 0.3345880353471198
-37, 0.369912413953844
-89, 0.9623348589819856
76, 0.9111292021902128
13, 0.6561538106062484
23, 0.8224278701629324
19, 0.835505163169325
81, 0.9440682354603983
19, 0.07935700796374268
-47, 0.06329986864425707
-86, 0.5433882698754396
-1, 0.512666715439267
-87, 0.9245974584246639
98, 0.3684595406329546
-6, 0.6991655833381978
-20, 0.6546667084522613
-95, 0.5554287391214301
21, 0.5328599433467375
-88, 0.7583600495274359
-67, 0.912252650167993
-84, 0.705030165237741
-37, 0.2499119530257069
100, 0.6176909169000828
-68, 0.6188811293351041
-63, 0.6863739859278776
-94, 0.8137889060423947
-73, 0.4436707081795299
92, 0.13267262645135336
11, 0.42683267459328156
-57, 0.12599500984990109
-18, 0.7781800586993302
3, 0.13371890778883966
-43, 0.05374201640431209
-35, 0.9518024795030727
3, 0.3691444510788523
-63, 0.1916300115328473
62, 0.9143354828348773
29, 0.22783362576410926
85, 0.9084080005558884
-85, 0.5871595418772616
84, 0.5023449966905431
-69, 0.9357273536804445
-76, 0.4860126210230967
96, 0.8564968217360384
18, 0.1703380954301471
3, 0.4062774173183453
89, 0.2029916957947201
8, 0.8057620562893096
-4, 0.11790633473858159
-53, 0.6436383470325218
1, 0.12044515310932069
-79, 0.2674203354841954
-82, 0.88505163708085
34, 0.33611014512390425
-5, 0.32666503309985695
80, 0.26573236114385324
6, 0.8568534890640899
17, 0.27526481015367177
-25, 0.6348935333455139
1, 0.5264513387651755
86, 0.19224216363925517
2, 0.7239811332686598
48, 0.4235972836754026
-2, 0.11132562823543057
-57, 0.15450764678488316
-34, 0.5962485876650806
16, 0.9131329846507426
47, 0.1437075994649737
97, 0.5441851739273815
-80, 0.7509190627324838
88, 0.09837321398815713
90, 0.15557326001075433
19, 0.2768949055538865
53, 0.36952783261782274
-2, 0.1794772698167173
90, 0.8276940124420454
31, 0.911627147469888
61, 0.8543581842526785
86, 0.3694275951672604
42, 0.35149473450998303
-10, 0.0652202774558065
47, 0.32639465160205017
-2, 0.2415091155946475
-77, 0.19742300230705578
-89, 0.7954900854269532
99, 0.8754627840539261
49, 0.9815929869990544
19, 0.9514998273669131
-91, 0.06995783677194467
-2, 0.9648908198864369
-49, 0.21217468167201348
-95, 0.7378446319818683
68, 0.4296763068558809
82, 0.8364265337845603
0, 0.4918092464859387
11, 0.20702329425427612
76, 0.1823740071352744
-51, 0.057320547150143564
-23, 0.909228205042553
-95, 0.7377564624849791
17, 0.6314236443876714
31, 0.42804065400137525
87, 0.929957703026437
80, 0.43330678988337734
81, 0.7158631482505096
-58, 0.8602008979460493
-82, 0.711126463874167
-81, 0.9394319813681838
-5, 0.8328492978691032
-10, 0.8858753179019706
42, 0.03798586140645477
-65, 0.4766179796578103
10, 0.3177830581968496
-66, 0.9598832698062091
-60, 0.4222712774885783
95, 0.5599635278068865
-96, 0.27575078985564727
-96, 0.7402831995673461
58, 0.06651734978949075
-90, 0.6613725664532343
49, 0.9076868988180523
-49, 0.9803462692667039
-59, 0.12006962382818587
53, 0.34872936204541916
-20, 0.9292561079029795
-19, 0.8738576622416234
57, 0.9520049086610946
74, 0.9515678483501328
34, 0.5737521691132144
59, 0.7531445623252366
-55, 0.30522784560726424
55, 0.5959550626031287
9, 0.8610306619432524
16, 0.2179907206671181
26, 0.9979940541358914
-53, 0.6956699287985428
-74, 0.7287598790739265
93, 0.6241505201793236
-56, 0.32908123219923957
-100, 0.5717968082770288
4, 0.6801355657374791
-91, 0.8127561895330843
88, 0.2943778207548786
49, 0.0015320521046225943
79, 0.6508028705881191
-68, 0.612569836131281
-60, 0.6626477341945308
-50, 0.5801870673092044
-71, 0.03548576486379518
31, 0.48975699474775125
8, 0.8699497380477405
-18, 0.45028114507033656
3, 0.2613114564758593
30, 0.3661771059159431
-55, 0.8458727818317773
43, 0.6552204287357759
36, 0.5061600975037701
64, 0.31299027181922623
-62, 0.582521375639043
-18, 0.5378903925254389
-76, 0.7002764030656474
32, 0.47347878622908
-50, 0.37915827982313977
-41, 0.2677315368624118
54, 0.6487873978080078
-46, 0.2100491961107096
63, 0.6177231017898724
70, 0.3336098551730353
24, 0.8985443391035164
62, 0.732646428669037
88, 0.316396543214958
80, 0.09659832394137025
22, 0.6892039407762096
92, 0.3359979385575558
66, 0.6689295183053016
9, 0.5835478619247827
-29, 0.9165570641611308
-5, 0.6240230520779303
-50, 0.6289049652600078
75, 0.2588180793598752
92, 0.3205080274528992
8, 0.7331789266137845
-46, 0.9653138911156244
83, 0.3070952821623496
38, 0.1125401703381631
10, 0.35005280763260926
12, 0.1667712755289984
67, 0.9028219274156173
-96, 0.6418480055385788
-82, 0.2778389302603893
34, 0.30461972392555037
40, 0.008545719094026127
49, 0.2975241839743815
-53, 0.21732369093609527
16, 0.597494747336324
-66, 0.3329702636225964
96, 0.1549527815734616
35, 0.6247721720327779
85, 0.635031785101376
-18, 0.01918727836594769
-22, 0.8305346984470712
36, 0.3569645259372939
-62, 0.8015033526185554
-98, 0.37219020183942697
-27, 0.2717498431513984
-80, 0.09330586950923092
31, 0.11496196791500857
79, 0.7501442105846383
-2, 0.42607765783906826
86, 0.6570095702948104
-2, 0.609581956839509
9, 0.8065284408760092
-58, 0.06820462790594595
68, 0.6134634228637413
53, 0.4143437420856714
-6, 0.26345138351489006
-50, 0.9333901015954752
-51, 0.6655548914071054
-9, 0.9412544379030258
89, 0.19176024424110427
75, 0.1988443792550122
39, 0.9721031413522476
-90, 0.5338693885877102
63, 0.2765292830802454
-88, 0.9884340525141895
-45, 0.579266728832277
-83, 0.7052777464804387
-27, 0.4674491891175594
-43, 0.39834211058433733
-18, 0.30800978544422297
-100, 0.4107790628391651
-85, 0.38285073890598187
57, 0.6368949198293924
-88, 0.9994724386763091
-98, 0.5985733908627591
-32, 0.9491044212960832
-49, 0.019719119054643852
-19, 0.7359364498161828
-98, 0.845845133854496
-42, 0.32802925670503424
66, 0.7520465790998802
15, 0.442049652764962
-89, 0.5017672710699874
-9, 0.9001296978905986
0, 0.6453848651188692
15, 0.4875968992999822
-12, 0.5213690056239118
8, 0.820377459470942
44, 0.3147162340270456
94, 0.7031793148479605
72, 0.10208662760882403
84, 0.4843839900439446
-9, 0.024855902005481156
86, 0.8937669201160713
-29, 0.1581905764163969
44, 0.026510621105764964
-97, 0.4351990138852294
-60, 0.9149046163742947
-82, 0.7588170305025684
81, 0.16648108141059004
-62, 0.6830783880441217
99, 0.8043977763818432
-51, 0.4905295689709316
-16, 0.4491226956803699
-85, 0.03596145329581746
62, 0.9672153982185578
-68, 0.33775718895680495
-16, 0.5054629405126914
44, 0.5835578370994835
37, 0.6953448052535516
-1, 0.282765648694172
21, 0.8713335978637684
1, 0.6677999080915367
73, 0.4632866539033096
61, 0.17727435352598064
-96, 0.4094355139501892
-73, 0.40683436210803037
91, 0.7398900035203371
-70, 0.6119827367991992
100, 0.5743781925152895
-2, 0.8176056106239136
-16, 0.7406552987537534
54, 0.7623382643083203
9, 0.6933116816948898
100, 0.7546614410531526
-11, 0.33341272377091413
96, 0.02116577399629227
49, 0.11025495651576611
19, 0.610315744304992
10, 0.2220001237656386
-71, 0.1236793237579199
43, 0.153510327121412
-7, 0.1061383259377563
-97, 0.5514233248695611
42, 0.9214839082277544
54, 0.4380589062007557
93, 0.4477054691162001
88, 0.8539725608128034
-3, 0.9400983278330917
-32, 0.39332816842490514
-9, 0.9936467820786823
-48, 0.0854518383355013
46, 0.44969887841874634
-35, 0.3922850691149231
-26, 0.6279522084890523
-27, 0.9492040294720787
-35, 0.6328183013866555
-59, 0.3840386971315126
55, 0.36232730977690175
-26, 0.3474651688802558
-40, 0.48734883687059394
-93, 0.9109800778071413
-5, 0.6129811652150652
4, 0.046918967601224715
-31, 0.044380967352070866
40, 0.6697887338988222
-90, 0.07983211602607987
-92, 0.6248222114070009
96, 0.8310786904218056
55, 0.36988264169286844
50, 0.1555895243885912
-56, 0.8614500880511539
-74, 0.538512678143852
-67, 0.5763064835130828
21, 0.38014133688653184
-44, 0.16845314969088332
-38, 0.3942553123283842
-47, 0.04558742744840072
68, 0.011129230213812624
-46, 0.7108074621826311
-3, 0.004242411122907241
-51, 0.43158845600160645
53, 0.293110004359305
20, 0.11880549349375746
65, 0.6498590750715801
67, 0.21090750589417406
32, 0.32703572783762125
-1, 0.6777042063258366
3, 0.18473243564853425
-17, 0.34041971213133704
88, 0.3868593868437781
77, 0.08663885674787875
-80, 0.9211154502842444
1, 0.5811118716076918
-70, 0.4234306479742709
92, 0.7622219317117251
26, 0.8136788735369451
-25, 0.029771916927120112
71, 0.10039138652265955
95, 0.2508789228623871
46, 0.5161707863076048
83, 0.9045872277654867
42, 0.9386723391426003
20, 0.7342362134670126
36, 0.25130994050645183
7, 0.4615774205847022
9, 0.1749083350902556
-8, 0.008044988172672629
80, 0.9845557289288374
48, 0.6444071986910457
24, 0.3504994507421353
40, 0.47731090496717443
-98, 0.5396098825064748
-91, 0.6534221613479791
7, 0.5865487190872778
7, 0.5677236213252019
46, 0.4796426063692151
-98, 0.7157088923720772
54, 0.06906026962328315
-35, 0.4524458003626416
87, 0.8860487503186483
-44, 0.6946050063782182
-86, 0.6488627525658974
91, 0.1331320400169368
20, 0.666010155299641
7, 0.7555454235928947
30, 0.0351232376913585
-57, 0.15463989776145448
-61, 0.2828628537775897
21, 0.7624853658064851
84, 0.0856457803873264
-39, 0.04628971768943524
10, 0.878052324358886
13, 0.07643494854031652
78, 0.26919558065848126
-93, 0.36077259439493514
-62, 0.06719678355907022
-51, 0.5950929758612485
38, 0.35146423371315383
-51, 0.9430957525525595
20, 0.8424122417904077
33, 0.9825198157233257
-61, 0.5504231805803781
19, 0.08865103109341776
-41, 0.7111380268484969
25, 0.4226520457300763
10, 0.744120255119887
-17, 0.09389180050301771
34, 0.4164348058383409
0, 0.6747433070067536
19, 0.9305652731592986
-90, 0.05353083337177833
39, 0.4068948130779859
-24, 0.04865148333303182
71, 0.0747689546062027
96, 0.15794623052880152
-82, 0.029850469785486222
-20, 0.42891073446981554
-27, 0.4009447333760744
-52, 0.41104808656441694
78, 0.05596645031572933
61, 0.7222792304961544
-89, 0.40775968036530685
97, 0.8205848690220385
79, 0.3141538261667983
-60, 0.0664724091633766
87, 0.9146174823394213
-25, 0.012943279780040284
10, 0.6117426613390893
25, 0.4053437952207979
17, 0.9384220275809543
5, 0.6496097094730923
80, 0.06902308278075653
50, 0.5532753701599359
-99, 0.013072706439204551
67, 0.08858938875716216
46, 0.8434037307142962
83, 0.33882781915386306
6, 0.7709578218198275
-75, 0.4571304153768295
-72, 0.45954632019487185
-39, 0.3071420585347163
79, 0.6422719447744935
-58, 0.213005425309173
61, 0.42145672015290425
77, 0.0716840798383862
-90, 0.1759352329932321
-30, 0.06806035529831467
-17, 0.7257521829181682
54, 0.7959210472175363
-79, 0.33841228660583644
-36, 0.08807591560022188
67, 0.2852228567762133
-10, 0.5887361413161973
-11, 0.7824164349933271
-64, 0.15279061645002756
85100