3000
96,0.5716700036496756
-67,0.8363905819335389
-100,0.8339973611407852
-42,0.6475577250496207
-43,0.984225666623875
-65,0.8153787081052217
-52,0.8448935016312995
-54,0.9097890281813001
45,0.8919109759451277
-63,0.2086896927982025
-91,0.9340426606804088
63,0.9948637708670499
51,0.22954495078838688
67,0.9628736084420021
-71,0.5451650880383057
46,0.6133939047638999
-64,0.07506633949725205
63,0.4447207592064333
63,0.6775920820321177
49,0.7787580144050926
-91,0.33834684273059523
-68,0.8154091787832417
90,0.17670663407476483
-41,0.5194067665895576
80,0.243049957830754
-89,0.8722358149114551
-95,0.13482843615961926
-54,0.9246122734841553
84,0.43579504544169634
97,0.658254615507224
49,0.7646338894689072
95,0.49634762769114416
93,0.9328619993181178
-66,0.11768459919288987
80,0.24880383528945127
61,0.14814775898317212
81,0.27189871068740457
71,0.08373900436242454
94,0.492443360337913
-42,0.09121650507155066
-87,0.17456994384550029
48,0.925566580368498
-80,0.4089192371514524
-41,0.2787086790516534
81,0.7458131143499422
50,0.25228440588925394
-64,0.35511232987534536
84,0.041030162678248217
-46,0.7363426974339512
88,0.17462146697773095
-90,0.5986840156289566
41,0.03816341894484521
-40,0.677271545778763
-45,0.758480382062949
85,0.2478068052137622
-89,0.6794390925806675
86,0.7591944115589934
57,0.4697644760202465
-77,0.9029113694568173
-62,0.7168392650479594
62,0.17280483839233363
68,0.6061063173597919
-59,0.40035352433822613
-97,0.8048315605957694
-91,0.2540938327765111
-55,0.9386722886311204
-52,0.4095060697840722
-57,0.43789719672368976
88,0.18440473408001423
75,0.046007801767166345
-56,0.3176325331807467
94,0.826330742669769
99,0.1840956676392702
-93,0.11192617864274446
-84,0.7910007680212873
-53,0.9515527518018749
-60,0.1082873223818498
62,0.2807331085646645
91,0.6360463103091805
-62,0.2540909373457757
-70,0.10415024299743258
47,0.015618654197075865
90,0.10099705931558567
84,0.1505494371914593
-57,0.5214129034575029
-76,0.2898363547717193
-78,0.556221822680754
60,0.850299648035112
60,0.5812475666877807
-48,0.8553295837681658
47,0.570667664634433
73,0.748290757488838
-81,0.40341837426111016
-46,0.27975323552794695
-63,0.762101780446379
89,0.007291170244788647
-95,0.8675520761555944
-57,0.9203782585173433
93,0.4404757405366688
-51,0.8110372362051905
51,0.4416184794827126
-66,0.5121559724557333
41,0.9865812135056027
47,0.16917857433644257
81,0.5491845301911844
-53,0.5872575337043352
-99,0.11226785097520853
92,0.08557458444327426
-45,0.26673218313523317
-68,0.5146933449195122
-94,0.6338458091617162
81,0.36340966681515385
-56,0.14330690664192836
57,0.5511564191203099
-66,0.15689669216629376
80,0.3137593841957026
-43,0.7169903458854603
47,0.9280222728679144
57,0.11856817082976923
-77,0.15865382817402918
59,0.8661669177440094
-68,0.6644773432225157
81,0.9625298142970715
-57,0.9753482995341478
-93,0.4782810757667193
-48,0.49303717035051986
-52,0.8321180273650787
79,0.6154254518539962
-99,0.044758192199217284
-65,0.011254051154566458
-100,0.058800721679023504
63,0.15051747343413568
-92,0.697988825612982
-71,0.9322033670320435
55,0.8959431713631688
100,0.045850502365089585
-70,0.8947524748706883
-86,0.09637694992791057
-41,0.4019583939533494
91,0.44347787763571334
-74,0.42018370170964403
99,0.7289005411242019
93,0.11227682072260625
-91,0.6489825057245375
-71,0.637359960278174
51,0.27853161507938196
-92,0.15617166210989009
-71,0.15859329563639857
-42,0.9398169601431708
100,0.0586830645551194
59,0.7723279359525059
-72,0.33807390166206297
-100,0.1777741629207762
-100,0.8257570560135261
-85,0.7561445936844031
75,0.17040683287656244
57,0.4235792969058758
-63,0.376362645002978
67,0.23211080591436006
-86,0.32620937622151525
71,0.8178575970699303
-81,0.22252967041143934
-89,0.2861991942359077
-72,0.17898249265262178
-81,0.39507785608396606
70,0.4128203518782827
85,0.4160698905875846
49,0.28670723086911243
81,0.7257241847728382
81,0.6072796264758475
97,0.46098158691949
70,0.2919679129838707
-61,0.9319883610194426
-100,0.5854536269482852
-52,0.6586564347141105
-65,0.1546949522519966
-72,0.13487514899686903
45,0.46924532772267635
-88,0.7429480592126732
-53,0.12478445279103711
-53,0.6728385684454733
81,0.07616498670832672
-85,0.5440129377689613
76,0.8862655677086034
-64,0.4955442286987445
-83,0.9835726618359399
95,0.3817871013578421
-56,0.8603511323943288
-99,0.9810794132329225
91,0.08079835246976952
40,0.6539218525511148
-41,0.7416205706949388
-68,0.05090866727522125
-50,0.6135651725839373
-44,0.41093362441314796
90,0.9597484304245395
-43,0.8640999021866242
-84,0.9839294694001179
91,0.3841745158852016
-84,0.9086060980858115
53,0.560822086850569
-42,0.8589911485084263
-50,0.8863319369598002
-60,0.465228136681174
60,0.4948421617819847
40,0.46291647714487016
41,0.2395170190044662
55,0.53304835958195
55,0.14572579671510577
-54,0.27935440068411566
47,0.9026033479832071
57,0.08697595593515917
87,0.4336727653357285
61,0.775117160321925
-90,0.2673287454340625
44,0.4722945615977998
73,0.4733943279951228
-70,0.17103432837937427
-60,0.1717748185136776
-56,0.5150325183177156
50,0.8981667966554366
40,0.732178755253571
-72,0.5401901572852372
85,0.33836578034634535
50,0.7611718397260079
-85,0.5272021715753664
-46,0.1997249393260786
90,0.6477794838423776
78,0.6784605893971769
-42,0.1153068486774631
88,0.8474960271660513
80,0.6471278700335591
-79,0.31635543427805857
47,0.1594191460320612
-70,0.34550341141500296
55,0.6783967766813456
46,0.5458296662310995
69,0.5354195651765781
47,0.006270271936099636
62,0.13988652560269477
-42,0.587381751635315
-59,0.10982315869264869
-47,0.29868038850122625
-88,0.23069728656586985
45,0.25214800330881315
100,0.9920932139911076
-99,0.45133871217074883
-86,0.5938131894380579
82,0.9484730071367707
-87,0.7328100002804863
75,0.7598816869226551
100,0.9857452442952048
-42,0.46788497276906194
-57,0.6352056888098251
83,0.01501607002454508
-92,0.6876075116865364
-55,0.6903987006192601
81,0.07511548191211093
49,0.35966649783702775
-71,0.4906645714709298
98,0.2562959323133249
100,0.4831839178637567
74,0.05646320898434787
84,0.7388030461559433
52,0.94000936273706
-93,0.4332047329554044
95,0.10090345062737538
70,0.09104335928711016
42,0.9314630753581794
-88,0.10176144185285585
-58,0.3508711889721605
-86,0.3791222565269039
48,0.4811985589469202
-99,0.2168748065814834
63,0.8598015506787978
85,0.17834088825180439
71,0.3978426374559195
-41,0.49715270760115304
-72,0.3986281179364729
62,0.4842868815379897
-68,0.6999492561632402
-45,0.49797690709694775
42,0.7307521607925274
-67,0.1937032021093601
45,0.3189746180048568
74,0.7275498792996007
-99,0.06462535104034628
-43,0.9246904714883099
52,0.12612097373778486
82,0.8731646313742193
79,0.25013822903086647
96,0.0795937894000347
-53,0.7130113737111137
90,0.9868488520896302
-52,0.7078588025182146
-42,0.9533386455283611
91,0.2946339653296852
62,0.5195741882893176
-68,0.7842670291165246
-80,0.12064525926651437
-90,0.8227213098785604
76,0.164510396506513
68,0.21148224168460306
-55,0.2974638895339302
-71,0.8987064435381861
-55,0.5723430406388658
-42,0.6165828024444524
-41,0.3651386916037379
68,0.35762397383464595
-55,0.13546282796289788
-82,0.573468151902219
-96,0.2702208240134585
57,0.4578015334481411
90,0.202873209117159
-90,0.5193152623558935
84,0.0685164215017271
-87,0.45591264990890124
-78,0.2839524948700668
-84,0.9680331655536494
90,0.4688683073582459
-90,0.9729396912892344
61,0.026745436955926682
79,0.8447205956019145
64,0.8503350349353794
-89,0.9638209018328938
-78,0.015248218806961256
-77,0.4379835271642505
42,0.8758446242608715
98,0.2920333116118342
-98,0.7201904473570396
51,0.4210707353816153
91,0.5060642834968606
-75,0.8800890800220317
93,0.25910589837813147
-94,0.6281373667524625
57,0.42914193834669057
53,0.15789940074148623
61,0.9740236785853112
72,0.7885476824433149
-93,0.6651387025751316
56,0.06318738116902223
76,0.218899879557242
-56,0.21998003276726164
-60,0.37838640040481897
-68,0.16160680894695612
-87,0.16394952768596505
-58,0.5601986709856532
44,0.7366676333276699
-100,0.5489512913448698
63,0.870326775166062
47,0.977708260860601
76,0.9930300093070775
-65,0.0738141151506655
-49,0.36614152494682095
-85,0.9431087695823923
50,0.8342105893111099
52,0.07628599258663882
-58,0.9635884480442827
43,0.5658200760550639
96,0.4390604754402734
86,0.276754589561204
40,0.5970046712354503
46,0.7049468405277257
-79,0.621023258333929
-66,0.6685958696416685
-58,0.5329603099466669
-71,0.5484061225981945
-42,0.8906355637199057
-55,0.26952432060618325
-82,0.4060261293633525
-86,0.12104145527646004
-76,0.26718154978448516
-50,0.36859531686785785
-40,0.16765089821423518
-71,0.2302990284910874
96,0.19304789033918845
-71,0.46932970057711565
88,0.2006204792556605
-79,0.6871427564311041
-70,0.9599888811399816
-86,0.474157123520736
87,0.5478595155553424
42,0.25023693856695495
89,0.643426538562767
-54,0.78135093005929
42,0.9318759739475904
-84,0.6330266031799072
-80,0.6590735849184415
-62,0.872854853493775
89,0.9999375448060617
83,0.08619730901719314
79,0.7055818178963127
99,0.6598771171601376
-94,0.020107864625107386
97,0.5220973259140107
49,0.03758253129952449
-66,0.3228551177630503
50,0.07456027615979399
43,0.8830575666272427
-93,0.7253991668629206
-99,0.6333699370828648
98,0.6491249858618672
-47,0.47214512145394727
55,0.8008771100687853
-45,0.7778163716695423
46,0.401815134407002
-43,0.262738554256412
77,0.9631888887959448
-62,0.5161115100152321
-68,0.8081162876680925
85,0.7824146157793311
-81,0.8241379725850103
80,0.10345014274076503
83,0.3271126742884093
-46,0.026987134855960826
-46,0.509397460108875
-93,0.7790932468134201
-62,0.7100628573029324
-73,0.002140752351841746
94,0.8002846997769788
-83,0.7834012839321127
99,0.08182644756939994
-60,0.9129542108357374
-69,0.900086958890857
42,0.8028013577037625
80,0.46558233353280176
48,0.7257079890329609
44,0.3396165808024416
-57,0.4621031952425133
-42,0.49256844521508836
54,0.8117245385242478
-71,0.4985890312912974
90,0.984555929944482
-50,0.14111163626685785
-77,0.6495894757766278
-60,0.7125809589483101
90,0.42226440741910265
58,0.48300570418373123
75,0.10995421455284327
-97,0.9597390420219005
-83,0.9230592026149823
81,0.580334310755085
-76,0.6762222631534974
-76,0.6770752027449798
68,0.34464285068512013
-95,0.8721249088778217
82,0.06477248958038195
-57,0.3430973107273164
-80,0.15280963900102673
71,0.6177586998527855
-96,0.09997471469806463
40,0.08168861731274557
-76,0.9477638967319348
-94,0.22285076303505458
-91,0.3721040171570512
-89,0.6915634456311998
90,0.15103810274619323
56,0.5633533552956584
-89,0.16036246370798546
-79,0.18629056998007443
56,0.35523844475533684
-64,0.7449249099444363
-43,0.3385675449431962
86,0.14178974488628238
-98,0.589822104938584
-63,0.08714575992823193
-74,0.4976691992455662
-61,0.8913710036306592
83,0.2883375048554552
57,0.505951079912181
-93,0.31710784898583433
-95,0.8828003997415756
-99,0.056034554963050875
-56,0.8826906153676382
45,0.29612851021204056
-71,0.31753973847888983
80,0.4314792888101143
45,0.45451319070860463
83,0.31651649358560885
72,0.5292223879989217
-94,0.7117832728605552
-85,0.7383142066297531
-52,0.1498228561777717
77,0.42659060907079516
49,0.5682850752764748
-81,0.00927226618516952
86,0.9449982249074407
89,0.7255345609040099
43,0.6179974203534448
49,0.8950407033189169
68,0.9364563185220908
91,0.6255368893641566
-92,0.33586034371851115
55,0.21794886153999082
-90,0.09793896084724263
66,0.047740834295818324
-92,0.693817264740458
53,0.8201068716553556
-41,0.23415692489442796
-78,0.5450240601354278
87,0.694957153542528
51,0.7400966890576044
-68,0.05003165631673312
97,0.5188741585229522
99,0.5344432316545595
-88,0.7749715263280955
-78,0.06646514839638296
80,0.4335263343142557
-40,0.46367409137491356
77,0.15757428926349692
88,0.8619163715371618
-73,0.3047371705002575
61,0.5601009067565801
-85,0.8067256972585938
44,0.010664545859744523
46,0.8587331509554335
83,0.5123501131416197
86,0.36662046367094236
-45,0.2614907107452763
55,0.40628601614966686
91,0.21877778589557118
57,0.041810160637840266
47,0.9546110993672045
-58,0.6575317628764362
90,0.4673085219271823
-49,0.05544009799380756
85,0.4100469663529225
-43,0.4150633881596876
91,0.21538836675362183
59,0.41094601874951
71,0.037217262643675864
-90,0.3259923596383659
67,0.021107236909415295
-42,0.5212065017848025
76,0.2133921881176718
-48,0.6480871704499397
-86,0.9900238061891417
93,0.18418519400876188
-85,0.557747015694643
42,0.2907617987443959
43,0.19695160179817484
-83,0.330386438887424
-42,0.08810729629903091
64,0.22860090563851088
78,0.9179420284912015
-89,0.9449867526972588
-66,0.8890781602874497
-63,0.7532723941841203
92,0.16492623825161334
-92,0.5762941162220984
-76,0.3431017340291088
-49,0.9290924098433074
44,0.9539550973548038
-98,0.882225156414204
100,0.6800884204222734
-64,0.04817175324151135
-81,0.45770178291638786
69,0.7377805958674137
-79,0.5866197108170715
96,0.8429864903448482
-95,0.6938696250309624
92,0.5290371837384145
56,0.8823209023858608
86,0.7073801628489564
87,0.6833730508181461
97,0.39296451797734055
96,0.8188544504598737
-92,0.20141844061896985
-50,0.07563677069114527
-51,0.32741322524045713
92,0.3860859777236696
51,0.6711816281637846
-93,0.08308487353068561
-52,0.2919107410563595
54,0.12032639842104786
40,0.9014942310139867
69,0.1928677877244751
46,0.6474396868892848
-40,0.3011552107787163
-87,0.3377548336817561
-85,0.5311016854635334
-45,0.5421628690897818
-74,0.09618203291804095
-74,0.5624438386127742
99,0.9433717837659481
89,0.14009830184994654
77,0.16720395454852377
-55,0.39255037543308635
88,0.8249771886527278
71,0.911036070885508
-77,0.48656931673626425
85,0.17607389532464113
44,0.4853715265141971
48,0.5525289441557792
41,0.6291586164880755
-94,0.6089203036074772
42,0.36348050467067616
76,0.4985763920925045
78,0.6032459348214462
42,0.6679257475701712
-86,0.7240537281690616
85,0.38466210933010325
88,0.3626050913503004
-43,0.061406450813597746
57,0.5599347789614211
81,0.28509294290050624
71,0.5025767942527111
-97,0.9355456057927996
50,0.3011102152421944
-92,0.01612720095541209
-65,0.2844143254390943
43,0.4430937715840033
-42,0.5886247132724146
-40,0.3071688117089335
59,0.05507690929622888
53,0.18027243757604927
-76,0.8099258577774254
-68,0.18234288512262775
-68,0.33374159132278525
-91,0.4284346095373883
100,0.31192914795132554
-88,0.4660575720572715
-94,0.32165596187734613
-85,0.5989505284693523
-55,0.2090698211963038
93,0.9286959870345376
58,0.3585554150313104
50,0.2729507213061917
94,0.4858350580202698
-60,0.22237100213690342
-91,0.8967207272262684
95,0.7519722674438336
66,0.6567463649828252
96,0.421714901123342
-72,0.8928525634216553
82,0.09121877247577426
-89,0.5914890177407638
-51,0.6809647724179329
-77,0.12829173699158924
83,0.17405804382807932
91,0.2388611926292239
89,0.24614389209888088
-71,0.8597153392086284
-56,0.50454594837867
-65,0.890442773253273
81,0.8199279665801509
-99,0.37529024291686786
65,0.04417895420629914
-68,0.31335994213528295
86,0.06682457866243274
-51,0.48536743488333056
-100,0.5997415067488422
-73,0.5512484788157563
-49,0.8675830050171651
-65,0.7121519353309366
55,0.9810290347655487
82,0.4434947693289798
-40,0.7842907165323345
-49,0.9593845259611653
-73,0.39039105664047635
-55,0.9450608248209444
-91,0.08140194786155575
-96,0.7409235466023641
-53,0.2804529783447458
60,0.1426755313445336
-78,0.562982699176186
84,0.6262158920346528
49,0.2220393682644981
-95,0.45790127784062584
-62,0.4327456797448521
75,0.4209985926430819
-81,0.1612355375820833
-41,0.9035615150750892
-48,0.36098784074182344
-80,0.7431734025350863
-82,0.8126880734642559
-68,0.41724142990868207
-87,0.9513319159872902
82,0.07664856887611338
73,0.8356592961198893
83,0.23405037439829945
-59,0.8402128670324044
-52,0.09004388000681307
-68,0.8700147543875517
85,0.9805614447009451
-44,0.7333387037944981
-79,0.992505712191381
-81,0.47123645046999496
-85,0.6728200198263631
-96,0.7858947758753394
-72,0.9654814832719796
-85,0.47671926598639736
-57,0.08353968140220569
43,0.8670491867927174
-92,0.2571537719644035
-100,0.3600213366527244
62,0.007080280840972231
63,0.41435627666357266
76,0.35533590722268926
-49,0.6854039016603893
82,0.7955301470201204
-57,0.7799442990291273
-97,0.7649829538159206
-62,0.8619097092910148
-86,0.16518998770717985
46,0.1979121268811409
-41,0.30807295966202497
87,0.014393389236111553
-44,0.6799835822648608
84,0.7611493728357142
-81,0.5364651737134527
-42,0.9383311272931711
97,0.5067962110702536
75,0.08583267224906144
-92,0.8024436770093326
-91,0.7859011850374263
-100,0.0074687796001911
-84,0.6631410212094505
-47,0.767005987258511
-66,0.3427405953667966
-56,0.4831517904172665
56,0.250270632631993
97,0.6425582189162532
-95,0.49794804578848373
-43,0.9189502589597834
-87,0.036620539877548874
75,0.2645295776296235
78,0.7843158527503046
-48,0.8902670030883987
76,0.736057611705079
-58,0.16552081536760843
100,0.6714395472699851
67,0.8869783409409089
-77,0.20246006304068032
-70,0.18595268273715404
-63,0.6312663168435215
-53,0.18755246604459774
-42,0.643276499181283
-84,0.7967819243572426
92,0.8638082687002097
-68,0.07244837626866885
75,0.01462766580886199
-62,0.23270410583040102
87,0.970160423301077
66,0.604608429172578
-79,0.7215159381248228
44,0.7383640003727918
-89,0.7906273788165659
55,0.4245848807702588
62,0.31799783358741784
66,0.7154458018716615
84,0.08767681147654205
-75,0.00881782800528541
49,0.5047131230085619
-87,0.3251170839335513
55,0.7466015139925304
96,0.6218069993763023
93,0.3549532753608784
59,0.1481519231474263
-93,0.6911865512664317
-70,0.7563984260021652
-71,0.3654914512182502
88,0.8341602622381226
-52,0.7673414682988984
54,0.2011316220834536
-49,0.6246847171990623
69,0.28170194309126295
88,0.43457185279145083
91,0.9995709150784574
86,0.11789880937373742
-66,0.7826656209479427
-68,0.22332871250407793
65,0.4737703891307923
-56,0.9490944070640451
62,0.7371442641402927
58,0.5656879408740365
-95,0.1724987739144338
55,0.04745306932411153
-69,0.9991405210965428
-41,0.7874762693729347
57,0.07457675186201596
-54,0.749210168407935
-78,0.6487865403585276
56,0.7618743776651877
76,0.6286565813704507
-91,0.4974010147711434
-42,0.003364932909344809
-78,0.9676917461920798
-41,0.24299933397653284
81,0.7860157261895785
92,0.9772686810647199
89,0.46992167346402314
76,0.6522826813962767
74,0.39009687849721797
-60,0.4801394444570062
74,0.6458494169595578
59,0.18319797570830076
52,0.8696039416344427
-54,0.40277533989269354
90,0.3169000576789278
-96,0.316572501879798
78,0.3124066440969062
-50,0.8820009376974443
90,0.31457696890231324
71,0.10097859387680275
72,0.2905589848395981
-85,0.9585435053445244
42,0.40825597430224825
-86,0.9112689826171075
70,0.044044701970293754
44,0.4460614529720014
-54,0.9532635747913925
-44,0.7652030689856534
-46,0.9774737313707627
52,0.8148219749127951
-67,0.5795831514956519
41,0.9123062136834009
52,0.657748633497607
86,0.1601271674556567
-68,0.7346952856978708
-75,0.6913305977870311
48,0.6345087174271367
-43,0.8734386492072574
-83,0.918474115131917
-57,0.7161623743082384
-54,0.5701988249119643
-55,0.46325310548429266
74,0.003724308801914211
91,0.29474662562988063
-55,0.36289885776459874
-74,0.08313189917090746
-59,0.12285854140485297
87,0.6115786323281419
49,0.17258887105430532
-40,0.7158903050932488
46,0.21937809784273954
-55,0.6115354766351176
-56,0.5203141193919646
94,0.6358025910213156
-58,0.5122346983327262
-89,0.7112998633520842
-97,0.9197530309430729
-70,0.7247815876813912
-54,0.8018145153480779
-91,0.43435331010583944
-49,0.8219804520884261
76,0.4538424483075122
92,0.7582001104965707
-67,0.8164936336460044
-59,0.006757298839729198
-79,0.857761843021644
-44,0.07552979144303018
-69,0.9610572157419693
-64,0.9374672656144182
-94,0.628695626290914
-53,0.6506880321148867
50,0.4365036709503569
-73,0.011859764146810226
-68,0.5336196247327266
-73,0.7502247709671163
-62,0.30374706861675904
-43,0.0870476280041631
-56,0.7208092301946573
-79,0.466315318903722
60,0.43659402136766534
-91,0.13474721870037598
46,0.12217591627897617
40,0.6307364195685679
-53,0.4558761129467681
47,0.39153748226271934
-91,0.08112936195717713
41,0.7552488873206672
70,0.036340198490477205
-47,0.908953617738333
-66,0.5397364081275831
-42,0.49744026676918096
-89,0.5650867838540359
70,0.9795201080098482
45,0.604298777211689
-66,0.6129959865633106
-65,0.13132361976423967
90,0.5173670029291981
-61,0.07507364531901961
82,0.34853052570077925
-74,0.6094276392945184
-94,0.10586207323946228
-47,0.5737124912582522
44,0.7535254346677823
99,0.1607853456828453
-85,0.08973111214097051
60,0.231095080606185
54,0.44558370906763634
-66,0.8246081423195022
70,0.7854269995945165
-68,0.5085874381018114
-97,0.9501253942552201
54,0.9938957371863371
86,0.6110478298492646
-49,0.6173535339790772
-45,0.853812279870231
-65,0.47994718819581206
49,0.6958932000615897
47,0.17320276719205796
67,0.6604044145886913
84,0.5572959649021347
-98,0.31978669541379023
-95,0.1785561458845809
-88,0.4184145811277785
-100,0.8506716918684273
-100,0.35358181795882415
58,0.15846645725541098
100,0.9018416507645323
-78,0.17656779933475375
-73,0.724807913694975
-57,0.29422809399018157
-85,0.3684269498355607
51,0.4842215102709362
-91,0.8162011163395363
65,0.6959652565380554
67,0.694292696127997
-84,0.8542878019098982
96,0.6199049138764621
42,0.5346873768680326
-82,0.9894848032868815
-40,0.10821715652847574
-77,0.4164138521589702
-56,0.6146533531788544
40,0.635857244210978
-71,0.9573222938238314
84,0.7248727892065708
62,0.10848683759063993
-52,0.05689846143464028
48,0.7777460515673595
-58,0.28013348118405734
-44,0.6003368669874598
-83,0.4285148449183386
99,0.03601933436261606
-49,0.8320089540970944
-44,0.28647981257097466
94,0.9704503220589937
97,0.10962415015565596
-90,0.6334556437059132
51,0.1681096185005021
-61,0.41993487440307353
-95,0.747953839772968
98,0.5869519713129117
100,0.3376654519784089
95,0.7823193088782938
-69,0.7012887241418203
63,0.15213116132267346
86,0.007897095227830109
72,0.47786718452251187
50,0.10888221591034586
-85,0.28276534017620647
74,0.7619701492173511
96,0.5595392168203516
-51,0.08197889404648395
-67,0.8574868234890466
45,0.6132644807436153
81,0.7635194991617137
-79,0.5435627028012469
69,0.29617175893451364
-47,0.8551212524598444
95,0.7723967479313437
69,0.7938598631378567
-40,0.31270008234147817
-83,0.35364500343261585
-94,0.22032795626105095
49,0.4590977074877829
64,0.04484494278902862
41,0.8907692498498453
96,0.6501759887992837
86,0.4507473631894605
64,0.12333415056213803
-67,0.400145133648091
-47,0.8445267659765766
-73,0.3134543605444108
-83,0.5946644287760148
80,0.45501486214076636
65,0.6956551453211145
-43,0.872088422512843
47,0.9960394196249517
-84,0.16508250611204878
87,0.05392374888861995
82,0.40181953538198667
-93,0.2958402627332286
96,0.718496988514842
94,0.7997620398211855
-83,0.6398546599901824
-46,0.8593277900444357
-49,0.1654130888637363
-83,0.7212874341145693
-50,0.8334455135749551
97,0.07681348383193687
-97,0.681198140511576
-98,0.6477945812309431
60,0.6760045211732407
91,0.8003259725315863
43,0.47020379596202455
59,0.6887522949767665
-91,0.42164284080064707
-43,0.2748387729152242
86,0.6751232725609271
100,0.3586123929626299
-78,0.6881705782171861
86,0.8214139269944905
69,0.14230672997146698
70,0.8296483608750178
49,0.4595761319434041
-46,0.13215539618999994
85,0.660008427981654
48,0.5482058613408882
-46,0.5812280936489058
51,0.6706549527733238
42,0.334391229085942
-85,0.9741613285292298
94,0.6045195562170161
92,0.3366528328651467
-58,0.09721539951311964
52,0.25904885628028806
71,0.18240140932258764
-74,0.24992348528869424
95,0.9494902848992713
41,0.2652295080992214
96,0.34322793222154535
83,0.23593734494309004
-41,0.43696886049387873
-70,0.4466415286337043
82,0.87756389117561
-95,0.3546368368215166
98,0.026217185301757873
84,0.7610838391059321
98,0.7610798583142189
56,0.6037055424811019
50,0.5040916367641258
-58,0.964649115524601
-90,0.006388162500873817
75,0.7489972420771785
-96,0.2588089112591304
-47,0.35083724460584975
45,0.5876490093761378
85,0.08733143349761885
-63,0.3173952236058414
-84,0.24004334435265962
48,0.11400266182242369
95,0.8306504835050879
-70,0.31215243252548375
53,0.2995295063888147
79,0.7413600030027457
72,0.7155730490927903
56,0.12788095702738955
-92,0.07965238913755213
-48,0.40681075890158647
-89,0.3886670621455903
77,0.8419500957705744
-76,0.9890339967062495
-67,0.8458847948364479
-96,0.09530497649634195
50,0.7109087425407316
88,0.29952590283507075
-77,0.010128695928476206
-82,0.20875265836192292
65,0.3801805407457044
-81,0.6712324269482282
41,0.44093632644429104
70,0.17618298746952243
84,0.19748916051993937
78,0.11852111654331743
-69,0.8752987140859645
80,0.5295935129530679
-70,0.49601121130868064
99,0.2998640009304996
55,0.8601151246887763
87,0.7121471171259564
100,0.9798554117049199
-89,0.5075164919802623
48,0.43393347607876986
82,0.6042436592696863
88,0.8923187255687316
40,0.7574550512534908
-63,0.998465553642968
92,0.7986692837406252
84,0.47647124231399873
-43,0.9356590001067604
80,0.34694801815489773
76,0.8704596293784151
80,0.34797349234683383
-97,0.04373549424034273
-61,0.44239772347178097
-97,0.11465178226005879
-68,0.7916312750763714
-62,0.2050512962094998
81,0.9460357072905322
-58,0.4838892594229032
-71,0.6660447264536191
71,0.2419483979828393
-100,0.684631347548674
89,0.7478830326555985
-79,0.5548097887905237
-44,0.31528525919873973
-60,0.21524413159180755
-79,0.21802091013086455
-76,0.03808206371580214
-51,0.3294589021447366
72,0.3968178428022736
-80,0.7329566103590154
91,0.47491426096091804
-51,0.5492277556533813
-58,0.41030748154094643
86,0.9847988558975956
-68,0.48463018902361865
42,0.14906852328103082
-55,0.9824969869139004
-63,0.6805598728671143
-59,0.39459999179053384
-44,0.22146520812693793
85,0.6633913724919357
-72,0.47981174699110174
-50,0.28213243246105724
88,0.10744153880808793
87,0.8830441367878775
-53,0.1270385152284148
-51,0.8798020272240058
-80,0.7808131635230732
-96,0.17090676290077367
57,0.7059599057598592
-79,0.5363800969686581
87,0.4170491779093711
-62,0.3592645379824313
66,0.48314331634447505
-70,0.6296405875602428
54,0.2082969269642141
-69,0.8120485834193326
-89,0.37950789200178203
-51,0.3126630330164104
41,0.948038364665751
75,0.721290871084094
73,0.710865148028627
-64,0.24185622677985108
-98,0.9020096879299058
-47,0.2957161411198045
-53,0.4724286124654792
-65,0.9827785143091647
-57,0.006430793849199756
-78,0.22944009532684184
43,0.10726465031572252
-62,0.11893117497540273
97,0.49025436055060634
-81,0.18347081712122404
-94,0.39494520847669756
58,0.6990540417607983
74,0.6050590921194353
-68,0.13868630913358504
-96,0.8242028461313341
-66,0.5500528580618773
49,0.26437537856907456
58,0.38618778660891273
46,0.5721768401988419
61,0.15554063057065282
-59,0.04364573330360677
45,0.6094052631981467
-92,0.0028787933402047994
66,0.2540758906931221
57,0.1726865550963408
67,0.9820576594979459
-86,0.41879481758730464
57,0.04653270682738031
67,0.8644315573561352
55,0.4570473426428977
93,0.652080688843423
42,0.9186390208493995
84,0.5669015978516996
48,0.45359464407161687
73,0.9655952487005628
-55,0.8825709971103647
92,0.49975965853634974
100,0.9633949295416645
79,0.6490565748981809
-56,0.5205930463503851
-60,0.14247315904571778
75,0.6913073032093562
86,0.6418943499539677
93,0.07408451516211156
47,0.17802118692722757
-78,0.2220604482530164
-93,0.4919109058673994
-42,0.46289584648255655
-46,0.7642467498253753
-68,0.36168793184037096
-89,0.9676528199471847
-89,0.442828006750032
86,0.9043692535159709
78,0.7408814295366449
77,0.6824332671341095
-86,0.8131313313063009
-97,0.11883618075129432
78,0.48717737774610426
-98,0.15923547360527357
91,0.5712709493404335
-61,0.5826069837708324
-71,0.27386882884271246
-79,0.8682654522338089
66,0.1788076695207177
-79,0.3851260312117284
49,0.33576087986236325
77,0.9027123967033337
-75,0.6500946539676581
87,0.5946562750133693
-74,0.10536470377888851
74,0.12331324209374972
56,0.004592081739182685
55,0.3643081147170719
-53,0.9678517089513119
-82,0.7986077653606416
79,0.7339532902496974
54,0.40401342918040706
-84,0.25906579161875365
42,0.9953088912666956
48,0.3266374631961044
-82,0.7608576888487208
65,0.03811862437843383
-60,0.23200273213523592
67,0.5656555532965811
59,0.9995976425801891
89,0.3545688608882894
-50,0.19943100032423633
47,0.2691578619676156
-63,0.5558560415299177
-70,0.6999133432687922
78,0.6718986350635864
63,0.3789228158146085
43,0.2463989936235701
-78,0.08409444494936236
62,0.08688748872455088
-56,0.8184085610143703
93,0.6640653439534447
-84,0.7099545051642712
-67,0.6537465661978532
61,0.3398802233823981
-51,0.45933193248646975
45,0.5320449582767887
61,0.2673684143749342
-43,0.6592272462368066
-40,0.3161622751739257
-56,0.08092402298232138
40,0.9490497869533712
-44,0.5374370753907269
-60,0.7667005784083203
-66,0.8100535723798895
79,0.014274570270816467
55,0.10929253784226745
80,0.8575366588768905
59,0.8796325194647291
-70,0.6759451236764122
-71,0.682712465334395
-67,0.07968210425420508
-44,0.7301800979342843
92,0.33162819464965476
47,0.4362559127289225
-75,0.9050611032423007
97,0.01840967286170936
60,0.35466964448034743
84,0.9276626347067944
68,0.7342344171878733
55,0.48890988499638055
-43,0.8115721646256843
71,0.09290349635156037
-57,0.053238264394300905
80,0.13737602947880978
-53,0.16181874330968093
-51,0.4630662749557405
-47,0.1218344374350715
76,0.5846125764621777
75,0.6613636744677802
-72,0.6555039231375479
78,0.5711317318054747
53,0.9252523228987617
-65,0.8873021632480735
62,0.8060238815739565
95,0.8754531169291504
67,0.4411162274539402
73,0.5287688653439659
86,0.5004984086418984
-72,0.7814868208712427
92,0.4763627457470576
-48,0.34790380935834897
-82,0.9371277151577349
87,0.42717371588522546
50,0.4600535736422956
-81,0.004764668465138344
-75,0.5046893442684552
47,0.06344763610113169
73,0.5314881765604896
86,0.26135195012582535
-85,0.6974581680333608
-81,0.0038590544117559356
81,0.47463647527737396
54,0.9324538590649701
50,0.3040838334176136
-46,0.6702764889768756
-67,0.7002259044849735
-79,0.8348059185632839
85,0.10556327754933825
76,0.3772747116912364
51,0.8275148356488031
40,0.9010998886223637
51,0.8965480105010104
-54,0.8034820562758193
-75,0.012511891614795712
-53,0.5716654724646639
61,0.5045771771834222
65,0.9350738227836405
-60,0.5453762815185004
-60,0.5541874257081899
-95,0.6234288969597325
50,0.6347625342729388
61,0.39696179532464604
-44,0.05060933464772943
76,0.6996342489142386
-77,0.889049946395412
-68,0.33294273288271903
57,0.590415269720236
41,0.8152996133747288
-62,0.2171697797391796
-45,0.9336872895954691
54,0.680768707594345
41,0.49573458174198237
100,0.6870642571646699
82,0.35902030606948354
-97,0.5865274114259018
76,0.6369844410356581
-87,0.4769012221406459
66,0.9792434979035658
-63,0.6869426186047358
45,0.29621761156668214
-78,0.9450534687501966
-77,0.05725853596684061
87,0.020888837521344406
51,0.9170199916411127
55,0.7271250983720896
92,0.5113641735315275
-41,0.8287607930168185
78,0.671999852782329
-70,0.46552430169062353
71,0.41427556255373654
93,0.12671220330389787
-60,0.9967084644063878
-46,0.39524596579258564
100,0.29114073044307487
-57,0.6077006210343375
-75,0.06173293369368171
-86,0.15894126739982983
75,0.4678049769563031
-90,0.4538416055880181
-95,0.8839197186383159
-60,0.9050161268532264
65,0.6903013209961301
82,0.9658642807933425
72,0.013038479413398973
-80,0.9344135301109051
-44,0.9875211733670405
-87,0.26799975132493536
-57,0.24679783557952895
-55,0.9048997199190489
-84,0.2812462349995477
-61,0.7304225608589962
-92,0.6249757041690215
45,0.8760875957829504
-55,0.5611989840060652
74,0.16640480621032627
72,0.032528949735734836
-71,0.284095325641864
74,0.5374959579488654
99,0.30763122871541515
56,0.10189830883151973
97,0.2716515823324873
97,0.5588641826915898
54,0.5386629877721909
48,0.7463261948517231
-42,0.6676236125182001
-98,0.24220811079243376
-95,0.38032652569343506
-98,0.5788567318594451
53,0.30935770844504207
-88,0.6975907906609967
-85,0.7518434628947287
62,0.6757883733863318
95,0.33188622116632294
60,0.4524193333918053
45,0.612805895669321
-73,0.6287021036012383
93,0.509969060802475
53,0.17960177766025187
-97,0.1886414280058828
-46,0.5957882021026731
43,0.7321018819653184
51,0.11666865440270824
-94,0.6170001330985455
93,0.11104800430380102
87,0.21003685229853253
76,0.6263291142947635
-77,0.5175360287418956
47,0.7390467202721069
99,0.08302649458142353
60,0.693658446993387
-60,0.6838434525984272
41,0.27324653223207374
43,0.662914625958963
55,0.28108964199956
49,0.8238489898659642
66,0.06754991427393486
-45,0.6843629330565946
-84,0.36960917785050806
63,0.03374740487342809
47,0.26353464068669485
41,0.5739154159729941
77,0.2030327985782816
92,0.4806104557921447
-50,0.12996404823175822
88,0.9322671783246251
59,0.7219643096597356
-64,0.5900851188451637
42,0.4665072279727449
68,0.13601828329961319
-89,0.4250166731194369
-42,0.8881381732619177
42,0.040205493698150296
-78,0.20835681750128798
-44,0.9271014229501422
58,0.5295919959466003
55,0.3210731402723238
62,0.8825303937176414
59,0.29806851019580816
97,0.4612363451612074
45,0.36232186840355207
78,0.08762823614233028
41,0.8597061782598814
90,0.11358932899191143
46,0.5310501914943558
-64,0.9231109738266536
-55,0.4950858614839735
-51,0.4929203540804933
55,0.9368401951246564
-72,0.556688818487277
43,0.6814648492361597
-67,0.5539366065030181
68,0.828555874144432
-87,0.37956315640554406
-51,0.3964348250847948
41,0.7735735579459367
70,0.9337389428422523
81,0.18371025091487492
58,0.766732174286805
40,0.9176194293897039
-81,0.7003493810003447
-93,0.08780041571423991
68,0.8301014291208101
-64,0.09444248298403146
76,0.6671994749792801
-54,0.4315093702880024
68,0.06283045856214653
100,0.32387864440213454
91,0.7372818873076078
-60,0.8823933135727172
-79,0.3890524881326676
-70,0.014376787711054106
-86,0.9572938041419724
-41,0.5551625555563283
77,0.2326362044979231
-54,0.9377873902846761
60,0.5170106462253901
-58,0.030103204648758486
52,0.7984622496208631
50,0.518719824020923
-49,0.07376448362863641
-89,0.7755602011520942
-57,0.1771107465903209
56,0.514182130436417
77,0.1801338397865745
78,0.6288089868670562
-89,0.05546094318808026
55,0.4492566682516427
-47,0.5470531700505021
-98,0.67030736740485
82,0.7854309078635344
-78,0.4958538539172298
61,0.10990179025643776
-95,0.03823309088568372
50,0.31406155707897543
-90,0.8341251875336207
-68,0.38173375438441826
-68,0.9733767069262628
-79,0.010375937634117038
96,0.9199059134855472
68,0.3756613027903063
49,0.6588732192356326
-65,0.7379211408372218
-58,0.49659699194829254
-95,0.457506826769818
-61,0.22492039549017973
73,0.6166271429132846
81,0.6361844813410114
92,0.8501890050450056
-69,0.6255456192875055
-62,0.793592787513301
-51,0.5716341879776283
-56,0.15291112650057892
-56,0.9626466373678413
-72,0.19963639109505094
67,0.5916880838075949
-74,0.16107025347878168
85,0.23194672101602798
-70,0.7069245717911142
-55,0.8091281653747693
-98,0.4769087052712929
56,0.39616764500678014
-91,0.32271951629175255
-92,0.18486244149950715
-44,0.8862794794450931
82,0.15263888647356694
53,0.055261739027935186
90,0.7927269364333954
91,0.24349989471282774
-41,0.7557249088824629
-72,0.8700313955607032
93,0.9436866366212311
-74,0.6541187757829515
95,0.7788668113706743
77,0.7181084737298361
-61,0.4531569692134282
-96,0.07452417297734681
-97,0.7566982923327586
62,0.9630782430958001
49,0.03145727352826011
62,0.057670261733079986
84,0.234610690753294
41,0.6589050581693753
-43,0.5049458921396395
-88,0.26580338648611357
62,0.8713048491606793
-95,0.038424089793499205
-51,0.33417637852839754
-73,0.5439191535424391
-51,0.889282577415942
-67,0.2605774574728317
-89,0.6854525107196693
-55,0.8017835631612825
99,0.34889408507998987
47,0.9342471974326536
-45,0.1334498615123807
-63,0.6877033691590341
67,0.4334718289736581
-63,0.18751477680532547
-61,0.9251099103009969
47,0.05383146778119785
-53,0.176245478832748
50,0.08340275647944684
-87,0.6188021438326603
-99,0.5106460355860049
76,0.8341464075081695
55,0.996631306606146
-52,0.8277884953952994
-93,0.9473420985274964
-66,0.4192747828876946
55,0.1606483692655547
99,0.7433138271731619
89,0.7552272264858158
-62,0.7357156967430633
61,0.9701693391101035
67,0.09018467243451733
41,0.6328136404419892
-56,0.6375552548246811
-72,0.781688198164187
57,0.1764881791922145
63,0.27415102293206395
-79,0.12336163791631216
64,0.8928988835113604
48,0.7391417210132567
58,0.9460458140912937
82,0.3130599891367676
-80,0.10169233266621025
-92,0.35825297540534484
-69,0.9451642621526237
66,0.31504405047062733
-44,0.7463706641712329
-43,0.3158092235835206
57,0.19261809790428974
-96,0.484531880534787
43,0.4109474710478398
-99,0.9080038381685724
-98,0.771483298129648
94,0.5985865587503705
100,0.5428785515781618
80,0.3855468014442759
81,0.041803948744886354
-48,0.02888711281453038
-78,0.07529516505829459
-56,0.8925952024469711
-83,0.07798475892053114
100,0.0802492217934998
53,0.7717876539991514
58,0.0024789516749412766
88,0.5650772831183348
46,0.28105857771147347
-93,0.4190139393857445
57,0.7071855037145482
-55,0.9633167810275477
45,0.561194533276439
-66,0.18088458460932222
53,0.007607068131431083
-65,0.7043675596404125
42,0.9336856467944261
44,0.3978015417805224
-94,0.5728424270975646
69,0.41808699625291457
78,0.50825231500564
-68,0.8654057222569451
-54,0.28938458433706915
83,0.7052195091008743
92,0.4080562612387689
83,0.15951344932941458
-85,0.9048147609532808
-89,0.7692832521780919
-63,0.43539055099333945
-44,0.8874000477058287
54,0.38566198448868394
-64,0.3000141880266256
-48,0.13770771037659102
-77,0.840314073024519
50,0.055376969667737086
79,0.36108366207903375
41,0.2622978270723084
-44,0.8980828130966816
-92,0.05590759805845502
80,0.6764069326894343
-69,0.4560924140416863
-89,0.19389673396641927
-61,0.1851528127977139
54,0.6322119281633034
-75,0.466483879194714
-41,0.48583584415835834
59,0.7026104846275675
92,0.5161391055304732
-91,0.02971480393523751
-60,0.9014288458945835
-74,0.26682408808757585
76,0.9999944519843762
-90,0.09530453376808135
69,0.22251151522157453
85,0.7707718236211455
-52,0.6393796654319265
78,0.02814579039349807
-99,0.6598782358237052
57,0.4751311458611155
92,0.21127518336962547
52,0.9543170439845744
88,0.6306958761910342
-40,0.5043907654032309
46,0.039752507584217334
100,0.47232078312343284
82,0.3963773429526991
85,0.46707078293251936
-79,0.07034490798183035
58,0.5383724705750331
96,0.5445875170431367
50,0.6888513148634733
60,0.3452063568877285
92,0.4525277299358862
42,0.20628102645939306
85,0.3061984988126991
93,0.7040405448710896
-94,0.521850969382955
43,0.5871486548335896
-51,0.25811625610836064
-80,0.989883063780027
96,0.1574912538009452
81,0.8625745658854369
-86,0.03494078941033796
66,0.7741715937212353
55,0.8744463883206978
-47,0.7361841421630015
44,0.895634443519497
46,0.6321407362501759
48,0.9059594044091328
-77,0.994288054111047
-67,0.14882399161731596
63,0.2974289827726666
-60,0.9189065203908298
70,0.20200514285510318
41,0.007867862672527592
-62,0.603887817701464
-69,0.6221989033974216
54,0.28157325253404475
-95,0.4765259574748927
96,0.9829335092797591
-80,0.8971351694657476
-99,0.08933340476366891
-52,0.6993443169926417
-81,0.4263846412816875
-100,0.44680551118241174
-96,0.2650995331359035
60,0.21965655722025046
-82,0.2475793693539311
-62,0.8610621892439695
-88,0.5661026593959502
-78,0.62814249381754
-78,0.6776682201650229
-71,0.4242354467137298
49,0.6174245821684907
66,0.15617372949403074
-97,0.3193296188732353
-76,0.9546878681430628
61,0.511813070818112
-68,0.8707152731943782
-59,0.7467571843842368
61,0.4584642422208288
-64,0.9739967956180225
80,0.26134063842421396
-46,0.08861926347523064
-56,0.4037079919109685
-52,0.8680952560799038
52,0.1749576978054478
-44,0.2597924076304362
65,0.9781794932574716
-100,0.671444974124693
-56,0.25013100604426
95,0.6180227969622634
-75,0.7791255618349073
-88,0.16414009019669784
50,0.2304258622298746
63,0.21327019736619923
55,0.0029132826200490847
-100,0.9908121506569482
54,0.794988068002153
100,0.470341863784169
76,0.3512557163964698
90,0.9396502442314217
-88,0.8346127599564883
49,0.09952382263729076
-98,0.5515209694120132
-79,0.7533892107729311
-65,0.422844139061882
-44,0.2652699170815893
-82,0.6005298715049775
68,0.03797028791270873
77,0.08418786044520365
-45,0.5596099176526742
-40,0.584412322996252
-46,0.36680517602096974
-73,0.34530630340922297
66,0.12478934678923892
-64,0.20150542599204047
-61,0.9920509402533403
82,0.9701058809573603
96,0.3487559303987968
-67,0.9209414621396886
-82,0.6690297581575713
-61,0.7259152386150989
-49,0.9174582696572822
-92,0.04648741257784783
95,0.9759042325500813
78,0.005491756420361149
84,0.6495248786863774
-58,0.8233616461471581
-87,0.1679451217900193
68,0.13838277022476886
50,0.46174228432680087
-42,0.12516803121018472
54,0.04420566641788237
-72,0.7652076222243437
47,0.017853441334641618
40,0.18875116222200405
-77,0.5241423960668123
43,0.21971478584651183
-69,0.09854819705299811
-80,0.3266906908558713
-98,0.6326994234343921
-48,0.4660082097191961
72,0.4971201907836189
-48,0.5403170040509638
56,0.3745997314620091
-43,0.7721256346992794
-43,0.293115445895213
-70,0.4805443997880696
-73,0.5420631784343314
86,0.9661907598822953
52,0.6853994807493835
-95,0.2594817439351742
83,0.844897986169101
52,0.8176503062168545
-67,0.17642187879010496
-97,0.20269518260321706
89,0.8778886549860601
-41,0.8136460262886342
-64,0.7910579367738857
-47,0.7501608373572509
-68,0.34763010054300025
-52,0.3593606254267028
-78,0.1862597399869501
-41,0.363360445967421
-60,0.6694340504067933
-92,0.221216167379909
-91,0.961849219746448
78,0.4766357101522114
98,0.5146606985911796
95,0.8530915724365351
56,0.21813854261315135
-63,0.24283263604994476
94,0.1398047445202797
-44,0.0982662109229423
45,0.4226638239840582
-92,0.06642960640186968
56,0.36089195260081
-98,0.6435842990228963
89,0.9461705700901969
52,0.6917586237336811
-66,0.8502185014697864
-50,0.5173750769185309
56,0.20708969170624214
72,0.9195918675954413
-64,0.027192182847707302
75,0.8689517633902845
71,0.22409584063035837
-97,0.8622806613713441
93,0.1910113329210421
84,0.24505237246451284
-57,0.5179402192271327
89,0.01579742001031126
77,0.7001431167152243
92,0.5873734145340829
40,0.7266022402814638
-42,0.3264456675522387
-93,0.9420404331336601
58,0.21538757813349563
96,0.0019058017789695958
57,0.8606671334051199
-79,0.5562623611252878
-66,0.12992509314496992
-80,0.24109744268319722
-81,0.6482885867907957
87,0.8751401828723385
-62,0.07553729547665589
-41,0.4734851868158384
41,0.7627159397378297
-53,0.8283572435777143
99,0.9334505730375074
75,0.2700887456853537
-74,0.7259964986453408
-45,0.6212877741973903
-44,0.18195740618205003
-65,0.8733527454589831
-48,0.8823344867596389
-94,0.3416661212145863
92,0.35738060456677
-57,0.8543269438026032
-92,0.4705594690474457
43,0.27513447545764436
-63,0.6762858199494289
-48,0.49631811819701577
-79,0.7442106266015349
-73,0.11744375279008035
45,0.23840623419300144
-43,0.7768707615369633
-99,0.6373144532718834
98,0.45955891716191355
-52,0.5197827733687028
-61,0.7740344413599022
83,0.1545973561199614
-88,0.8916464827852403
-89,0.18691217970177576
80,0.5582279143884691
-93,0.876788518999014
92,0.8228985149096198
67,0.6152339619832792
-43,0.1476112603027625
-91,0.7148329354236884
-90,0.6463740635160841
-59,0.8790768191728123
-48,0.902728957506791
60,0.3212477212513679
-53,0.19151552181548326
64,0.39522380310154626
-64,0.8152884773793962
84,0.3725199727117102
59,0.5017238868262792
92,0.8485448786787253
-78,0.5062904134873857
-65,0.2733576219847702
-98,0.8503536254431858
43,0.5056842530987564
-72,0.39032771631305074
93,0.7017691347890355
76,0.5657141159366518
-95,0.5315791458388587
-100,0.38572336161666765
67,0.8133620766884132
-99,0.6741416189358219
60,0.4636258732755534
96,0.7542770710647343
-56,0.8539143086430995
-49,0.5899318988246923
61,0.5695974655728429
100,0.13974349578205192
-43,0.39118615411435564
-48,0.08190030722720476
83,0.41795732052403844
87,0.6407656878618182
76,0.3701050895144983
69,0.528562982342972
-83,0.6230011291121841
-93,0.8018392729356104
81,0.7198697891391113
-78,0.03740882784455424
89,0.3922993831729128
-46,0.7349844390598708
-99,0.2971829812605189
93,0.3484589159002148
-98,0.20020120318716705
65,0.19515413697544715
72,0.5367381019330291
-73,0.5682866589453428
-85,0.638699864922462
67,0.3240088022243418
-86,0.2982474899189722
52,0.6878979776494195
85,0.2557486794793852
61,0.9495391493608955
85,0.04871490148374469
82,0.526347859177275
-98,0.9811557725170468
-86,0.7831203446660714
-80,0.6993185335237038
53,0.21169637708523126
75,0.5614749540042719
69,0.5909323466017681
-64,0.12818540350695118
-81,0.5618830594955363
-98,0.27784867048160944
57,0.4332829044655011
52,0.663501147913613
-98,0.7603257254339226
47,0.10454886669123975
-90,0.363220910068602
69,0.5758145988343811
100,0.5345263997267997
-92,0.380999770328571
47,0.5549299054724626
-50,0.9340590084441049
90,0.6406930669678632
94,0.016356386142704404
-65,0.6927425800228398
44,0.0167274438732824
-43,0.8333629523658674
-60,0.22325096773891606
55,0.5932189196681638
63,0.8378027398922243
-99,0.6562397681016425
69,0.7861093859064371
60,0.4555824216656311
-68,0.2464569888523115
-57,0.32893308878695515
-76,0.9094778065279709
-83,0.8399097132105727
58,0.4901996313219422
92,0.7240156393581119
76,0.763089589791944
43,0.45782130804896837
-70,0.09306699542773744
60,0.9297901871722676
-100,0.9429410820885752
-74,0.1270221205178168
-44,0.3936105866398154
74,0.17638420708190006
79,0.2014341698182175
53,0.7888922499995855
99,0.11185500290268935
78,0.9662677573602613
-49,0.9646828023518307
-75,0.3174300199637009
-100,0.8700609201569084
-69,0.09501565154969804
-90,0.3513689029602056
-63,0.9582009602510728
-55,0.679042238171146
-99,0.8741122850586951
46,0.6350732860133511
-52,0.6275474947696407
75,0.019950939645904553
49,0.2748237083344802
-80,0.3507954075342443
73,0.9751666850770903
-61,0.30085664901436804
46,0.90063807179054
99,0.5364151533181023
72,0.0672634899200174
-99,0.14811288895639674
49,0.6655024460759275
-41,0.9211388347763807
-58,0.7828399662926148
97,0.2044151056841812
64,0.8060601867533357
47,0.22551092209652845
52,0.5322814584671854
74,0.8486202150290236
98,0.38831965709847516
-52,0.12136163493357788
-81,0.705252957134169
-99,0.5268113856769396
59,0.782662157137352
-77,0.8150999717956374
-78,0.33401982376539696
57,0.18975557490924955
70,0.6758226175670597
52,0.6640505110292065
-94,0.8186592305574524
-67,0.6688158003680622
-82,0.06445407349888832
-89,0.7130717148576085
-72,0.20222981805510198
-91,0.6905437636682923
73,0.3321127822586315
-59,0.5474821423699149
-69,0.4068187556173831
-86,0.6295929368499391
40,0.949977833591616
-87,0.39836053702392005
79,0.04548691881766065
58,0.030255852172125786
54,0.5613455804214422
-68,0.00757415765592806
-55,0.91048468989633
55,0.38884375362271284
-50,0.21091559613306843
-77,0.362429442775109
82,0.004711944133023893
-88,0.6822907081554824
-49,0.26211166173333567
-72,0.043627751875154996
84,0.03124799892167074
-83,0.6527781682046038
-90,0.1091577134237689
-58,0.5952480792428684
48,0.5848782296260975
-86,0.9138403460039726
-77,0.13535545335724675
86,0.021767882950771145
65,0.8998962301634866
77,0.5303245913781214
80,0.494986296252486
45,0.24467176933078927
98,0.9000611792023429
64,0.8427450626344115
-91,0.20348787629403753
60,0.10998762858716793
54,0.46944277292849945
85,0.955982315170833
40,0.7090308662696224
95,0.32812771166819277
49,0.31698623217871935
-61,0.49294484212937173
42,0.5883490298768097
65,0.5487027063391643
100,0.5429827454765445
-85,0.9257234998596743
71,0.26065216730583884
-58,0.6255143597351709
-53,0.03223160606574749
54,0.03993320258288968
-58,0.6456771785167631
95,0.010722521282533704
-97,0.09653169911465198
98,0.8623504361294755
-100,0.5054104790592123
-91,0.13222072637914495
65,0.36824225248756903
42,0.687619677240701
41,0.8037403338324765
68,0.5545439603775784
-45,0.8070036456734839
-44,0.6767148649275906
96,0.7942746461890609
-72,0.7011712460814531
79,0.8233108863068828
-94,0.8680073939645769
83,0.7037868631302295
57,0.9248742159474185
95,0.9454843224497136
-67,0.34120515780517147
72,0.8172280395798617
-87,0.752803038051823
76,0.16068265210150257
-46,0.7050916098280091
51,0.4899709628818253
-88,0.20428877540634127
75,0.045956312777803654
65,0.041907983824785
-87,0.11392777457210734
-97,0.18188138877375537
-91,0.07193954882973885
66,0.9343858213350069
95,0.34640964423436826
98,0.06993107572671486
64,0.009631899061870453
-85,0.22585051169407233
-46,0.9740734550775894
-68,0.8400599320002244
88,0.19982096076451006
44,0.719481701950028
46,0.6290271660560075
60,0.1591598033176198
99,0.555050139771216
96,0.10972927401624977
59,0.20014155230911612
53,0.22309163539536658
90,0.555636333577
-65,0.05704863061403642
-42,0.18984352529919446
-79,0.2980501217368644
-66,0.17409441230866662
-53,0.4665323011106941
-53,0.4551417540973798
-90,0.24159704946981997
41,0.6164265597166066
-45,0.7116797558387045
85,0.741362798624435
91,0.5966554114065675
68,0.00408654817685139
-74,0.7564604650298973
97,0.16805165429530144
91,0.20429575664203248
-67,0.6370299853081238
-76,0.8719903218008498
-60,0.3587180419236331
-71,0.6649351406523
-95,0.2761138545056211
83,0.9185544400603587
-98,0.21958572336179694
42,0.39260764743655474
51,0.9622095207565198
62,0.9693746869390633
-91,0.46722869814819756
80,0.45325586201790025
79,0.2497454091360639
-91,0.38943331719124474
-41,0.8809552500002567
-83,0.8555298647940881
87,0.3739970876552171
-64,0.35082843947745246
45,0.9130267655955931
85,0.47137102023118493
96,0.7942936476528355
-93,0.1655516588179965
-50,0.7282750235803305
-90,0.30369605095488583
-86,0.7594115191097871
-91,0.7472414368814289
-99,0.9644082954576971
71,0.38978596227563644
-67,0.02677768171432382
47,0.9753803680630423
-82,0.5052733205584395
-63,0.23152390925362842
90,0.6337063174363216
60,0.7285684940454287
-52,0.3415659715957423
67,0.27741461825425373
-76,0.666744463929914
81,0.8779185687627271
57,0.15696143401218354
-65,0.6463573949124082
-41,0.3043033341923258
-59,0.587283778185494
70,0.6223594978074004
-82,0.9794337741140715
-75,0.018104231183294184
-69,0.8539420120636484
86,0.5069188550186499
65,0.0335097036321359
-59,0.7105688882581082
-81,0.341524987036093
-87,0.6217796424083347
40,0.389241486873918
64,0.7381362000900344
-90,0.20639472138977122
76,0.30085041204701757
-58,0.4361136179381633
60,0.2245882751678001
71,0.7993338228095209
58,0.5927626430420336
73,0.6184256900837892
61,0.8038210284447675
-97,0.83632987601125
-79,0.5890717080634618
71,0.7786849255950188
80,0.948095205759723
58,0.8753989055724865
41,0.3460106650780618
67,0.3186492197834422
-91,0.33565621751188
-41,0.7108062053920761
95,0.6705789007484297
-62,0.8133057159152108
-71,0.29071207519117204
70,0.6017073628267446
-46,0.6364750388642821
-81,0.6593577780751636
88,0.1891105145296249
-56,0.08914634903289476
60,0.07135938159113242
-96,0.31733345454150896
-97,0.8646578164541716
43,0.5235113358059261
76,0.41415831937047365
-86,0.7152167144010293
64,0.4738738851623361
-70,0.323963208116949
-47,0.27959927260145223
95,0.4215421880422414
65,0.9810789190623058
57,0.42201573613297383
-94,0.7868914241023203
-90,0.26718325339831805
-75,0.4110591376223989
46,0.3033604829051755
-60,0.21044422934888563
45,0.19760211417514717
72,0.2831605980131767
-92,0.555193351789304
-49,0.7927420492853893
98,0.27111996746700906
46,0.18851129881007844
-56,0.850714070388921
40,0.6229697000367188
89,0.8838038319064178
-81,0.3011737458506598
91,0.8581337925022959
41,0.3297108511660718
90,0.49785632408870395
96,0.7243813829864046
89,0.6484399871550813
88,0.9620168685507354
-48,0.3779334101829188
-49,0.964614228248413
76,0.794332157435391
46,0.8403713018564605
84,0.09860394956870921
-69,0.4991203031499275
65,0.5021554845215526
77,0.3475506472574922
-89,0.8762046416982898
-83,0.35659086374396765
-44,0.7993241462554009
88,0.5991097736253641
-60,0.0996322827784264
41,0.8660497369958963
69,0.01163959459250008
72,0.684195820831589
82,0.7871546877061393
-97,0.24561786573389333
-80,0.5080734592084061
89,0.6996218728211416
-85,0.08011075975868831
-86,0.5006656901780947
-67,0.9649989174745686
56,0.11360768453523018
99,0.2994091746472288
82,0.1799686908563941
47,0.20751781239807088
-65,0.09032145066868469
-59,0.5370237035722866
47,0.8988312185745975
85,0.022445655713339452
-46,0.2823334048893721
-76,0.232223477635085
85,0.17974697501428083
-59,0.2056801515052351
94,0.2553183344779749
-79,0.6910641273215548
87,0.08401477498399934
-72,0.5060932964092247
-50,0.1478204536103348
-43,0.0477058715873222
89,0.31183092746996965
97,0.05875080154674284
56,0.3886214076722192
-77,0.7374130345011852
-81,0.9337299043459013
-88,0.36217698432500933
42,0.29522797767272413
-93,0.15362914348608425
-70,0.6828477359833828
-76,0.8475472178687534
45,0.1592227468968639
41,0.795309970116728
93,0.7853331328918174
-84,0.6121040684006147
62,0.9876980300672463
-61,0.8757369202495944
87,0.635333749927372
-47,0.9447572771381723
46,0.4147194669692319
44,0.06032145889301399
-53,0.23133581257318803
-45,0.8587418724378783
-46,0.42274220373929816
86,0.7284507022011928
-44,0.18223727002302392
53,0.9643727660768652
100,0.4211295854271121
74,0.9132134043779145
88,0.26438652030350474
54,0.6643482245249852
58,0.9174004368147206
100,0.8628842365974607
-54,0.9649194806614692
-88,0.8347187310308132
47,0.486557685718116
84,0.9893338244953623
-60,0.1820800490327139
-58,0.8665514755883804
-56,0.9948278668747257
91,0.8210709902338129
80,0.26981049501558463
100,0.18648554728454614
-73,0.06636713037238529
-47,0.46241193029781646
55,0.9117492698159384
80,0.14878596632489338
97,0.5949663906276774
50,0.9753116163594784
76,0.8888762798762102
94,0.497169557477527
82,0.6975147745638194
-90,0.04668009483545332
-64,0.6653962371708121
-42,0.4315893972304191
-59,0.8819566651787026
51,0.28154692905109135
51,0.8590529312273698
-44,0.6833285792392819
-78,0.3597046855332472
93,0.47122477104632954
82,0.08491866042327412
-100,0.901168247242405
76,0.37094734880584523
81,0.2256632877273922
42,0.36580437296892176
-78,0.08205880940278054
42,0.11101666181651892
-79,0.43047270441912056
-63,0.2877880462808906
-89,0.7416374647444866
-90,0.34695739940012793
88,0.09163621042806569
40,0.34595998705403075
-87,0.013098940625124178
78,0.09566649733519839
-58,0.26471861109139305
92,0.47333571728993906
100,0.8873407925173611
-40,0.7984478335974593
51,0.9304186491526388
-55,0.574988195295824
50,0.3629682040395603
72,0.27155340431321995
45,0.8746005702774655
-64,0.9998031082728709
-67,0.3616578684278535
-95,0.33825939805910443
-96,0.8584801556643974
-68,0.2738623446484295
-71,0.8825440420091724
-97,0.45525166673706163
-75,0.6234295177556515
52,0.09231225482974259
45,0.018704336780394182
42,0.8345719226293058
45,0.5649032145930514
43,0.5206750875801142
-71,0.13948638537658398
-90,0.5321021692907975
60,0.23127893284674983
-64,0.5919131814740367
-56,0.7543314473989913
-49,0.7245421719052192
80,0.1559428455812395
-47,0.002157646596621654
-89,0.316913933806223
-47,0.9290603444923565
-73,0.9147410832618322
54,0.4058640662335592
-85,0.5028309824831431
-44,0.2332760171018199
42,0.7159559226719551
72,0.890260027872558
-75,0.29973946576754806
-96,0.6979567119535756
-45,0.27625585319596824
59,0.5693005242083875
70,0.5857522788784186
-67,0.9707913349650072
-73,0.21360637973720875
-70,0.8789485357960221
-86,0.7400699418342314
-87,0.8068262470165677
95,0.6969188692232262
-94,0.07845044571009652
56,0.22923702934295775
90,0.629627954804464
90,0.6322525042758523
77,0.6663767800441988
-79,0.04307779454835137
-87,0.4869628644477033
-40,0.23667458429113986
-100,0.9055504110992746
-43,0.31627857829655526
-51,0.7557607251233737
59,0.453422600139587
-82,0.41758665365498193
79,0.46474963791116564
69,0.7333552916946283
76,0.2958011014252063
86,0.8556199763845248
-46,0.6903118054155142
-78,0.8154721773787413
53,0.8722853332737888
-93,0.9928950788315739
-97,0.7629189015082269
100,0.3061604311231009
74,0.5415925092003127
86,0.17525018697608863
-50,0.5765396792605809
95,0.030840821096521087
-84,0.3740208845699827
-75,0.9771232597154497
83,0.09298792942641665
-44,0.8308706869047483
92,0.8541455329413985
45,0.07356247209625844
-79,0.9374029691819183
-63,0.7065013914131019
46,0.5499993505764689
-66,0.7948243208210171
-59,0.08974687598510567
96,0.8448312740161382
-52,0.2951561172480601
-61,0.5654942101844884
57,0.828599354150624
89,0.02033343344464189
-68,0.28267232989941593
-71,0.446665839399366
-54,0.3266944541512776
64,0.8877640520754913
-66,0.35363270655250123
95,0.2975672593604035
-68,0.07205791757184854
-41,0.5007342390820011
-66,0.6780843372066024
-92,0.6521233366889502
69,0.5942678165067604
-100,0.9839536854105928
-100,0.9724322937909501
70,0.26629542290764896
-52,0.8122755424005027
61,0.663132572766825
52,0.37490999011670134
97,0.4336410649572412
-83,0.6883871983321074
95,0.11375296265687251
-40,0.10952529609279216
-44,0.5893876877341638
-51,0.7724214563849305
65,0.5283993732098824
75,0.10892336501712907
74,0.42741640116035984
-46,0.6507216415503755
-65,0.5220629506193406
-55,0.8378959012622462
54,0.7399027959898893
53,0.27661598727411973
-89,0.9958116366392122
-83,0.6618056533578683
-69,0.4559639531567231
75,0.6520824647260475
45,0.9614446294328347
65,0.23798380239579886
-92,0.9035119058411072
-66,0.3547898746713749
-41,0.29322579519905345
-68,0.5731975666183513
99,0.1476156669499723
62,0.9603500453537028
42,0.21751813823968158
-51,0.586573629134099
86,0.3690253113643529
51,0.4965304740415064
-42,0.9771168333400141
-52,0.24490253953842622
-99,0.6381133314698638
76,0.6843409298089728
87,0.5143058388349724
-81,0.5960384920804291
42,0.11233974659110013
87,0.8703210281911068
91,0.20513931426042353
-52,0.3161470978541058
-56,0.6394495532995488
-83,0.23502079994348268
-81,0.6471753637514603
47,0.7078438669280662
-61,0.9839620872039687
76,0.07457911076097012
-45,0.25386676040500045
-72,0.4388045518878295
-80,0.41111353080269974
-57,0.6954700956294783
-96,0.9410392511150504
-92,0.6942176015292997
-66,0.1602661313778443
84,0.7369008417333188
-96,0.5043653291127795
-71,0.8314883598821994
-42,0.41889778201529715
81,0.5410082767212562
71,0.38146696766443755
-80,0.07189320377099284
100,0.7686386681474353
77,0.5279168230307006
40,0.36825839878378686
-81,0.24142147888911014
-74,0.7164223420200466
71,0.40088292024206673
-79,0.5163658403094825
95,0.08183166449823376
69,0.8466705089662738
72,0.40616604403193446
89,0.8769379247000181
55,0.19298754791433448
40,0.33453224889211564
-53,0.8029302099583148
-40,0.9758871521072935
-95,0.23882889139457542
59,0.04554978607403226
100,0.1603942936778321
-76,0.9065792171231115
-59,0.6518707948241924
57,0.2137251096056405
68,0.092612693774762
-76,0.7082135430509927
-47,0.7049143284353757
-92,0.7378125749389761
47,0.5656830235182714
-92,0.2616150827606598
52,0.48369032544984714
-51,0.46476442342866253
-100,0.9678407543538473
-90,0.2788839193960747
-50,0.9904476207559005
-95,0.43960812204068034
-51,0.7198150270099957
-54,0.08932566184858448
72,0.3360353958232156
-65,0.9926353275360731
95,0.32098416758172754
-68,0.8313123769977814
-85,0.7368191007163779
91,0.7076342642510529
-95,0.3762831699893544
-81,0.3482002968222878
-41,0.822807810267774
51,0.7689988968536428
99,0.32947963549061177
68,0.5561570667129209
91,0.584660560124892
-51,0.9208995238666688
50,0.34034860468458916
-87,0.30272768286762275
-62,0.13977769610095847
88,0.28830119347613836
-50,0.986440988634956
93,0.7671955147901348
44,0.3814726729961735
86,0.6074681137509711
-77,0.2445542477064616
90,0.26727028614710524
-95,0.4902588647266666
-56,0.9926932498266644
-64,0.5126778327723839
-80,0.9313625125665558
-99,0.23257479619969823
63,0.22634426958411524
-78,0.27010036416376015
-59,0.07167973447782494
92,0.9498101067321078
50,0.7009185906821684
-55,0.3415293273963188
86,0.25060682762453945
-97,0.14928429468610938
-43,0.5646516444901144
-48,0.6304880755953863
45,0.9713090246954512
-89,0.6488685488111217
-48,0.32632400884566715
-85,0.6179191615438352
-78,0.6432230220897669
80,0.2982306492587993
-63,0.1602648014372524
66,0.8838371495778168
59,0.9740779460069814
-96,0.40222150208459917
95,0.4191503113488426
-52,0.4030377662252045
79,0.22231463767498028
60,0.10571142652444199
83,0.4100481736029693
53,0.39028455180131727
-59,0.807248092557854
-72,0.16422284768373785
-73,0.3182590564393706
44,0.026058477099155097
-99,0.6190449213919417
-70,0.7209956893642764
71,0.27385958025325496
42,0.480869485174352
63,0.9965634696353008
59,0.9386602327045753
92,0.9474514990477285
-62,0.2742934110688383
-70,0.748331567602713
-72,0.5924816816907725
51,0.734473794987623
-56,0.1543118214326601
-87,0.7804131486899463
-95,0.02217963648959287
-47,0.5415361598686181
-74,0.3631957778731013
72,0.8646412703532369
73,0.16061462660180092
50,0.42358315704215244
99,0.368089731768828
-73,0.8316721469608842
-42,0.710173081155932
68,0.8373012134000083
-78,0.8776143679963181
86,0.005540911837605855
81,0.9214710172115219
67,0.07403065544644605
43,0.2402227439559953
47,0.009876741017078361
-46,0.8440360239742759
-63,0.5145477747988059
-57,0.1257068858173127
99,0.17066117348541665
73,0.36491573845901437
-67,0.708432603386861
96,0.7281668743971318
-40,0.6163904868578658
55,0.8287007345091596
-41,0.9223405714688042
95,0.5969182642013999
-84,0.833729015540989
65,0.5412381086012177
-98,0.7243464145282481
-70,0.6012275931869439
-91,0.875217312347601
52,0.9993516800347009
99,0.37563211649281847
45,0.4654300408602099
50,0.6353253704203892
80,0.26017329044991555
77,0.28614014416113986
-54,0.7728972333649454
-65,0.6121177236592229
-96,0.46622934879638467
88,0.5574167282636275
84,0.33048725305828663
46,0.3540239816249765
-53,0.17621507910294798
-64,0.6837200296329394
-51,0.3095229824263629
45,0.35468454365584545
-68,0.8164287059962473
97,0.8115705059750511
-99,0.6350090427498366
57,0.5035680985758628
48,0.2641264789764787
73,0.5682719851248946
-51,0.6817115680805083
-100,0.32603432074270233
-43,0.30159845130177243
-42,0.36153352337139366
-69,0.4538891083496511
-43,0.15374072818000428
88,0.4385543525599842
69,0.22517375461998912
-56,0.07487714140173962
65,0.05477078886564346
-60,0.3904475484273271
-57,0.7399908645066474
58,0.5933924857942234
86,0.8225852354487019
42,0.32165430783163407
100,0.294233462056694
-59,0.8253383874062565
82,0.573876524639094
68,0.8149649944227739
59,0.9647080114030433
55,0.1930546088325672
58,0.5376321206391006
99,0.41263196519469714
79,0.5974113742724222
-91,0.29837128424346315
-85,0.43118898111399784
-86,0.4892592768663445
-81,0.2456776320434373
84,0.2714892429614677
42,0.4137885044691433
68,0.1631070912476067
-43,0.9841804592694385
-64,0.7746235633868881
61,0.984117379444783
-58,0.929923747366734
-71,0.2587334499504751
71,0.9075111758894471
81,0.34554645435037146
-96,0.7122068073035476
-75,0.3546827416715793
85,0.16129738887094114
-99,0.7012565560094849
-65,0.05683403919653285
47,0.27078771479579966
-90,0.9979802961970767
-46,0.661166273407099
97,0.28529381607981275
95,0.2708369708493107
45,0.594506166397466
-100,0.4435538364601308
87,0.5032839139241505
97,0.6518484842834674
71,0.7837728462203718
-95,0.8364912801071209
-88,0.5102363983651766
84,0.8155544769216102
-44,0.24921212701823792
48,0.9476857718650019
60,0.8143657766250557
-51,0.5589728716723866
64,0.5852866819905762
84,0.616050177920741
-79,0.15512602622798544
-63,0.610219005783681
88,0.9231504993598179
46,0.9843001602193634
-52,0.16250198376916558
66,0.8273126405453006
59,0.438886259201848
-85,0.1391031926559949
-74,0.041348875186632106
-83,0.15058704329053585
85,0.21114702685562237
46,0.9137803151461492
46,0.4590333249262424
-100,0.3534082788373849
83,0.5756938427640265
82,0.918288397261815
-44,0.13591787911724318
-73,0.8712647550215853
40,0.3362344725882642
98,0.6121875489555769
-85,0.9907708396390303
88,0.5058879560837237
-83,0.9341332028043751
49,0.7685242452848229
-54,0.07697100682321445
-75,0.5989179101952377
44,0.9539750097680574
80,0.9900379601672477
-100,0.9604174623647022
-78,0.34872733943654266
48,0.14763203390515933
-74,0.033824919036010925
47,0.6363424412943256
91,0.3043708938069022
-60,0.49639416280248183
43,0.5765701110618959
-81,0.5597651427442855
61,0.7122269182806213
-84,0.6988892039787624
-55,0.7096842677838381
-78,0.8731127354608442
51,0.3137511234053387
-56,0.8719330256191471
74,0.8921596481134434
52,0.45457456739999047
-80,0.39686267143673415
-89,0.18211324093055148
61,0.30868511339335525
-79,0.982044185886093
87,0.3888352353510679
-94,0.5878246233627281
63,0.5815370261854261
-62,0.8100428995521094
74,0.0451666746274757
92,0.8646383348745493
100,0.5669896614749834
-57,0.09080780367669383
52,0.3367530216956559
-92,0.6113010174685409
73,0.5304648587290265
-47,0.23576629757696066
83,0.46679356415170725
92,0.9893240032818061
47,0.33936766880268865
46,0.5099078632836446
-84,0.059205653888943055
44,0.5360370276838126
-98,0.4385308835034255
84,0.2791033515038659
100,0.45192949169488417
-53,0.5091445403643319
74,0.28041836583549806
82,0.189210699046083
51,0.2013542713105776
-62,0.8702371784898931
61,0.5707129840993225
91,0.34584552056979856
-59,0.3581994191662736
66,0.1953748823622219
-48,0.15964255413410333
-83,0.3849835140840566
-73,0.8105351802602815
95,0.5127719297609795
59,0.6603723834462049
-71,0.17710110571046367
49,0.006229381039743798
52,0.3107788088711635
91,0.9080210339686875
48,0.7913498341392521
79,0.6649580617781733
70,0.7337693595283439
-96,0.18633127822086226
84,0.26129866874309426
93,0.6690196152431973
-60,0.2892058362064701
-95,0.7437555211394006
95,0.6400677509496099
50,0.18254333707202897
91,0.22606887277569765
41,0.49669126130572894
-79,0.810216469372626
-41,0.19028512301810319
-90,0.11300302841463694
-55,0.9748285882852312
78,0.5225369544574309
94,0.07005470894319532
-86,0.0439427688585553
-75,0.5020487192581565
-45,0.17794404784337414
-100,0.5169196109482675
81,0.32964805957682486
43,0.3260385736358622
60,0.9379413168350873
100,0.12268378049667517
54,0.4954922638249736
48,0.9107634103781758
48,0.8516820400801343
42,0.18073938302987502
47,0.8990097008611988
-91,0.8881658658223851
57,0.8214327668576245
86,0.8342422405358791
89,0.3051239566927205
-52,0.2289364773910707
82,0.39328677782392596
-67,0.5146631583336841
-89,0.3126419691109814
95,0.036926857878753494
80,0.5562629419348847
-59,0.7281183008607243
89,0.6125133434108321
-41,0.997754301498001
61,0.9604656190452696
-97,0.6384841809657327
97,0.6765182221838572
-81,0.919371628872559
44,0.22376897473062862
-67,0.5691535975758923
-87,0.6244610173833213
-70,0.9908542506453215
-43,0.28652962819543926
40,0.49939094805472295
-62,0.6986114750824916
-100,0.3553817729568801
-78,0.09511932798657907
79,0.8665967573401898
-44,0.9860486296695764
-89,0.3443686468094447
47,0.24760930570942397
-46,0.5023926020974797
78,0.7727271699377339
68,0.25192470995327265
97,0.6187263548538281
-45,0.32828974380627507
-82,0.1875000018700531
-57,0.8423032212147357
96,0.3962403215971664
89,0.5158054251493578
91,0.599994532323239
-45,0.8777203086617806
66,0.4072314312943093
-97,0.17624355026014182
-46,0.5731544424600548
-47,0.829906315226059
-65,0.09022482587694158
85,0.2869566972578296
-59,0.039423022634558436
81,0.5959766263946169
-51,0.9779692111949023
-57,0.4837591823462736
-84,0.7689577117342715
83,0.4776850287782408
81,0.0956750150159612
-65,0.5532618276349072
44,0.12892984364808135
-62,0.9028506033799732
58,0.2508170519225502
-76,0.9442503106233411
71,0.5948777233777723
88,0.3687245219300015
67,0.7931451604314187
80,0.3838316542659813
47,0.46824499064113567
79,0.8692901653553183
55,0.05733604920424762
77,0.7319238125078401
-83,0.778650524683672
-86,0.6319669619772671
57,0.36575802570841986
73,0.5367654553722814
45,0.405099931848498
45,0.3339138635692892
-93,0.16510967690621448
-86,0.3644746355046067
-62,0.037263174046587855
-82,0.09410609074541476
-83,0.5982324373815575
-82,0.8672863523577007
-98,0.7161062491744321
55,0.444584438456309
-99,0.5711865376513406
98,0.7279507914996725
-45,0.3425797357549416
-80,0.17275365862620096
82,0.16571780927670643
-58,0.0718753256600273
-49,0.7237304088918897
-49,0.39633238404897064
-64,0.0685333912125684
97,0.6739453088951713
-52,0.4375164966211613
65,0.4835343034759564
-46,0.5413420350825096
79,0.3035599047391344
40,0.04077117851250833
76,0.46328604095335213
-91,0.3394046015428501
90,0.8492708704053713
-69,0.9191729001443215
-52,0.38376474096118574
-40,0.901379197348641
-75,0.44351395478784605
48,0.3837454348759479
73,0.672263974577338
-80,0.0795343407427005
-51,0.668273702523222
-76,0.45532407177627565
51,0.9253737178082868
58,0.6569428742809688
-55,0.06412470335441955
-42,0.14658917021484175
60,0.715686561317882
47,0.9070579217939803
69,0.5879428840607495
-85,0.9506816321514973
-54,0.9397189447208136
54,0.4911119023126339
-58,0.3686833624071343
95,0.6760795530026124
64,0.9514624425397396
-97,0.060068173677836345
79,0.09597131939771963
-64,0.7293287091045859
-80,0.22695728905764534
44,0.030394129952010296
-68,0.6428555262828324
-64,0.44038444055849757
91,0.587506314566189
-90,0.13671355108040084
-50,0.0719245214901626
58,0.04973551005952759
2908
