2500
61, 0.9369294585937298
-42, 0.14975905672029277
86, 0.462374739250082
47, 0.6237532029524685
-89, 0.4019340985170876
12, 0.6054622379591633
2, 0.303614945901198
-42, 0.29444127095276085
-82, 0.9476761852838806
-16, 0.12010335843268816
37, 0.28249568718344464
-3, 0.6399871178603399
-11, 0.4970343606776002
-55, 0.6832622105481364
-25, 0.06015569066692239
-46, 0.4864765279998505
-48, 0.03323232524506392
-100, 0.19822603829615326
-16, 0.3884229771921862
97, 0.40795107293831523
-100, 0.8269879342870778
-40, 0.343044822781139
2, 0.5306934658013593
75, 0.23497443312897948
-50, 0.46324458158824977
-24, 0.901029944317284
46, 0.3414208308079686
-39, 0.863153775097538
39, 0.6733750479064613
21, 0.5594562703719379
-15, 0.81065390036577
30, 0.6750026661502577
-43, 0.9971570434908731
-3, 0.7513199787001504
-1, 0.9140130518916728
-75, 0.5720678438678088
77, 0.12489310079311267
-3, 0.7135589810600179
-7, 0.9773238981145922
-59, 0.432603982566506
-19, 0.2609770753988545
74, 0.3246415723060426
38, 0.23355107230480765
37, 0.10147825029995572
-26, 0.8679355362712826
78, 0.5723179409806092
83, 0.7438394625087164
30, 0.09703679336976034
33, 0.4619412237229622
1, 0.10951917153580737
-27, 0.4106977550387886
-100, 0.665000141813726
67, 0.27274855374723384
92, 0.6013084509973652
70, 0.02718432905905621
92, 0.19081852044684278
73, 0.1950012283897128
-39, 0.618045680939668
71, 0.24516080263559292
44, 0.9146029489145695
-74, 0.3911262199693324
-58, 0.775750370423792
65, 0.5699571754326227
-53, 0.42148872586392805
-13, 0.15420838957756566
-49, 0.8547948426629415
10, 0.8890920853798042
-14, 0.43627867494647166
58, 0.7439830943128708
-62, 0.7215386503049921
94, 0.14169438563841752
70, 0.13987753190114316
47, 0.3701918890675151
-58, 0.9271238629151394
22, 0.8711927503413716
-93, 0.4269208258970162
48, 0.6397505693878617
-62, 0.3057711014487342
80, 0.9202493393237527
-37, 0.7899976854259915
59, 0.9884075763996851
7, 0.9836416288209023
99, 0.9157942325761359
-28, 0.11563682383054563
-21, 0.7211869505839074
34, 0.02658168027787533
-7, 0.9992860687773407
95, 0.07663410915467128
93, 0.33244628657560094
74, 0.5296418797131911
-85, 0.45741136076531863
-21, 0.3499966459048498
-3, 0.8800908915097572
-41, 0.8514278993958224
94, 0.03895070037707282
45, 0.6558726530174379
-73, 0.08184311286949242
81, 0.9000001852422539
-47, 0.19529082454775681
-20, 0.7209210799496578
-72, 0.5657404360698013
-64, 0.818813231984356
48, 0.22561488576674227
76, 0.8579751551053411
40, 0.24626500933991535
-24, 0.24353137899722066
82, 0.36580585158369006
-52, 0.5962501262050945
88, 0.6714494735963679
67, 0.0481211593693357
-11, 0.8394196830601739
9, 0.044029704826943905
37, 0.5625873821925947
93, 0.8835905196356519
-45, 0.06847409394671289
-3, 0.7570573520350129
11, 0.12799260154926606
22, 0.6783045115862922
41, 0.39590482431539353
-90, 0.5968145751856324
-63, 0.9151042400142372
-76, 0.20075181082300875
89, 0.33495134771133594
83, 0.060940144405582375
-6, 0.6136264416256594
-16, 0.7230141241990966
-26, 0.19875432874255883
-92, 0.5829694968488918
-89, 0.4063577021541075
25, 0.8482568054511181
-70, 0.5169732781592093
24, 0.23361450001377093
-97, 0.19900299139829347
57, 0.7752013769596436
-17, 0.07928624644710314
30, 0.428525004145921
43, 0.8456130319655863
82, 0.9171596349674789
-31, 0.8184611594113457
-46, 0.07897531770389365
-28, 0.7952457298719945
-28, 0.6046500384221892
-25, 0.5724645176754293
81, 0.8402543233309528
92, 0.3316495029667651
3, 0.563448925726437
-76, 0.739527850980181
42, 0.6275226653770156
90, 0.6991221191236034
-61, 0.6903531923772106
10, 0.8244450432748076
38, 0.11481480113278053
-84, 0.8622997719687252
89, 0.32147551238659045
-68, 0.2741155074512216
49, 0.5920121350334764
-24, 0.14445930205047586
-73, 0.30035945540020825
-68, 0.14472332287590894
17, 0.3237769698645466
-40, 0.19607992007965758
-60, 0.7656790971680303
-70, 0.6350390010146627
-25, 0.8475020970118077
41, 0.010976823802226643
-25, 0.4665237486803514
-59, 0.12147453205991199
-9, 0.2206531825651158
26, 0.13006379837301552
55, 0.26783717106942284
18, 0.02352971515231439
-4, 0.9479712220676121
25, 0.01214658349064135
38, 0.6820101173749247
49, 0.029663502100913508
51, 0.163995920562653
-38, 0.2603245383220939
32, 0.1231698707743113
-87, 0.16303113070109154
-90, 0.7472981481357749
-52, 0.018937650065398715
26, 0.04138117214520742
42, 0.657128944885293
29, 0.9003306851857973
65, 0.27520011471217454
36, 0.7519991967568684
73, 0.36058222420733976
29, 0.9133336114669941
43, 0.29179424727076286
18, 0.8342433615219814
15, 0.2971015889507391
-47, 0.41617884185875986
67, 0.5567173964146233
-1, 0.19835876310542733
-69, 0.3090323592196681
26, 0.09784125074370686
77, 0.02572625822332364
-31, 0.8457866385633508
86, 0.8665675664560013
-32, 0.04119818254033747
-60, 0.8818181286690696
-45, 0.49494970674511796
46, 0.776620449295756
-55, 0.4316583693573127
27, 0.1049652370739439
-70, 0.8134621374114637
12, 0.18678299751378313
-30, 0.21045975756813018
54, 0.8370900942936218
68, 0.17368419098052712
99, 0.7254624857004993
85, 0.6674760254459156
31, 0.41329696822325834
49, 0.48679589264321177
-53, 0.2954365794310926
45, 0.1690770243085914
-3, 0.8081808548576653
-36, 0.1375342898227886
-55, 0.2286394924826648
-43, 0.3377763660024753
-73, 0.22750955950707097
-12, 0.1724441987704043
-14, 0.761251848234575
64, 0.9802098918394229
-6, 0.489858455245648
97, 0.6450521598744767
-39, 0.4367585934182686
73, 0.9617072902691938
-59, 0.7775905806972195
-70, 0.018308132899311436
-66, 0.577545808839923
-78, 0.2256819270300604
24, 0.00600905311466382
37, 0.6371327314992544
73, 0.4700667557425734
45, 0.519101177455621
-66, 0.13071859695476562
87, 0.9622262170004242
15, 0.7634905392903604
29, 0.41994880274986546
87, 0.05597450810783744
43, 0.21454623279141072
-5, 0.172931906747818
32, 0.07306318659570299
54, 0.18999395942023212
42, 0.9957227955440361
2, 0.47313437762598554
58, 0.3837389653247554
-20, 0.9534248711084897
38, 0.23257164931695873
60, 0.6301575707710784
77, 0.5217151774623491
31, 0.6351098300998507
-75, 0.5754397285095816
80, 0.7083299662783953
-88, 0.06414025446797456
-57, 0.7976559000144137
-39, 0.26520091695950665
-84, 0.8177426793543775
38, 0.06914563718366717
-55, 0.666240786459567
26, 0.03666226704068565
-49, 0.5596380521546485
3, 0.9389315919530167
-76, 0.15943832575259687
70, 0.9143942980631817
-76, 0.1722946437109273
76, 0.3366258399994718
43, 0.29771652689417794
-81, 0.38909956861273676
84, 0.16301606427434012
43, 0.18927410442596027
35, 0.400195480674273
-55, 0.17042348125211204
-2, 0.6291895017621673
66, 0.2958659120576831
12, 0.42486911510150194
-23, 0.39987493551981323
90, 0.2539200432622749
33, 0.2519755549546495
45, 0.3099186130050189
-22, 0.9080278330212782
-71, 0.15938497016454578
-94, 0.006987250855040594
24, 0.7559612874855423
-8, 0.7332903531709519
48, 0.45118538201288216
-96, 0.6355611318537815
-81, 0.47246746280842356
-95, 0.423615965293324
25, 0.1654525375724275
-80, 0.7229067869067198
80, 0.564476616600896
-19, 0.7163401142628076
33, 0.7936627691181805
-17, 0.5602710591189003
-15, 0.341385448345242
-40, 0.9333468693286595
-94, 0.6804579423493365
-91, 0.6154744182968559
-7, 0.37082408727660543
-72, 0.8539694830433218
41, 0.6235239217178534
34, 0.8844363165839023
100, 0.31147745037544516
-4, 0.6244103901818896
59, 0.9883998444851383
38, 0.32241524978942493
7, 0.7285875428689327
-32, 0.7160130571635259
23, 0.2094254430587036
12, 0.34333112217847606
44, 0.27491073103398944
32, 0.3084429316789701
-95, 0.5439541390609611
-15, 0.030788645484483124
85, 0.12671231901004076
-65, 0.06296444996141792
4, 0.8521086464390822
-2, 0.5629071353375532
19, 0.019334048186967823
53, 0.5473530067772842
-26, 0.18313480748908728
18, 0.47086437460496144
40, 0.1587405265945716
-15, 0.6528612618160056
-85, 0.6660539348581032
96, 0.7241563140996591
63, 0.6711740316322098
69, 0.0011252381000420586
-52, 0.21080053853683156
90, 0.8709335492146268
-77, 0.9093012023485082
50, 0.5845060107898772
23, 0.5246880382702035
-4, 0.36609409702445306
-36, 0.5137037979969298
51, 0.8336717062537301
86, 0.3222271291324189
-9, 0.05599841871396172
35, 0.6091603682562389
-90, 0.9557930334508736
78, 0.5867004360742873
42, 0.6149067007270633
-40, 0.05536245292120534
-35, 0.9567398606820435
-98, 0.7941475986845995
63, 0.542600415154144
-15, 0.564245772362056
79, 0.32886901172593375
-99, 0.9375290595055491
-43, 0.029752540209845635
28, 0.23110283856566982
40, 0.2684647872513831
-48, 0.6658897158439987
21, 0.5807052023595269
-65, 0.17251938452970272
86, 0.8966817592386909
-65, 0.3284277868028598
-87, 0.08216638436046297
72, 0.7355494940600126
-22, 0.48684224755964867
77, 0.8304183079745413
17, 0.8548640026083045
-2, 0.782577865811512
38, 0.8978804413372408
44, 0.9367560401253079
-4, 0.01905963249980458
-31, 0.14344109810094463
31, 0.5233464510106042
-23, 0.03677151033313919
28, 0.019506277449882203
-20, 0.05703479099144426
-11, 0.037919774888714786
-50, 0.8637100470515425
37, 0.7069009321158519
-82, 0.8731382606718575
-16, 0.15748858239946373
73, 0.6471661052166691
46, 0.4067416835801081
64, 0.7807601782079423
68, 0.42200548430949625
-41, 0.59836389590358
74, 0.8796034373325038
-30, 0.8288365340839234
-6, 0.9312202046907695
-54, 0.38183673845923416
-96, 0.7183597790743009
-6, 0.39545632168696077
-61, 0.6382947835493931
-57, 0.18754973947609244
26, 0.6737486452276267
86, 0.76219424356895
5, 0.7220781666998173
26, 0.7618040742266693
-11, 0.8400070413601012
-8, 0.5345971441950025
87, 0.8355187251276274
-21, 0.3834166450268839
68, 0.13124911043351772
-42, 0.7573971346820891
-89, 0.7155018568619036
90, 0.9327579218367947
-9, 0.6926117116856289
21, 0.21810981341649527
20, 0.31177072461361377
83, 0.9494855070351209
63, 0.07820601991490017
-95, 0.914527941493594
-75, 0.18788603092578848
-15, 0.8683888206311443
-40, 0.25817000178028726
42, 0.5291353302319642
-33, 0.29399412575547923
-28, 0.655307700534811
9, 0.11938382736313835
75, 0.05615882132015759
14, 0.46787126965527925
45, 0.6784473749969469
-46, 0.854168960621626
-33, 0.9771936037600056
-78, 0.5468697347882603
96, 0.3730529409539104
-23, 0.47390020989725423
-55, 0.256099444608307
76, 0.1379899992106033
-38, 0.2560536558422879
10, 0.7187481667536603
-3, 0.9537399111240606
-75, 0.38842795961889853
91, 0.4750320853461706
-53, 0.291627686673789
73, 0.9791025757761652
79, 0.35915400555110966
-82, 0.2602309113505257
80, 0.49567179337675027
-90, 0.9633918084826897
65, 0.6450146912281619
49, 0.9943020936798479
59, 0.7192139047138325
85, 0.2815412639501692
-40, 0.629059034653423
31, 0.2346000343113187
84, 0.4808796200444794
-31, 0.26461981512232424
15, 0.33357730741618397
-33, 0.5180014479385602
-96, 0.16889466575046963
21, 0.4641622554336935
-97, 0.5734400522993544
34, 0.9886455552931968
17, 0.7875342230932358
-5, 0.2945883409100887
47, 0.36000037828657017
73, 0.31887897560437095
94, 0.9763096523048823
37, 0.03866073506756085
-46, 0.6065766622658566
94, 0.3011166626731956
-65, 0.6879947355447349
44, 0.1298186995866537
81, 0.12012940916015868
74, 0.1835632264681495
-78, 0.32389520376291525
7, 0.13595697745800972
6, 0.9006667625832409
80, 0.4457008754368006
-91, 0.5876677741483547
-80, 0.73278154035746
-74, 0.33252379798323195
90, 0.2323929794603823
-10, 0.9459052414252385
-68, 0.17699295015472882
-57, 0.07482215036193274
33, 0.6163961339039348
-24, 0.46224528930303166
88, 0.1884514938228794
-90, 0.8147895806999188
80, 0.7692820819768107
14, 0.7520111877265819
-79, 0.44027250514613103
49, 0.27500196376569686
69, 0.616480993298663
60, 0.0999685952790581
-85, 0.3194900537457992
21, 0.5194911574520141
81, 0.9081081638404127
-90, 0.9492827494645016
76, 0.5847531395163925
36, 0.48599283654085057
7, 0.2386790147264427
42, 0.00041020142432968143
72, 0.8678071060585405
-97, 0.2664431059620638
93, 0.5628767754793214
23, 0.04587866565336263
24, 0.3704478557659293
-40, 0.9685326553583231
29, 0.8552801630407167
-92, 0.33783881900701473
-83, 0.6511773342215826
95, 0.5283051117148696
-8, 0.00721602033807367
-11, 0.5202417614809902
-29, 0.44202243257523344
-79, 0.6820657652141597
-46, 0.320462268687817
62, 0.0687015180102718
-22, 0.7690536867386792
8, 0.04816529098216604
23, 0.24943664314737024
-92, 0.7168912017720613
12, 0.31290426211212874
42, 0.1820421282789655
16, 0.4267807231721831
-87, 0.7983690431792895
13, 0.7079749795092238
27, 0.7529086567149513
88, 0.6850730425929595
-28, 0.62197621533529
71, 0.14143864530698025
-92, 0.657164367047096
-87, 0.8343508656187436
-23, 0.7614795030533198
-56, 0.29627387381462167
-29, 0.6177325496345122
-8, 0.1868671930653163
-41, 0.40626674585257594
-13, 0.5286925523596212
-11, 0.7715011872837056
40, 0.4094292395717948
-94, 0.4391556268194087
-40, 0.27594205974762587
59, 0.7545751633638941
9, 0.041693645407664404
33, 0.8067340746693203
81, 0.3200617146271465
-47, 0.7230795288980351
-14, 0.5371572911664755
27, 0.9581298544516822
-82, 0.8594591465806891
-91, 0.0457285240654306
98, 0.4512517471169192
95, 0.2548567694646402
-54, 0.8536867056066881
-33, 0.5826666602451755
15, 0.368818783814045
30, 0.13803168950574762
85, 0.15269407295621085
40, 0.8052192122858559
80, 0.3678110059306481
-2, 0.9217493126218377
83, 0.8898828305001778
-24, 0.12803321721700178
-67, 0.42050426359223514
59, 0.39096958454883934
99, 0.9588035177765134
63, 0.44953934742110513
-4, 0.4277329343389895
-67, 0.3033672194180943
-28, 0.8210484669091663
-94, 0.25225363638617404
-70, 0.16801366878102386
99, 0.06018895850869843
93, 0.29765261036185187
99, 0.30104169054653573
7, 0.4483895300002926
11, 0.6604842621476126
38, 0.4431801508468499
-23, 0.016990406781073886
-95, 0.10410931612197205
52, 0.8884554314327264
2, 0.8463783116111674
85, 0.500701830601393
45, 0.48778918492981294
-77, 0.08536806595423652
74, 0.4213255075149088
87, 0.5186001225699596
-36, 0.027059268852521634
30, 0.9109763535705427
73, 0.37021831211757183
14, 0.11834244699507868
42, 0.6853199969644512
-57, 0.31638507563594276
18, 0.004012316218953593
-12, 0.950358187378674
34, 0.6685265599353867
-19, 0.6367696561561605
-26, 0.258733700126226
88, 0.9552147840289833
54, 0.8393991879813874
-57, 0.7411839115512766
-55, 0.26810858245668256
-40, 0.9499319701269581
12, 0.7117668926548508
68, 0.25520896683757444
-67, 0.5219047313551811
-88, 0.12979830760757494
97, 0.8566417024001856
-81, 0.16930398776179534
21, 0.46162314191738163
7, 0.3619326890775243
-1, 0.7548770445818286
-1, 0.37767872114214873
-61, 0.38644032867275147
-39, 0.36315543920840077
-19, 0.31789842563602067
-98, 0.05424853370867633
-45, 0.07717884010482956
-50, 0.13875997138171126
-54, 0.3309466072325088
67, 0.15560209482305953
81, 0.49863305325000995
7, 0.20446029971016166
21, 0.885896876139556
97, 0.5379468530792487
-3, 0.5049452429721072
-20, 0.5371946108641288
98, 0.9262726182511765
64, 0.2950479647679586
-6, 0.7372465350824586
56, 0.877757515843114
58, 0.3767153508845704
3, 0.7641210541801563
-92, 0.5986883182056727
-75, 0.7376099217340162
84, 0.3806761510163196
83, 0.7648321307951931
-14, 0.3360031032747174
-53, 0.35939423037841844
-71, 0.598583698138996
-21, 0.5370975485359244
-99, 0.5975237347229895
-60, 0.6724144573482266
2, 0.23056195953145897
10, 0.18373322823971772
-70, 0.22392833321906946
13, 0.934872791439196
-75, 0.048739032047288466
-91, 0.42269490695439516
54, 0.008679333423494362
-36, 0.4456475775962433
62, 0.6988134227269135
37, 0.6322240172511797
-21, 0.8303883894654932
-46, 0.13763784190612383
-90, 0.9627495887571854
62, 0.99661400247611
-22, 0.528865468909069
24, 0.18019354019000255
60, 0.7215566460005362
-49, 0.011755153903925897
-23, 0.9934718850692242
-73, 0.32212323739897974
12, 0.32216385445938145
9, 0.6991545587717772
14, 0.9296939852259178
60, 0.3085887552024994
34, 0.6260963336723511
-94, 0.003934896211578165
82, 0.4551006432045327
-32, 0.49315141822149644
-45, 0.8963328877251016
23, 0.9767772615466672
-51, 0.6591400552395765
98, 0.9420108120531779
84, 0.9597278795915424
60, 0.5219657125730961
85, 0.8566827913707128
-63, 0.366975838445567
-47, 0.18040256295378654
16, 0.7477191145456524
-15, 0.9828938398923786
-80, 0.1660921470535076
7, 0.008763922233549493
-29, 0.47416389201249687
62, 0.03229544560490616
-47, 0.7690717496847141
-84, 0.9356652326053728
-30, 0.8003984965175824
20, 0.49764894137366544
-85, 0.03487346715651163
-74, 0.4563657287090426
-98, 0.5902215100896294
4, 0.43826671623516666
58, 0.7980430889068564
-31, 0.6099945251285487
-37, 0.4981896428237532
-26, 0.2443733833648165
-43, 0.45125241795379223
-72, 0.06708545390027754
67, 0.701320304936922
-78, 0.5359265479982859
-4, 0.5766405235916653
79, 0.13352611948912085
45, 0.4368507981712185
0, 0.6533674595738136
-85, 0.9899853375255073
-15, 0.5636532361748543
34, 0.9530627366698624
-13, 0.16581526264416713
-76, 0.15675887362001206
-30, 0.4223121962774552
-55, 0.9771907447322186
68, 0.8920152962664748
-15, 0.9547335032242531
-88, 0.957887324269847
95, 0.07705744888835797
-38, 0.35933856641703266
41, 0.20427770420976665
50, 0.7731481706169218
-89, 0.15567651002656546
-30, 0.8880456209397026
-73, 0.21613712269392515
-68, 0.45814820461485084
97, 0.907435518490706
-10, 0.4779093457859296
77, 0.40341281058679745
-53, 0.21677555488151523
-43, 0.36000690448104755
-83, 0.9999045241366564
-56, 0.5043729029816607
-61, 0.10129102291241432
68, 0.26499003863557724
99, 0.29854378507442336
29, 0.5795977590962728
8, 0.3316774589164053
-29, 0.5241101130694534
-25, 0.4334009705534294
26, 0.8366249360750783
85, 0.025306895087787273
58, 0.3548826198708064
18, 0.8675063879952408
-55, 0.5932615334366355
4, 0.7295964962606115
1, 0.945230293067898
-72, 0.3811231142867666
-92, 0.3466368461408549
-35, 0.9592828100706157
-85, 0.8558706998223132
-5, 0.9602313834396718
-55, 0.7273757567805397
97, 0.5109234864455209
94, 0.3922326035632019
52, 0.90171311955817
24, 0.8046722805193627
-44, 0.3596553324356141
6, 0.41256080913756765
-85, 0.028404098660639643
-90, 0.14301345513838915
51, 0.24498446667119989
-95, 0.493369692505768
36, 0.3063656847996701
43, 0.07708863692410417
-37, 0.014769311216236036
24, 0.8911912475819397
88, 0.9661574197529911
-10, 0.5762862053294199
-10, 0.6155226980214599
16, 0.9511058210841047
90, 0.25461378131259016
-39, 0.8950295287331529
88, 0.2019517289662941
-74, 0.05694558214078371
-38, 0.7552688603900399
21, 0.7387196416467203
9, 0.15000672582373054
-98, 0.6255850560106192
54, 0.33911025585363586
8, 0.8522480903981059
29, 0.35785441971230947
-82, 0.593173776145762
-24, 0.6876244870478867
-26, 0.7433954992381263
44, 0.575821177351609
-85, 0.2720193424636843
-15, 0.9009923237383151
58, 0.5989693923987037
85, 0.5338425448030485
-55, 0.25649261653203714
-81, 0.46367613470342595
-32, 0.3908329639593444
9, 0.16232214892423136
-95, 0.7654085115319742
51, 0.12048165974603242
50, 0.8278026225615849
55, 0.8121212300494747
-59, 0.21565327632113263
-75, 0.1449412769039926
-77, 0.7264673982818823
-77, 0.24923593422373236
-36, 0.050413459682456474
-98, 0.09503954532414394
53, 0.20020815285737747
-55, 0.8974985003404213
-17, 0.12504617816110752
68, 0.6730280031884084
-84, 0.4029492019165868
7, 0.022228529910358286
-77, 0.9492320861111652
-9, 0.3737063700570534
-82, 0.8924802972656486
78, 0.26198609328335054
-91, 0.5778996354001924
-26, 0.847242682625068
64, 0.9143817545172553
99, 0.8632007304828322
36, 0.656527270029911
29, 0.23359709297288178
54, 0.9749747412148138
-66, 0.6276759762419101
20, 0.3516493918268343
80, 0.22248101469484627
-60, 0.010812105070476918
13, 0.6696513462972874
-82, 0.01751834011242337
-92, 0.7785109601550071
2, 0.9348514698753806
50, 0.04127907909904671
36, 0.88169425798387
-81, 0.7761592372751344
-44, 0.21963278998043057
47, 0.7219010028344829
-75, 0.5665883304913403
-15, 0.5500166281850458
81, 0.8685612963208665
-72, 0.11904053820144189
-15, 0.9375120369437299
-28, 0.701847156177532
-51, 0.9442942757029633
29, 0.2130104988490319
-91, 0.2649446752100836
70, 0.604210321287247
-38, 0.4099244590679926
-74, 0.40020297736733323
-6, 0.4205221681735686
8, 0.9754873514828106
60, 0.9833611246497673
-32, 0.986921312892228
-7, 0.22817227179589927
76, 0.42405128704459427
-38, 0.48967715103671094
-30, 0.5450283501714408
-65, 0.16622744929483113
23, 0.09811474398813447
27, 0.8163379113128468
-58, 0.6706619081534033
-20, 0.9780798861761596
-96, 0.5721091118831199
-70, 0.07961149749344154
49, 0.33849578635797994
-4, 0.4069977081939171
40, 0.20237145598729556
-17, 0.740788515079414
81, 0.7888113703720052
-77, 0.21524899595177727
-71, 0.4242483126244594
11, 0.060137178450044404
97, 0.21225229390294242
-89, 0.9582202227009157
39, 0.4566449376086561
26, 0.6632635238272984
-51, 0.8770082240272283
42, 0.320274256649569
-27, 0.19839255458310945
-85, 0.6681157999480922
-78, 0.7245895886582765
-20, 0.468347442492521
37, 0.6730944842851135
-61, 0.7414497287563123
72, 0.8949808799389612
82, 0.17132077128787382
-41, 0.040306625001459206
-71, 0.09151885535634152
72, 0.6612170474830367
33, 0.4220330677307246
-31, 0.658898479436512
77, 0.5390718777351228
66, 0.21333662127663044
49, 0.15111493883192662
-37, 0.3691676944261256
52, 0.6077083821761594
64, 0.2522254437605155
-63, 0.01109440264485173
-11, 0.7874665675399621
-51, 0.5047983436412249
92, 0.8908254138574078
60, 0.08004346583694455
37, 0.23526561417258707
60, 0.8916514687817426
-23, 0.5118364079307366
23, 0.15179712695844327
17, 0.22931052991126266
-68, 0.06828884401922841
-37, 0.4143712316613297
-12, 0.9705854753657167
-99, 0.10193074978600769
37, 0.049819274005204806
-75, 0.23735641711567146
9, 0.5619782623407816
9, 0.3638326927103894
-7, 0.2880433363232875
-15, 0.25326177197648125
-75, 0.8038361213276174
-33, 0.9578476692367136
95, 0.24584284212699137
-68, 0.19373489111448516
91, 0.3605235616182969
-36, 0.6837603670733892
-97, 0.07044304178160987
-34, 0.7970943943234599
11, 0.07096019882668014
-61, 0.35363946685362424
-32, 0.1363997942747759
82, 0.6988464379785022
50, 0.4734313295142226
92, 0.5333215623766318
-15, 0.3371062265652143
-18, 0.5400576140723198
98, 0.4884549702888501
91, 0.21395478514635635
-51, 0.08970032105201253
-21, 0.3779909007223826
-83, 0.37535606866943094
-75, 0.26065922215528425
9, 0.31979311168753033
6, 0.29136910819546125
90, 0.4069860556728414
-19, 0.2785509947088738
-53, 0.378260750039626
56, 0.290716756452266
-84, 0.01863860632628067
-36, 0.24453659832846864
86, 0.19616755608883663
24, 0.04275661646257156
98, 0.9866336992773012
-95, 0.45515207660375434
32, 0.4161125494499447
15, 0.37701427891270023
-84, 0.33946200006129945
98, 0.32385278114321947
-3, 0.7709667648391428
89, 0.934765847143698
-40, 0.17122383529296936
17, 0.9417512886619355
-66, 0.16124987423864234
-33, 0.18436574246121773
-93, 0.7259086622168949
3, 0.33886001551473377
41, 0.02817141401719403
-96, 0.8263048479618976
18, 0.07223436740137712
-23, 0.9937786891114365
34, 0.7952932024765833
16, 0.19455067136097248
34, 0.5084631770931597
-72, 0.36652735077410825
60, 0.5379315680120083
30, 0.04723598515820959
78, 0.9577221344541516
67, 0.019149041385819188
-5, 0.7838409300673201
-63, 0.20645163011410805
63, 0.7751621964208684
94, 0.9495823439065431
81, 0.398301769463536
-47, 0.8166313860885269
67, 0.41502340959342054
-24, 0.0682112213428443
-2, 0.9929761887925148
-38, 0.029006921973929956
-65, 0.4421481007529815
-64, 0.7205658536228283
97, 0.05881888431274451
51, 0.22767465905227635
-37, 0.33583759182907
6, 0.563171270201755
-53, 0.15263191352525385
-71, 0.8126894337250613
31, 0.614900792483072
-43, 0.08559320082069455
15, 0.33440483614501826
-48, 0.6850889459561468
-75, 0.547663443546207
10, 0.5420348240101658
78, 0.9985606447177648
-23, 0.5936624875759453
-43, 0.042008564813444615
45, 0.9758666194110189
-43, 0.3772212448523413
-10, 0.1687817841493623
-88, 0.6906605655661519
13, 0.20992116332147326
-84, 0.027000720345198737
-88, 0.3502344621096135
-86, 0.4116369441779226
17, 0.9366209779641065
59, 0.17149433810888837
-14, 0.735618823335629
-83, 0.7361081156647639
-65, 0.8750173494624153
-47, 0.5392860492104723
-18, 0.0820142312538884
11, 0.4853645388447444
-25, 0.7526249050826779
72, 0.7620830571081644
-75, 0.18967157306529359
36, 0.5802385963467979
-42, 0.9137982168246324
-100, 0.6406691012947355
-41, 0.6512436510809279
-97, 0.39917408692122847
-60, 0.6522823126887233
11, 0.15214810279683355
-34, 0.4141679589160572
-47, 0.9378572487380827
99, 0.9214294626346856
28, 0.687418787571584
-67, 0.7560781027234744
13, 0.7231200136149729
-93, 0.2019938401237401
-11, 0.8959329600676519
52, 0.13122655903363156
44, 0.49327941795553
-24, 0.7901577224415675
-14, 0.20833476671198425
-11, 0.598036180839899
-39, 0.2360376482594102
-4, 0.5737597563037669
24, 0.2277373661684563
-24, 0.7086438610714466
84, 0.502332315369861
-41, 0.3012795975442142
83, 0.9977716968948401
32, 0.16192736612016412
-77, 0.8607239147309845
48, 0.5997951425637575
13, 0.9176259270410406
-39, 0.13521998936019053
-96, 0.15050712945777245
73, 0.41537077638109476
39, 0.1633241681402865
-20, 0.030378417469184016
-21, 0.07655606215852406
-21, 0.9313306327339088
75, 0.8937777073855434
-76, 0.9758896499447753
-42, 0.710188149526186
-58, 0.3372908799437272
-49, 0.15455495271519415
-52, 0.7360569164992158
91, 0.9763546878105904
-92, 0.6695870396940208
-68, 0.7240455133741601
28, 0.6079617695006306
-10, 0.776292794112799
-74, 0.6649883241369547
100, 0.9304753795969596
72, 0.7462858803389735
-47, 0.07817844747066438
-46, 0.2621732770376255
-24, 0.868290610212439
-69, 0.5999738892333862
36, 0.5975512678971094
-64, 0.6349001380728461
59, 0.6339349091641876
-95, 0.03294095043048506
71, 0.18273905007127655
33, 0.6812229084384516
-69, 0.8699987913760646
1, 0.45993947390607315
-18, 0.18153155583426384
8, 0.8843151661879275
0, 0.4655554368661836
-48, 0.14190802639704425
-54, 0.5751622787521974
44, 0.7980563801978007
-99, 0.0010226060616655985
51, 0.4462230104182562
-100, 0.2975806411979627
3, 0.8556992852897854
-37, 0.002666972896639863
-62, 0.8343748825155289
-48, 0.3030660145126517
-22, 0.5871571680155101
82, 0.43822215700826983
-2, 0.472359845553998
-89, 0.626631104843535
-20, 0.7398305716514427
-12, 0.7601139381913409
28, 0.5122110666703844
86, 0.944093738660174
-9, 0.1553300361600719
-76, 0.3668377503046615
-43, 0.8573122672189855
100, 0.11824866172357995
-29, 0.5907838410109215
9, 0.3360291326233432
50, 0.21546961343198978
31, 0.23143307460792262
-14, 0.8267983703130836
-24, 0.1770941015595382
-19, 0.8380088667502967
49, 0.9925800889344835
85, 0.5983621848136308
24, 0.9697349560863557
28, 0.7643425957704082
-100, 0.06441844114479467
36, 0.025504137483917777
22, 0.3838097226731021
81, 0.5467972278119154
22, 0.5756521547302637
98, 0.375911376791666
11, 0.7710078015381623
-13, 0.16996603234284957
-53, 0.10456625958547072
75, 0.25253718137650005
65, 0.7507146241767503
69, 0.6204376074309927
77, 0.37747026772507497
99, 0.20481175064259216
-12, 0.3800871399871161
-69, 0.8790829063531492
-74, 0.1077026325588315
-20, 0.15250384660740024
-27, 0.04707524993351986
-3, 0.6948151465127927
19, 0.7581674128390323
-48, 0.9122130591085368
-53, 0.8587988356881137
-23, 0.44148514698515784
62, 0.5352634713160018
-76, 0.01089264070348861
51, 0.8718221171571046
-96, 0.6889271644572349
6, 0.31896385763618207
72, 0.12920731967886467
-27, 0.26000317126580885
44, 0.49885211089650494
97, 0.7329060953610552
-70, 0.24044501974219112
-13, 0.40791888235275986
28, 0.9124052727624736
-83, 0.487921303095191
-56, 0.9186221639850666
-69, 0.5821393567437553
90, 0.5846918992835978
68, 0.20860648308269825
98, 0.5035084393903686
-12, 0.8879666016754212
69, 0.5443128826502053
39, 0.5321688856409496
-10, 0.25495266123551685
17, 0.46849336039890055
-60, 0.8429052279336022
-22, 0.6536958517086108
-40, 0.3594001142480473
60, 0.17505851080792167
-37, 0.24578873428853698
-85, 0.7557251669833264
-49, 0.9309309667245314
-47, 0.3375834691208308
19, 0.26257843894940214
-82, 0.9632715896611431
90, 0.16352553481418464
-47, 0.9853002966289718
-3, 0.07871303619376702
62, 0.5106564537506179
-87, 0.29915416560091757
-21, 0.07984674655734025
44, 0.16237043803427986
-58, 0.6319089386169728
-7, 0.9355263226012166
-98, 0.6157477705812281
14, 0.9771386357843832
93, 0.12804855550399796
-55, 0.2598490469515202
-42, 0.540465359914293
27, 0.020348282998235434
-80, 0.12143003823055998
59, 0.1421156308213838
-89, 0.3039427743749683
-75, 0.920948468418516
-23, 0.9977742204012471
62, 0.7095199368432581
92, 0.45783924610277926
-52, 0.1479446822276832
13, 0.7527843650942367
-53, 0.4788919529150124
26, 0.12214694163612361
-86, 0.7791008366740809
4, 0.4786096557938183
-49, 0.4524366087155689
11, 0.4392049628176342
-29, 0.42176842702334927
35, 0.3039867669927755
57, 0.37749264291940954
-13, 0.07270084060198112
70, 0.8269335020403995
-84, 0.6801755548498365
-98, 0.431334935084869
52, 0.3852366850273159
15, 0.8209534035170203
-94, 0.8746522271373981
69, 0.018407521356357592
-84, 0.1466103396009083
-99, 0.10580991861442135
78, 0.9916398121418596
-26, 0.2186801662657598
-60, 0.9655880706301482
-65, 0.5403298625885292
17, 0.3163150127352342
96, 0.9980818949007825
-18, 0.6120202086817962
96, 0.8551302983560853
-61, 0.18411767830747106
-7, 0.9130384791491212
29, 0.19431732546126912
75, 0.562149665400574
-56, 0.5195808617727654
92, 0.714767815256763
80, 0.0924729982020982
98, 0.6065173615634776
-74, 0.12081972697336585
78, 0.39563623520706925
17, 0.5121700861067052
73, 0.6521836014457396
11, 0.2336043164382281
32, 0.6551550382079494
-58, 0.2824557581117617
-74, 0.2761997596048802
36, 0.7652374303927304
69, 0.41741133826034005
-6, 0.39887612696766095
-61, 0.07278287734916933
-19, 0.8429133117068445
72, 0.1645619515888158
96, 0.5054783020078607
-7, 0.4639425574624242
-31, 0.6738842758504282
-64, 0.961871239668266
43, 0.25060792178528024
3, 0.5122797363261168
38, 0.7153309099570494
-14, 0.6275711236705045
72, 0.4445872303897954
96, 0.6104367943728235
60, 0.3301488380706744
-33, 0.20846344768221103
17, 0.23355672370623604
-20, 0.08575501754776171
41, 0.12897658901152975
48, 0.8010107805911377
-89, 0.16264717405224693
-65, 0.7137549149290352
-52, 0.7014386748085082
72, 0.6841502945660007
32, 0.8217484533744159
91, 0.438502118012291
-23, 0.4564878887208701
-25, 0.4012101923018575
55, 0.5845888672153429
90, 0.27459093619473207
-75, 0.151998818568441
77, 0.0392164761138456
94, 0.2827161206853982
-4, 0.7080635140980317
28, 0.27321551735706473
-92, 0.7640905159186723
-44, 0.8614708359791151
33, 0.25324506399242475
-50, 0.7752415321353934
21, 0.7277381949871276
-61, 0.8004651597871614
-50, 0.5808597908302433
7, 0.782969500286222
43, 0.06192641830301282
77, 0.9586707281706447
-24, 0.36013631153503456
97, 0.01189695249972511
-62, 0.5834002317198761
-50, 0.8940884028701885
-54, 0.07350376395858282
-79, 0.8412956234567702
18, 0.7305839924510386
27, 0.9666130273562611
71, 0.821496948215645
96, 0.8099629462973368
25, 0.792364922515715
-93, 0.7096858661679536
81, 0.41153869883176264
-86, 0.4980270438461133
82, 0.3717729782697611
23, 0.8502147428118384
52, 0.9028579411816015
-49, 0.10637701138758804
0, 0.9797207541856375
-35, 0.17470251136803483
-65, 0.9957403863469143
-55, 0.09134237185305982
52, 0.7507603680544342
12, 0.13834859445064585
73, 0.8429645700166151
67, 0.03307818264361018
62, 0.20908394265116692
-13, 0.1429508875854869
-81, 0.7073159787990749
-71, 0.7915992625823918
-78, 0.971306602402069
85, 0.9199098283543721
89, 0.9985849968627881
65, 0.2808775184396387
-82, 0.23452092632448307
85, 0.4624627939526771
26, 0.5070788273670201
-50, 0.4020848344733077
9, 0.10616465338997627
15, 0.06487945586143262
-16, 0.5955764263542542
56, 0.6816883619038182
87, 0.5890928349645748
-54, 0.3033306501883909
-71, 0.32382620003513674
-36, 0.2744785220972933
88, 0.7939976452230508
-51, 0.5938828753213389
-97, 0.7522331680171752
-26, 0.7165992354625653
-92, 0.25267116806250123
-23, 0.1613439042462036
-14, 0.6570235020521669
-62, 0.38918643627502036
45, 0.05318273157838349
13, 0.5821639028281881
-51, 0.9067168744760182
96, 0.10670657644548631
40, 0.7286784085893476
98, 0.3742618161120491
52, 0.3204446674930387
66, 0.7545912652464036
-16, 0.14473589768603135
62, 0.6709453662652561
-9, 0.5629845129055804
-96, 0.9918999549324021
83, 0.937870184806585
-57, 0.12470482409291106
-55, 0.5235146360808957
-2, 0.7727073844007574
-29, 0.4860851003650615
38, 0.3040482428531238
98, 0.8911550194850073
-59, 0.3731581374812235
-52, 0.8616986691355636
-97, 0.571553458916306
-78, 0.2262309107193755
-82, 0.7100823188029294
83, 0.62909754675427
-23, 0.07526078195394048
66, 0.38802583091457776
67, 0.04083342436749626
23, 0.5390891981431166
27, 0.5113799506369558
12, 0.32213294943579285
-45, 0.06580000582163481
61, 0.6008369408157495
-93, 0.20720431770040104
-82, 0.08609386599466029
88, 0.3640807613784566
95, 0.3492881194419911
-4, 0.4770970217793631
35, 0.9274574566529179
-48, 0.3273321018400541
-65, 0.27035044426392263
-5, 0.7526599512515856
67, 0.026439475116860178
-9, 0.3078622064534071
26, 0.22405034099682353
-39, 0.1101684771557152
27, 0.18761971793056986
-79, 0.41546665382598025
-31, 0.6188278601187561
22, 0.9446337477279267
-22, 0.39919469615935055
-4, 0.5286260693339523
-59, 0.5588939013797303
-100, 0.043403516011473076
65, 0.5917788940052283
97, 0.2813173137914772
-95, 0.9070976711268347
-97, 0.4924356225732872
-10, 0.6417937764152873
-93, 0.8219659312899202
2, 0.07821941898704954
59, 0.8619421204517371
-5, 0.03822600065916626
-41, 0.5855848756258796
-4, 0.052595105903702644
-79, 0.005396239941393821
-57, 0.8035861830163971
-90, 0.7975993454210693
96, 0.9603448284544815
-58, 0.11895593469665844
-20, 0.09331135412137437
82, 0.17701249579198475
-29, 0.2610612671395318
29, 0.1350257792405054
-13, 0.09838892404584965
80, 0.6507933497573555
89, 0.73872097879662
-22, 0.5323282978669239
40, 0.031090667516817883
-53, 0.4051396318292101
39, 0.017646979118648654
86, 0.7040155321455063
-35, 0.08545703174157948
6, 0.9142157185759696
53, 0.3373934658987191
40, 0.05971241319951437
61, 0.005872403874460974
33, 0.805220748768655
83, 0.5624672000248052
-23, 0.3552786168079368
54, 0.8313432518814973
-30, 0.8431896018414103
-75, 0.21252701867771273
94, 0.378151957517199
-29, 0.7972329073872937
-2, 0.7973023249378474
-99, 0.6376425772885095
-100, 0.21379884311903197
26, 0.38299320421716687
33, 0.8451091960240139
70, 0.6639800540459463
-77, 0.8252081944012675
-38, 0.5666866065661813
50, 0.6840056864152735
-61, 0.2345547058156774
-19, 0.4515273401830501
-5, 0.42997111839506774
27, 0.5115630884213773
7, 0.6062719007905639
-4, 0.6612099659512294
93, 0.5060709055969665
52, 0.9263175776144842
-64, 0.12624814331786371
-81, 0.24566267255397267
15, 0.5853473832483331
-78, 0.31605372403719223
-51, 0.5816470418448492
-81, 0.3599208263918522
-61, 0.8669235760800215
-60, 0.9055994149306762
12, 0.945643768038157
-50, 0.8590771383012278
82, 0.7513656816663755
-46, 0.7862353417918098
19, 0.7040871669039989
-11, 0.34668558957945395
10, 0.2807172592433709
-32, 0.3422415447865259
-73, 0.17861844146351125
-62, 0.08971486433600706
9, 0.16870812841855187
-42, 0.5510019633896969
35, 0.35992786696055934
18, 0.25133386980464756
66, 0.2111374684159818
87, 0.016154724212487315
50, 0.26083329233602515
91, 0.5945775554412714
58, 0.9153184893460903
2, 0.3536319346862392
18, 0.19601542542036643
50, 0.8548982088682892
91, 0.8121394166050273
30, 0.2874705563408193
74, 0.4063815705982553
68, 0.9056516847169427
-73, 0.7232353697602667
70, 0.08912537731423542
64, 0.821603657642511
31, 0.9535506228190717
-84, 0.7554156794236206
-65, 0.72758864756519
54, 0.40099899935955774
72, 0.13058407653023152
-73, 0.6127701215635543
38, 0.11061878329113328
25, 0.43588392152255284
-26, 0.28555095357549076
-86, 0.5269656000805563
-62, 0.8831784984511049
-2, 0.7742068673470991
-35, 0.7742450883911521
54, 0.42799474846875796
99, 0.9443691417975383
-47, 0.5994173595880093
51, 0.7251931388143822
-33, 0.1424319184920685
4, 0.37170750454881896
82, 0.7041029662469186
-18, 0.029554330489337644
-6, 0.02322211346131764
71, 0.7858961786831727
68, 0.1183246874598064
-95, 0.5413981372992457
42, 0.7956140667749892
80, 0.9045131685222539
45, 0.18965096665927839
-50, 0.37005268789699486
-14, 0.49703837331162537
-1, 0.5295378131766675
-49, 0.2634807979070235
-27, 0.489209093966837
-54, 0.9558029405247532
-38, 0.2017069924453051
-79, 0.35764494750570275
-36, 0.9793255545468031
-21, 0.941617435584221
74, 0.7225865592634465
-19, 0.047364587375608225
-5, 0.5417210675841245
-38, 0.6707244676029328
-21, 0.25542303472546535
-4, 0.850522815039601
77, 0.2564870489820341
52, 0.1024807151398851
99, 0.4761567199586705
34, 0.8502273675095908
53, 0.3794305354193276
-68, 0.8212953640039226
95, 0.7594841534499577
-28, 0.7613369659621665
-62, 0.9327581846060816
-60, 0.9048562476581079
83, 0.15653242898489383
98, 0.2719781517581005
22, 0.7560758666307099
80, 0.7242955558426787
-4, 0.9564257577076087
12, 0.2592680754148007
63, 0.5601598683686665
63, 0.35156835792331687
83, 0.04974550015326962
37, 0.7607766224435526
-6, 0.4082445551705034
35, 0.938985104194272
-98, 0.5453368546400651
-72, 0.036339241971310776
-31, 0.0014969915142274415
98, 0.08377597428584083
76, 0.47856727302888813
37, 0.8990602772030785
70, 0.18609789057243653
64, 0.9683382441441339
29, 0.958819501672072
-40, 0.45860625387657006
7, 0.002476529178822906
73, 0.9556844430901295
36, 0.5505307390764642
92, 0.3441441212273878
-3, 0.6112930732228472
86, 0.16347391180292392
-95, 0.8114336306985278
-33, 0.7868307789607749
-37, 0.3175002571881812
3, 0.7655269813434108
-17, 0.2621243076541375
-100, 0.9378778607964846
34, 0.20095548959501375
-23, 0.24237114093897194
-93, 0.40794734402927846
64, 0.2014298151699503
15, 0.3574422045922625
3, 0.028321692092844852
11, 0.043159492358344376
82, 0.12057858548637257
-73, 0.2043440802965727
-53, 0.5962616624951932
-22, 0.6551646794335791
-91, 0.551664854862729
-17, 0.8866517936619221
-59, 0.4150119110226447
23, 0.5240745149049624
-67, 0.8815320446729039
-72, 0.002127971301406517
-53, 0.7101920536090701
-64, 0.1513848412139992
10, 0.4185701584957666
22, 0.18587331126643447
-83, 0.5306026088570076
-73, 0.930389800439208
70, 0.6954367744454887
29, 0.7081587088075884
50, 0.8376952780910545
-38, 0.04672905207920486
-78, 0.9716625789242634
-77, 0.4959487905281055
63, 0.8782266084323204
-95, 0.005128198469055878
-49, 0.07919339137514525
30, 0.5427402406625526
-34, 0.6276843102296313
82, 0.3751986896766487
-48, 0.17790692077553893
-55, 0.06530823541649111
29, 0.6072792592207805
-34, 0.2095132695761699
7, 0.6897649161744999
44, 0.8552671830698075
-66, 0.786436504734313
88, 0.7529417480302228
-79, 0.9514623932925349
18, 0.6038271041966026
78, 0.6535189379546735
71, 0.5779814587011702
-11, 0.06582536687647134
-23, 0.9932139602169252
40, 0.7808845005344704
38, 0.7173612869844056
-40, 0.7089114695689798
-98, 0.10475751389620724
-97, 0.6654051244020517
20, 0.03457195880546693
-26, 0.1470847877443312
-12, 0.3213950248221108
-24, 0.8750902256933929
92, 0.8245719937746243
14, 0.8430237373004422
72, 0.37602363720148524
-75, 0.3103778062132997
59, 0.03181011428335312
-98, 0.04062608902393483
97, 0.09854588551202703
24, 0.7940088731060267
-46, 0.08535372095038807
27, 0.019625845175269885
-20, 0.4633872740541334
34, 0.39851227568076886
-59, 0.6598031930290982
31, 0.5593228658121773
23, 0.2131043210203527
-3, 0.1547906295449104
-94, 0.9091146003850534
-38, 0.985676772530844
-22, 0.4275054542980321
93, 0.7870761971679735
-68, 0.5768722604855242
-18, 0.10020637022920797
4, 0.5778265064457359
71, 0.5579199110414633
37, 0.3004344087536478
-85, 0.7297098102338269
-59, 0.38925655000189885
-92, 0.7337219362840672
-61, 0.7343465395145061
-56, 0.27629151737977486
47, 0.43074188976199934
-33, 0.9319917352504483
-90, 0.8911632893481236
-21, 0.29431968471332803
-58, 0.9744226267750621
-90, 0.9755713940318685
43, 0.928998170095939
33, 0.5460470150823419
-11, 0.6922226671799412
23, 0.2664220177625287
-41, 0.0343852112572941
62, 0.013271450903861393
98, 0.9312472731467507
-1, 0.3275513430521486
-85, 0.12978636822907452
42, 0.23403990153559961
-70, 0.3057580772180363
31, 0.8750422905143963
-53, 0.003776615399448624
92, 0.6505652687067645
-1, 0.8604573266260703
-72, 0.9608050010423176
-18, 0.3244862279582894
11, 0.8361115476792482
79, 0.006401684480989767
49, 0.6911646153095985
-96, 0.3326914600878782
-48, 0.5685839052023861
-69, 0.8869422164202592
99, 0.5232896936869947
34, 0.3762213832355543
82, 0.5588604854634507
72, 0.8171263782170453
72, 0.5894313118290514
-39, 0.21547391135524707
40, 0.23019190602490613
22, 0.7478337336257108
-48, 0.5901621960707791
-18, 0.27385425253220774
85, 0.7173475071273003
-54, 0.6427603915062462
18, 0.36169818357842143
62, 0.6753965148018777
-23, 0.19892224130330816
-86, 0.4366185553097205
-61, 0.10433896383931074
41, 0.49710518269521375
-8, 0.3159676886126408
-45, 0.8617402790014976
-90, 0.06086584835933506
-29, 0.7263300806922143
-62, 0.7208786586332219
-64, 0.7360437269766095
-31, 0.12560316054684262
29, 0.4158434277832975
57, 0.3040723134632616
-21, 0.6072076716845193
98, 0.5406369679665718
-47, 0.5413109239268501
-19, 0.8748136221840161
98, 0.38891921006569274
-80, 0.20698958548559399
-43, 0.7334321858090603
15, 0.2455367470142572
5, 0.5872926887622347
-2, 0.2682735567836757
-40, 0.7676425986945404
12, 0.13481806964784004
-87, 0.8948587558697811
75, 0.22703979762174442
65, 0.5984345054598136
-47, 0.8871116382926307
39, 0.36010674761756933
-100, 0.6046517761532908
2, 0.05401085273925732
3, 0.406884971936068
-7, 0.13066264819779427
-75, 0.37091085570728743
-27, 0.6648611731962846
34, 0.07087654828076573
-84, 0.6105179806645252
-7, 0.7447538454566576
2, 0.5960518645530601
-24, 0.6402921617106005
-3, 0.4960172100511334
35, 0.6971397725513229
-76, 0.8027764666280305
-7, 0.314399708957798
87, 0.8861187772334471
-67, 0.27611021224697285
-53, 0.3842685812532203
43, 0.10506114113318687
40, 0.6616438452796367
78, 0.6201602313779937
37, 0.9440945550738534
-31, 0.6762850478658566
58, 0.2571870681905426
49, 0.0777521800103389
10, 0.23239654088312245
47, 0.47379355193870365
-48, 0.010863230776709809
56, 0.6835907854934812
-47, 0.8369133351966651
30, 0.46991595434885314
-97, 0.9900110363943522
59, 0.565906316750806
-7, 0.8078877352398772
-88, 0.29351996553153004
59, 0.7834326296155033
-87, 0.3688592551655271
86, 0.2894696578360775
-65, 0.11570083170670642
81, 0.4953789007260041
11, 0.5977716524526414
81, 0.3221287358286635
-76, 0.5495977309579758
-61, 0.12881434232732858
-74, 0.04165234828403097
90, 0.12001122218449134
28, 0.5032032854573586
-20, 0.4561291196749785
-1, 0.2657655701533951
-33, 0.7933991980836864
69, 0.7402638057642468
29, 0.3705983547450502
-79, 0.9469952127147049
-69, 0.2571652947274521
39, 0.9970612575951313
63, 0.6590528959137703
54, 0.05657737560749743
-30, 0.339145839379716
-99, 0.8379346623536096
-70, 0.8600668485788773
43, 0.29211747402316457
-54, 0.940993982196333
46, 0.46359239951915243
-69, 0.9884366706085871
34, 0.00382840269297291
60, 0.3385526253951969
84, 0.06681073273230431
-31, 0.12278447548936722
26, 0.3576829762562851
-5, 0.5546404954297336
100, 0.14422291342068272
-49, 0.2820635777973589
-28, 0.9872180978562926
-75, 0.5038165123471123
-16, 0.8910406157818844
-18, 0.45665005546717397
-60, 0.780587791490984
58, 0.9294963393953021
-27, 0.735282993537798
-18, 0.19978821632192878
-77, 0.9836078971688363
-32, 0.4729780713114904
-30, 0.5835867883768686
77, 0.5406411844279513
58, 0.22474009481264534
-21, 0.6905313591566561
86, 0.526618895314651
-3, 0.2331657882574295
-83, 0.8790848329144635
-49, 0.35228324012524737
-21, 0.5998446143694314
72, 0.5580642927579761
16, 0.30059511814187445
75, 0.9484782748004033
-63, 0.41035370020425266
-42, 0.8773421907422833
39, 0.6309142064705041
-94, 0.26514606050788325
-92, 0.12342674808275367
-74, 0.6239747199492578
35, 0.5268129990209189
50, 0.034637991443058236
49, 0.2518496798291865
-81, 0.36562715133683
-75, 0.9741192522358895
-68, 0.7861660747392689
79, 0.44081247109390487
-85, 0.13793645789034326
-60, 0.4492751340494173
31, 0.2749890951364118
20, 0.03920522323298503
-92, 0.7127253252891316
-57, 0.47662251288030355
-82, 0.9711361445881381
-92, 0.7721359128451858
43, 0.33027673573725636
-67, 0.8906076361946598
-30, 0.11209610337691733
48, 0.5028754671181033
63, 0.4473546465075744
75, 0.8307131350469978
80, 0.8541408748045488
62, 0.7676601696810368
-74, 0.04921629725809762
59, 0.9016526337847468
66, 0.5731835660482532
-26, 0.17995834790257703
63, 0.40753223162024343
-50, 0.9114182607960707
-46, 0.4283891672823218
36, 0.2700101086904394
-53, 0.30724544485405203
-54, 0.17864330144653318
-46, 0.06770258536604967
78, 0.2715522916589893
-20, 0.7863188613409541
-53, 0.8845081567448677
80, 0.876427133357529
54, 0.08004881152052912
40, 0.6776833644724285
87, 0.4599348920530065
-64, 0.17533897166394352
-50, 0.11636779051030843
-18, 0.4244341187527185
-64, 0.48218433767513447
37, 0.1980404009113368
22, 0.7468873113072155
53, 0.5266599136805071
-80, 0.36073345532092094
83, 0.9967365357710359
-92, 0.35751834718892095
-60, 0.9256162480430993
-48, 0.3070544024480276
87, 0.5167248469526773
17, 0.47179878023419664
-13, 0.5193411453240937
-1, 0.5857259658992783
-35, 0.8110787777570484
-69, 0.7231774464423905
-85, 0.08488718855998911
11, 0.17069190143882185
23, 0.15000792818968245
87, 0.2659874117569643
35, 0.7294907421113059
-14, 0.6857370165415932
-45, 0.1392919975636001
2, 0.9461733154830728
-78, 0.029953488029453634
-82, 0.20882775030351086
43, 0.31284149440593956
-53, 0.5344921620084128
20, 0.23629465249320059
-34, 0.9004836705965998
-89, 0.8641091530679986
82, 0.28084638551640606
65, 0.41256583608273134
34, 0.03295742802666757
-30, 0.6102075270340761
4, 0.3332914023838771
-39, 0.2448355560837937
69, 0.9968328839792956
-29, 0.4412924755953691
-21, 0.4470933914888747
28, 0.9437045558119532
-81, 0.06423854809714735
-23, 0.0749217623832018
-37, 0.9721444685681833
37, 0.3735209615886127
-18, 0.03312734546840901
-17, 0.464497184570016
48, 0.32947310268170016
14, 0.36028358439103303
-57, 0.09976474630404764
23, 0.19702398721179193
-34, 0.6232048980532585
-48, 0.8272391184439656
-45, 0.4724438015007498
74, 0.07023021692256737
90, 0.364377557257046
-46, 0.868378019857765
86, 0.4725815522510659
-85, 0.28714792471436024
83, 0.8835896109248094
16, 0.8571935140583241
36, 0.13422955169704576
53, 0.32448816536883796
96, 0.7895660390560281
-44, 0.5783882927266993
1, 0.9945886798878119
98, 0.3227946520939935
88, 0.32148671245475846
-93, 0.4328227956148738
-56, 0.9429117205293577
-18, 0.2507204157003473
-66, 0.9478436705697632
-45, 0.6507823743891551
93, 0.40430497981491564
-45, 0.09022712059571292
-64, 0.011722862344767715
48, 0.26664639566500736
-80, 0.8255181575192608
-58, 0.19151570456404265
-79, 0.5733696840334875
67, 0.6991648595081441
66, 0.35928098824505794
71, 0.5771437095140975
25, 0.30201746466280166
-95, 0.5774491875071572
100, 0.48519138463258926
-7, 0.6784604909025492
96, 0.4044707579562996
-70, 0.7842058513231621
85, 0.32622540033276726
28, 0.44866558638508636
-87, 0.10433357490234041
53, 0.1758672685103425
-76, 0.05853518060516638
79, 0.288590208281299
80, 0.10301814932449838
-24, 0.9070705708749432
-68, 0.7357949596285922
8, 0.5283964276395952
-70, 0.14591736372794606
-26, 0.06356363069307813
-62, 0.3602245438140882
95, 0.37906339689174184
56, 0.8419487570047064
68, 0.33110726225327836
-75, 0.1589315954953957
49, 0.3113948399444698
-36, 0.8438712440416781
68, 0.6370934848388246
-56, 0.35594989483067085
79, 0.2615843239269249
-69, 0.6368461856519202
62, 0.35140131488529147
98, 0.933298688822575
-68, 0.40643421558474513
63, 0.3632767661423212
-84, 0.7602320215773827
8, 0.8180659269430284
11, 0.19232357382223964
85, 0.8380354236619286
6, 0.366021269400019
-99, 0.16300783529671714
83, 0.896070710380894
56, 0.174379171160853
26, 0.48122049953210866
-10, 0.08335690880439395
-72, 0.8167091880393811
-71, 0.1729585074489447
41, 0.6469754638256433
-78, 0.9762983766378355
37, 0.2833190465134493
-67, 0.29060954332246625
46, 0.4475950802447415
98, 0.9984669741276355
61, 0.6215902540629409
5, 0.5808452630824802
-70, 0.1057287631774243
-56, 0.6284053165674057
97, 0.791153230383335
-75, 0.40279353088801495
31, 0.04484716040778425
-79, 0.18291653884937353
89, 0.3317877779131915
-50, 0.04442709710545356
51, 0.9825548193843918
-71, 0.673682243456891
84, 0.9772811920955466
21, 0.15680919000381377
7, 0.09329420974484282
44, 0.05870804369686555
-56, 0.771957964957603
-17, 0.9801963060191515
20, 0.08365732832303963
69, 0.6046140514636362
31, 0.7133079639811448
-99, 0.4953245742473291
-51, 0.8028127869634024
20, 0.9296390600828729
-73, 0.4161202351367721
7, 0.020709340783468866
-77, 0.6609441214899211
71, 0.678291037984598
-89, 0.5800908978634911
41, 0.5714172420572575
84, 0.4958990039579839
-65, 0.40323139596268454
-59, 0.30965217053793914
73, 0.6271338561826696
77, 0.4357685865626386
-64, 0.6668667245591566
-32, 0.5296106545933525
-76, 0.5510198018466771
44, 0.9259036737488006
-79, 0.5873607373551634
-100, 0.5858999643980376
17, 0.4029553213812973
-82, 0.6198158704551312
26, 0.4576768321027477
39, 0.17161623898041456
100, 0.44932925954976666
-86, 0.6676719006280838
-78, 0.8660451669604108
75, 0.2939850478289091
-15, 0.05735844087360631
86, 0.7087905404482381
88, 0.8224195093127459
-35, 0.7399657995706512
40, 0.9234355557588186
-14, 0.6078743981084064
70, 0.46743140659415927
6, 0.4123797447248232
34, 0.8952900069720753
-56, 0.9800588843276402
-1, 0.21170819487248205
-45, 0.874302284193766
-71, 0.8017669141700895
-89, 0.35018600197558947
48, 0.3652335305220529
24, 0.2066295861928944
-47, 0.6712175981118643
33, 0.2573120583908983
-47, 0.5612313137418633
74, 0.7380400463147391
-18, 0.39575621264671756
-80, 0.9943985751978137
-17, 0.48194190459631137
62, 0.8828906871754512
69, 0.22625968643436745
81, 0.7501928971858324
-98, 0.24042174444489284
21, 0.42935668847741404
94, 0.2005225572552728
-74, 0.7362611019414335
9, 0.3928577606276691
-15, 0.1376600783005243
-4, 0.6710294371028839
-55, 0.09635629606897234
88, 0.42409411913070916
-92, 0.4633241657980558
-60, 0.34634938565766005
-40, 0.02070737907386877
40, 0.3371417165788113
-34, 0.22252737070024886
38, 0.6954068396193183
-69, 0.3212874369842742
-2, 0.9308197384363112
-66, 0.26985706999326275
-21, 0.296945380252595
78, 0.15068562578978317
-70, 0.5513381826550794
87, 0.0831537098506272
-68, 0.9283938321291136
91, 0.3575367062351198
-37, 0.6849558235270373
-12, 0.2988545737115378
-49, 0.9223016418304438
59, 0.5945437706194056
-94, 0.38186030864769915
-40, 0.0995444345733203
-73, 0.6010069934714473
-65, 0.12134057642433793
-57, 0.02093539819144108
4, 0.7981385460969148
23, 0.5119146706137171
49, 0.7765023374969185
82, 0.4689535017799398
41, 0.8936352571777613
-66, 0.4093797417416073
-84, 0.6809917354429816
22, 0.5168363368770452
-46, 0.12904565340626384
-7, 0.10026051799396918
-67, 0.005407750363478958
-9, 0.24312192460080584
-95, 0.8968587603340434
88, 0.173932356536444
-95, 0.9927078150121229
63, 0.023860372950921027
-55, 0.07394002423441492
56, 0.3235058986552717
-8, 0.4393736784580745
-10, 0.36994936004241785
-18, 0.9710136164493132
50, 0.35417667101496675
-23, 0.9703123636392857
87, 0.8896903142864655
-20, 0.41723154729345613
-75, 0.7084987643633494
-25, 0.2969984986701437
57, 0.5120839578910323
17, 0.027755586392061216
43, 0.10599016961034369
-94, 0.38520481358315817
68, 0.32629561960804887
11, 0.43524975892683904
79, 0.7001947116806357
-94, 0.8628643593938274
59, 0.4384310875344185
-27, 0.2967938776224591
46, 0.744672808687953
96, 0.031371609769345055
-50, 0.006381232175234008
-48, 0.5239528942583697
-4, 0.5379451244302837
-29, 0.21251414691262172
-80, 0.4049997380746122
-40, 0.2040176715533808
71, 0.2987794164792531
28, 0.8144081870471593
7, 0.6007360364238096
-64, 0.3365763783676844
-21, 0.5991540419050407
-90, 0.6928946631080681
-96, 0.1962452022028216
19, 0.9714830424525135
87, 0.5424144158578512
-72, 0.8867924443115192
61, 0.1138077441378803
79, 0.7826433305230506
6, 0.39173585382491305
87, 0.6980938597367589
-16, 0.9292958224868514
-24, 0.33935501563182335
95, 0.31986983253611734
-52, 0.07208479375353061
-67, 0.2321968099782764
63, 0.4858608146510447
-75, 0.7196764750439639
71, 0.7749942910354296
78, 0.9555394755412415
41, 0.5002600035407986
-87, 0.4450842625826572
92, 0.43020138629489113
-97, 0.6453415104718929
-51, 0.20282200246440363
-62, 0.9596445070103968
-7, 0.9040460367504648
-84, 0.26588293577183864
86, 0.5124730671939899
-14, 0.4212632121264427
7, 0.9960272881409516
75, 0.26411736179042655
97, 0.6462550593789022
81, 0.7075029109304997
58, 0.11678773373998441
82, 0.9137733176635988
46, 0.012050234931421544
-79, 0.6874605491028538
37, 0.5649907850049328
23, 0.597295621121573
-44, 0.8576533350595431
-22, 0.3893966788693254
-16, 0.818936492911557
64, 0.5916892049528858
46, 0.007163863738256948
92, 0.13416399526004175
-86, 0.09554055888737345
23, 0.5253139632311904
59, 0.47387205846210667
1, 0.9746057732999036
85, 0.4855898068906056
80, 0.635563871156227
39, 0.008431144041720295
-65, 0.199129736169398
-10, 0.6292494823357457
79, 0.3945805325847549
36, 0.7511196713477675
76, 0.5639154659930254
17, 0.37560339261179443
58, 0.046563316354428896
65, 0.8538070951337705
64, 0.330234363029153
-18, 0.3365264879185095
55, 0.9880798898233019
-69, 0.925919957467606
-56, 0.4211752113595003
-74, 0.9644175166839956
-69, 0.3119120054279625
12, 0.386881233829356
18, 0.8287631805358967
-13, 0.5312860706547384
-70, 0.12547410492218602
-94, 0.7277481355727355
-71, 0.3550516128215253
-8, 0.8894020108740783
42, 0.3465138352369158
22, 0.7910172536718768
-6, 0.8639121590757898
92, 0.3306974417002658
67, 0.08465731947487032
87, 0.30932864835018503
-23, 0.5123699622700404
-74, 0.14115094136077122
-36, 0.3133282124070267
-45, 0.936416145607075
95, 0.8595241099438837
51, 0.19248978306299114
23, 0.2594626515370402
39, 0.24651772947429318
69, 0.3027026835166243
-60, 0.34032774421730205
78, 0.5110339042489093
-11, 0.5546113129681698
-95, 0.9255705242149659
12, 0.7219922019050385
63, 0.04296298719913916
-52, 0.008251033914823402
-21, 0.3358544580763103
-10, 0.5118332359989708
-5, 0.8371723295429687
25, 0.9845745456666677
94, 0.732085172652107
-36, 0.6992501616186646
34, 0.568347493948818
-71, 0.2648065047583583
-21, 0.35864395401508176
97, 0.0539517388690417
-79, 0.7046410037749753
-31, 0.1229179036804956
-95, 0.7698126248680707
44, 0.40587378391493945
-95, 0.35380575359301936
81, 0.7746859475353521
-13, 0.49061070899415615
-94, 0.17022238863357875
-87, 0.7480296367335469
25, 0.3542498387022054
-80, 0.7182907617277038
-27, 0.8521823556908862
-89, 0.7495754816427175
39, 0.6971253798696722
-4, 0.2304685427203862
-6, 0.9449371738475297
-31, 0.9185216722349343
16, 0.02634587302012026
35, 0.2798291890131652
93, 0.8343203836746822
-99, 0.5162184329795498
-36, 0.2171814761803984
48, 0.02123144276824962
-72, 0.7527668835752497
74, 0.42160969060048936
-94, 0.5018167175569791
-7, 0.6571857836695334
23, 0.25419065448661005
-31, 0.38994535189996526
-92, 0.48471251141203575
-27, 0.6468813672827188
-10, 0.43757616102997576
-84, 0.7863638082254407
10, 0.29096452773618064
-47, 0.23409448272942535
-24, 0.042172587416496765
77, 0.8937595537124128
-84, 0.5453257688458549
-34, 0.9316585409405704
80, 0.7591991976665898
-70, 0.5479721715237703
-84, 0.8152209137975199
-17, 0.3006973361846972
2, 0.6116008894483972
-47, 0.6333821987615514
55, 0.6542209079077608
61, 0.28569860220198473
-13, 0.3596950023864671
65, 0.10731149285587771
14, 0.824353471406587
61, 0.3714292315129616
29, 0.48195395241383776
75, 0.4302694383412151
5, 0.7188148889442824
-82, 0.7448674928931851
10, 0.27650832909587364
71, 0.10074833395967953
-84, 0.13589071513995843
-93, 0.667539678509047
88, 0.5164363971022098
43, 0.2390258221652759
-27, 0.6211711300290264
63, 0.9386132754725837
-8, 0.43173745641853656
-37, 0.5620921534548331
66, 0.06654886548135353
-54, 0.9263354859322418
40, 0.15899324614864485
95, 0.8096405250833739
-59, 0.697764163596333
47, 0.058403803056911285
-33, 0.8065105465182757
-97, 0.9009453235600837
32, 0.5949353249322099
-13, 0.9891440223330228
47, 0.16628490780473104
-83, 0.2593850555334415
51, 0.9435240657377787
10, 0.8740742118674134
94, 0.7487384413495602
-23, 0.9477380461704054
-78, 0.9013328689151829
47, 0.15741441711833137
12, 0.007567010215630887
71, 0.4669738618256706
14, 0.1414412369755068
34, 0.6450664969985649
7, 0.2433101879838493
16, 0.16430983503406948
38, 0.00042518118745593636
20, 0.508882087387279
53, 0.08860086668033462
-94, 0.32659142147660436
-83, 0.5195372337597925
-94, 0.006362255214507173
-62, 0.37468114139620234
49, 0.3000972624351267
-3, 0.17056029886766833
7, 0.4753298812222453
17, 0.29596838492140265
60, 0.7016778093086745
51, 0.017712045446076963
-74, 0.7952079970916212
56, 0.918106606818096
6, 0.9520601226740668
-44, 0.09369187342718222
97, 0.48005248916976995
46, 0.5272979214788276
-55, 0.7786200679772566
89, 0.17005750241129225
-44, 0.09317859612589496
-32, 0.7225683370992433
32, 0.4296744698508542
6, 0.6409874655957308
84, 0.7521311698608913
99, 0.33483184226361995
95, 0.25503406684006336
-28, 0.7305800250495255
27, 0.7340777647838509
92, 0.7885064584306424
27, 0.20432555317165735
29, 0.3769307109630249
85, 0.2446925048355617
86, 0.12232076390773383
-91, 0.5168128848838485
9, 0.5064737168679202
-90, 0.7497398984133403
-60, 0.5383672861143298
-54, 0.17948944617023155
-56, 0.06611976084373772
90, 0.8587630213487087
-23, 0.7524611640704684
62, 0.6001580185581967
-38, 0.365641580490901
-56, 0.11917607108265516
59, 0.2854558564070655
-20, 0.8737549943686753
-16, 0.07336356106347541
80, 0.6553626251738967
-67, 0.6348940780998884
-92, 0.5020919778632608
16, 0.9892723498254847
-17, 0.8964414438718181
-28, 0.9544453346670767
-14, 0.7429317424313783
67, 0.429251245414512
85, 0.9718575795518914
-26, 0.5085516587826673
9, 0.28758628496351557
9, 0.041038506446615663
96, 0.3305564231398671
-6, 0.6705465581372199
-62, 0.06435276547885327
46, 0.25199728007816746
-71, 0.16222500267833195
-8, 0.26823884442933077
-51, 0.8276351223829983
27, 0.11981202396238855
4, 0.9281548833289117
24, 0.16535485251678872
-33, 0.3554886175938128
-90, 0.8737987763648057
-57, 0.010959785571912573
-78, 0.39151129601601864
-58, 0.24455859117382894
-69, 0.15571119318922122
-51, 0.20987008271063845
45, 0.9045831297861776
-28, 0.1657284717944637
-83, 0.12102293497688565
-50, 0.17693128115347256
95, 0.14103275159553352
1, 0.10278241527467069
39, 0.8521783752043791
6, 0.42584782227026796
-71, 0.606221054388148
-45, 0.5156044047541939
-4, 0.2339010877246912
-67, 0.8842011940689277
78, 0.45282847413657024
-26, 0.46957099395289337
-42, 0.5521409433090506
26, 0.7511706193104938
-54, 0.8347494439535232
21, 0.32519411192659164
96, 0.14065294477826096
-45, 0.910394660284248
-18, 0.6184791847957476
-15, 0.31001468267475296
-92, 0.05849149315766433
-31, 0.7304721972211542
-63, 0.6083075102539371
-3, 0.4580119906940868
30, 0.7185680604068598
-92, 0.46178772131883306
0, 0.07997348728344245
4, 0.5849029356708912
-20, 0.4789854593633871
43, 0.12217427363531086
50, 0.8970579119292024
55, 0.7793650817669092
-32, 0.2598231582030903
-18, 0.6110460052072103
-82, 0.8174853406678587
46, 0.5601635450972087
78, 0.212843616830381
-69, 0.9300790214700682
76, 0.7499647993541437
67, 0.7957635986973196
-60, 0.7423059475212147
99, 0.35060363297382324
-50, 0.2515448076113952
24, 0.01072849752243532
93, 0.4500782286924434
-26, 0.9867194015558655
40, 0.25170777304055114
-33, 0.7163324310424194
91, 0.11563367808710157
79, 0.45711399753909754
17, 0.16237116653084316
-54, 0.11183559576453761
22, 0.2498885337268516
-23, 0.5417008231266434
35, 0.8191796829110128
-19, 0.40732239687479144
-48, 0.7936287108363439
45, 0.7037215541820121
25, 0.2375659518761637
-65, 0.7851913547990467
-62, 0.689077023332714
55000