2300
-28, 0.3527406305020572
-42, 0.657411045219418
-68, 0.3306576659303906
-10, 0.18859897476837872
63, 0.760624691908476
53, 0.4331868346900877
0, 0.6521022918721977
10, 0.4610814628905977
-16, 0.9351022165020291
34, 0.0921661411587974
11, 0.7740533217507279
52, 0.46986138926083243
-20, 0.570980719425267
4, 0.4351054326910432
100, 0.08024582275214909
59, 0.692334629369869
27, 0.9169737515944388
42, 0.6092584343143503
-16, 0.9574792799183257
19, 0.10182453414437442
-65, 0.8916452983668741
71, 0.8433245808613838
-44, 0.022889374369828075
-30, 0.8908028362351335
49, 0.05220031386179402
66, 0.08626917712067861
-61, 0.9399190047371224
72, 0.04700243466090648
-55, 0.8339955573189561
-83, 0.418822289138327
16, 0.007081097902253863
-90, 0.22626305628925425
-56, 0.5693743206933397
56, 0.7891888465402769
76, 0.10621105830811539
-65, 0.34876872503793965
-65, 0.7988414200251966
64, 0.2274694042463059
96, 0.1579092700298067
80, 0.6299609314521478
69, 0.9755449376662946
43, 0.6906275401111418
-64, 0.07262730581775612
-80, 0.257457649620479
-14, 0.8045503612008709
-84, 0.047248984927920845
76, 0.40508719892089184
-2, 0.2302624123706699
41, 0.19560557765103392
82, 0.3051214424117633
-58, 0.6398846544574294
6, 0.7810280123319024
14, 0.38259301243050814
9, 0.16388962740856705
-61, 0.16234273917200537
-64, 0.050539118870700395
-18, 0.43440952423578383
-89, 0.2679776822834419
-49, 0.6832764127401435
40, 0.4712507104388074
100, 0.9882129168258021
-6, 0.49812019122896956
55, 0.452225137033317
-97, 0.39616465257619693
43, 0.3280183298768946
45, 0.92545544170145
99, 0.24375668053430943
-77, 0.1307467634456061
63, 0.427443827938775
84, 0.10341075790199405
-67, 0.9710946470252059
-99, 0.8831467139964668
-36, 0.9977662383466587
-47, 0.34213810983429105
-46, 0.5742013934855911
39, 0.5452501838984082
69, 0.7390746496974515
-18, 0.967136262517291
25, 0.20494142180149577
-26, 0.25595229434168265
-57, 0.5674725020139884
75, 0.2811856659245635
-8, 0.40520016630389677
4, 0.41805434220547877
72, 0.3211024188743504
86, 0.5154468715327866
87, 0.14489246409420897
12, 0.3044468622793084
-82, 0.16364164636097844
-93, 0.32764966357424163
1, 0.2253262539475125
-98, 0.7104929197185067
-31, 0.18719150879352986
-63, 0.24146044350995421
-70, 0.8711926726264385
-70, 0.028687441986527062
83, 0.24654798475043704
-43, 0.0751175117149755
-26, 0.08575438501402088
-36, 0.5335688158045544
-82, 0.4887057240435341
69, 0.0963710973763211
20, 0.5290016398101389
-89, 0.25338771997058784
-93, 0.7898294042646593
-70, 0.4269845447444036
-82, 0.5078865685424321
51, 0.1260394725149091
77, 0.920869359424383
-4, 0.2528060291746195
-12, 0.4885193965663167
59, 0.9302015488918415
8, 0.0012616757691013003
-60, 0.28676878208317413
-72, 0.19540104500010247
36, 0.3639964005789865
-46, 0.6345204525959708
44, 0.4066857878952802
76, 0.10635247382551749
-53, 0.7842311165943754
-67, 0.9372773726022142
-28, 0.6040090863437425
72, 0.5282479665242957
-78, 0.11012944396039559
73, 0.235040772888501
-29, 0.9962746427064951
-61, 0.758066882219359
54, 0.6468322691826689
-91, 0.6959525010280276
-87, 0.31928896299912757
59, 0.11287960635806227
-92, 0.6195483845524026
57, 0.3099727357403699
53, 0.48761365659623546
-21, 0.4447847224141066
9, 0.489200885021718
8, 0.19425833208922405
76, 0.11774601113372796
75, 0.34157166748576695
72, 0.41411824129158803
-67, 0.0974522278896005
-96, 0.9615853560163101
77, 0.9647870188729284
-67, 0.9749972917407125
61, 0.6717881147926938
47, 0.06727138531549015
-27, 0.8163441042146711
84, 0.5898135298022736
74, 0.9157678384266333
-66, 0.4366505742592952
-32, 0.8077351928379982
96, 0.21343957630991528
-82, 0.21756331167506304
-27, 0.8544728543902764
61, 0.42945020246292076
-35, 0.937171434442282
-78, 0.7839267454759477
34, 0.5710502887238766
-8, 0.5629634079879475
50, 0.06733018230071997
66, 0.4591548641170644
-11, 0.33518246247815153
-24, 0.22494992788998347
-41, 0.29209274739050173
73, 0.439805679491055
-48, 0.22590282840197584
29, 0.49151172016584266
23, 0.34306809391173454
-84, 0.524509007846957
-20, 0.453082608576171
73, 0.36973721043839114
-9, 0.7225854172831746
56, 0.6095149707385751
-99, 0.794777382458833
-21, 0.3894910712614795
-30, 0.4268416992467454
63, 0.3638580759824429
61, 0.8583139548079481
89, 0.2450409577417343
41, 0.9595949697069578
2, 0.663572647018221
-51, 0.09574057735041608
-75, 0.9056554868319874
-44, 0.04150775544147012
-53, 0.6360522885781192
-82, 0.8619812040389109
99, 0.024600033502952035
-38, 0.7562698595922767
40, 0.9775648500908561
71, 0.3731804040068061
31, 0.3740489946842942
-83, 0.3072189451302859
25, 0.45449321489867356
-44, 0.9153793324147239
87, 0.24265307618321696
18, 0.18973892879553167
48, 0.020627042567708198
-44, 0.7131662442408304
80, 0.5636808718826039
6, 0.026099769095468628
-87, 0.6830459780439868
-99, 0.01849298472768013
-76, 0.4913041331243371
-29, 0.4939551586852664
-62, 0.2738000572445358
64, 0.21862379614049832
83, 0.5767296939742099
32, 0.770634796419328
44, 0.11398542030830727
-24, 0.3476853616593122
-23, 0.7941168133186237
-32, 0.6156146136684018
-73, 0.4877823461906746
-83, 0.500897172509509
77, 0.7617206870058668
-7, 0.2308916248735493
4, 0.5879902272212455
42, 0.2843659863903595
-80, 0.058650253682765996
-85, 0.916614005977785
-42, 0.36261356432468184
80, 0.8978870128571468
87, 0.47806574975229077
7, 0.5812058093557925
58, 0.30062607702888855
-26, 0.6815168963876614
94, 0.9169952819813322
10, 0.5629440057022469
-39, 0.9648374835530114
11, 0.39182942817015953
-75, 0.279334238882461
42, 0.16785812665541078
-77, 0.11954487723830332
-55, 0.763610417269777
-85, 0.7423576903167349
-23, 0.06391062389998625
-23, 0.7743290816254099
96, 0.4564688234984461
59, 0.5813285150775758
-48, 0.21929282347548862
66, 0.11908340447817478
-1, 0.06288831069915024
97, 0.805410710740689
31, 0.821892924186927
8, 0.660824368644108
-67, 0.6866604875797498
82, 0.9275013456123967
-7, 0.2099386258914422
-41, 0.816355307246074
97, 0.36509379422895505
-30, 0.6880067008462258
-40, 0.04440807671685865
91, 0.4800559883640729
28, 0.21194477778560694
-51, 0.0981653505568173
-84, 0.603251603666094
-3, 0.41879444665455645
-100, 0.574382002601643
94, 0.2803556979612398
62, 0.7445387842743341
-7, 0.9624596917371414
-76, 0.5236512996438221
33, 0.2972866083927733
-67, 0.7523888531983821
-41, 0.9606148341396809
60, 0.5083607378833103
-49, 0.0890352935654779
-87, 0.6816939436693654
-86, 0.4809336369448397
78, 0.1479031628056151
73, 0.024832122366082454
10, 0.7614012426173843
-20, 0.40664494810415197
-27, 0.344942900553069
-3, 0.16218235652109203
49, 0.7986548623893412
35, 0.5632552901262987
80, 0.053752465986425135
-15, 0.8330828152438516
-44, 0.2109981703198608
67, 0.795408649676814
-81, 0.8145598061489417
26, 0.9544336029392846
-53, 0.2588214267994675
-93, 0.8212963917560764
17, 0.03370364173221163
18, 0.8588471342105145
32, 0.5122123517555617
64, 0.3950757342744805
-14, 0.9854236683723715
0, 0.5964107125508793
-91, 0.058079245996069395
19, 0.17200186676669316
39, 0.5796698783764629
-79, 0.25102922749447676
82, 0.4590897120611228
-69, 0.8283833237413556
-46, 0.2166303346877857
96, 0.10432365489488216
76, 0.03448127805382628
66, 0.5585915134204971
85, 0.5132760857459949
64, 0.6166510922150671
-43, 0.5126059594778691
55, 0.09935064055393705
-15, 0.8628684008135028
16, 0.17845980607279033
-66, 0.7988966055257459
-97, 0.5703390344722624
-31, 0.5208913616546319
74, 0.6159625971129726
-25, 0.6352064876508076
82, 0.24092868966462522
33, 0.35421570884307507
-71, 0.0858153198356586
100, 0.3581516895998621
18, 0.6909625653726525
-90, 0.4749935100315352
64, 0.667867714133463
34, 0.2711002589983075
100, 0.7093765548027119
28, 0.1711283059380322
-71, 0.9162403766215155
-44, 0.11584034382086439
-1, 0.49566340649988083
42, 0.33236832184405873
93, 0.21161727458983992
10, 0.6499873513830737
-78, 0.5787976538947102
-93, 0.9069271347083177
-17, 0.330221286555054
88, 0.661034980459583
-16, 0.08914984672320281
-41, 0.6173333129538755
12, 0.7196168387784694
-92, 0.8011601458773885
2, 0.00831475694581818
100, 0.3862851990727326
-24, 0.13068777587648983
66, 0.26691233185670704
-45, 0.46698060277210296
64, 0.15825320161180756
51, 0.15778939916465806
-39, 0.38675897472327836
-48, 0.2704690514491328
-57, 0.5944458835614164
46, 0.8510697509522014
-83, 0.9415867148906524
2, 0.5119496313360355
-92, 0.3012824470513622
98, 0.18923653273625518
84, 0.08349983586179821
94, 0.40610909445967214
83, 0.1339102388980148
-42, 0.47778966440390724
-24, 0.6449137828484276
44, 0.36157477510987723
0, 0.8287757401264657
-30, 0.4787253503855988
-46, 0.6204434018921031
-17, 0.21297316926379473
65, 0.9887257202721678
82, 0.7324273621713947
-56, 0.7421015321078516
-44, 0.028580697072632222
-70, 0.7231495985752341
-46, 0.43332848954578895
-80, 0.5243154549329383
45, 0.4922112995315666
11, 0.011006974646378787
100, 0.2871532159775274
38, 0.09093414244389841
-49, 0.27168826409240276
-77, 0.4044499444096987
40, 0.8151540594766362
35, 0.04578665825033901
34, 0.4531503909921737
-15, 0.8792127949716825
94, 0.7581933897685863
-93, 0.3789256020622258
-66, 0.24862978235661293
87, 0.9016881040042196
86, 0.11326411097495859
-44, 0.8291226533267964
95, 0.2245470236916447
-19, 0.9832677592598259
-61, 0.06525503603917282
-55, 0.40301390692297256
50, 0.27186738714732506
-14, 0.05834634119537485
-76, 0.4999130006213528
-44, 0.4772393403118924
39, 0.20533515305135985
-43, 0.3511153119837279
-6, 0.2644873011456472
55, 0.18007125760430642
53, 0.735074347480509
-71, 0.8295069718534556
-14, 0.12420323358309082
-19, 0.034546877428571654
87, 0.7519056635766506
-14, 0.883473445768001
1, 0.6054822699696686
-93, 0.9045876715577318
-60, 0.5880085984474455
22, 0.02914566707534616
-29, 0.5689213099786714
56, 0.28405442582757623
32, 0.5162808088027264
-82, 0.7952871843513722
26, 0.95608793523148
91, 0.029509686769228605
69, 0.8847968137500747
-68, 0.9609708354374336
-47, 0.1585255952745167
-88, 0.7320032422219804
-2, 0.3959340046904054
-97, 0.7542210610400627
-35, 0.7614474537961972
-57, 0.8953646338498255
50, 0.3089023242521016
71, 0.7808507940324385
26, 0.030211872583761124
-33, 0.24025880988204762
-74, 0.6174324730807104
83, 0.012283606607212838
22, 0.0722537644794895
-85, 0.45344339928717947
61, 0.7095791219594405
24, 0.05964641939280346
28, 0.7754673184352122
-97, 0.21532777761338628
89, 0.3274720539361836
50, 0.9849592625238882
24, 0.958061750827387
-81, 0.5811171467010935
-12, 0.7577774552086969
-89, 0.49903925936742255
50, 0.5663202914988288
51, 0.08894513364405876
-77, 0.8582105999593491
-65, 0.16826939134287056
27, 0.16718699079345944
4, 0.4692714073763974
90, 0.4072001108438015
-21, 0.8091726318145225
89, 0.34001337033177104
48, 0.07448688633744716
51, 0.03703762308171865
-67, 0.4267324292613821
-36, 0.37093394469880425
60, 0.014993446241968522
94, 0.4431368839847314
38, 0.6029267713865114
-87, 0.6999647294283536
76, 0.6572332370882181
39, 0.5957510351819654
76, 0.9626697623022935
-6, 0.43713658276302403
-53, 0.37404901277400926
94, 0.7885992065413305
-81, 0.27861428376525843
48, 0.46180097502885953
-78, 0.5340904553459296
60, 0.3217012964141346
38, 0.8806465099597239
2, 0.9391924542768239
-41, 0.16623070390400896
94, 0.18652317512289096
-49, 0.3434437658804933
-68, 0.2147235197055941
64, 0.19990376989048309
38, 0.656455166175208
-81, 0.7993936740986413
90, 0.9692574540642724
24, 0.5403458402514814
48, 0.8419697350180497
-90, 0.6712126449525702
-77, 0.8615002429508123
93, 0.43803018830850093
-7, 0.35963030341400837
-32, 0.16727772220474502
-75, 0.278343219832209
73, 0.22040556423529845
46, 0.8405018484387315
-85, 0.7191707654140406
26, 0.03026627611608057
-13, 0.11562300716144691
65, 0.06995184678345934
50, 0.801611481313818
-14, 0.7205116995743782
-96, 0.14125365140498136
-51, 0.22862495460339516
90, 0.7459839751682249
-88, 0.9155443050283679
60, 0.37928029964473375
19, 0.5871669869527392
89, 0.18982888248418972
78, 0.0702191160946325
-48, 0.3784086950484855
-16, 0.6860642130162949
-33, 0.9338083299681579
15, 0.6278967029960739
40, 0.49487628750154844
-3, 0.1977170221349731
3, 0.824111266268299
-78, 0.9055106101671305
-52, 0.4951279403887169
67, 0.5901031929002634
-12, 0.9347585600792064
-56, 0.0728788769654033
-69, 0.356716764235385
-75, 0.9724286185617986
49, 0.02260194396516302
-45, 0.3074824349468017
50, 0.1910758756044717
-37, 0.3278765760021207
58, 0.7627031189787943
77, 0.967616135660896
-84, 0.2080628816443627
93, 0.305937513283706
80, 0.18644429281397912
-18, 0.5992301196973864
-93, 0.40380321221503057
94, 0.9741536103527446
-45, 0.22930243752660728
-24, 0.3639809382375435
-71, 0.41579981226105855
47, 0.7557187825525452
-8, 0.34599112064868176
71, 0.23497789531809643
-82, 0.20980349924138697
-61, 0.20800608503914464
80, 0.8102403808136647
35, 0.9535015796489504
-54, 0.9146320155474026
83, 0.4482859977877124
51, 0.6166748812440624
24, 0.6759774127953595
61, 0.5835042412940851
80, 0.0728290882379854
61, 0.787498039981116
85, 0.8801608963733594
-93, 0.9297824515460584
-87, 0.6376340689121234
-29, 0.5055038427697814
-92, 0.2872370760728281
-40, 0.42992000279666964
-8, 0.10090661922203847
45, 0.09636114400979556
-52, 0.7915709571094722
56, 0.04320423828571507
-14, 0.06291286097759541
-21, 0.8477359034719737
15, 0.7991640133702959
70, 0.20426542403225234
-15, 0.002937998927717067
-17, 0.7843774018515701
74, 0.29554545618952943
95, 0.17455709016147547
-59, 0.7156419967702579
83, 0.985854661219961
-19, 0.29706742458411695
-92, 0.8470810641304295
-22, 0.6245647994082077
-77, 0.9847620947136204
-27, 0.32902306764041844
-51, 0.02048992319588061
57, 0.2065541225932237
-72, 0.5224246305555443
-58, 0.3423562199917942
7, 0.2332281276283107
24, 0.17915458848456456
11, 0.3531312129537372
89, 0.34091808920924693
30, 0.9967605835322436
53, 0.5056378358932015
-51, 0.994856086650226
70, 0.3286024392884458
17, 0.31191603013890845
-69, 0.3064759098985671
39, 0.623969778474758
38, 0.6713627802356122
-6, 0.8976316115397901
30, 0.6470078611756831
-89, 0.20536680053873302
-70, 0.06842827899382864
62, 0.3109227300013573
62, 0.7698805661292561
-75, 0.8344894226843483
89, 0.9271017817143039
8, 0.13963027086101476
36, 0.05392124958941846
-60, 0.3138214953640208
22, 0.4597628071911196
27, 0.593740923927381
33, 0.14495682984639102
-41, 0.687074992826513
28, 0.09413414040843271
25, 0.781279844264308
23, 0.3480974977964313
-20, 0.022323356306100273
-73, 0.14006209047389284
59, 0.7077649568476032
41, 0.9894714318694183
26, 0.5455417889688843
100, 0.3594096043330136
79, 0.098767865930943
5, 0.13202014943463092
-44, 0.6090724122631035
-67, 0.6216566479894045
-27, 0.631148323730268
8, 0.1167369133054611
76, 0.3585959854032259
-73, 0.30172058868092655
-94, 0.034972774175608956
-92, 0.15977888888077585
-39, 0.7515794164352212
26, 0.4071169333272654
-10, 0.5548859116770606
38, 0.4181994036559469
-35, 0.4256793707460679
-19, 0.42728805328154285
94, 0.39914416993214263
21, 0.33169703779945814
-50, 0.990212784917596
19, 0.5471584789735443
54, 0.5440486768617766
94, 0.1004709014336298
45, 0.7724582282682091
-58, 0.7786348028720973
32, 0.8160769590808025
-78, 0.3638397566004128
-53, 0.50388630046229
-58, 0.4335775773814089
-57, 0.9744704702922421
53, 0.15421888738673806
-50, 0.44113662873038595
52, 0.5726329963205262
-15, 0.013031446274203717
29, 0.45172978381429707
-93, 0.26843744164837835
-100, 0.9301886414381604
53, 0.11817505496800262
85, 0.5835351107790226
-74, 0.5243445957351207
11, 0.12678755556756982
89, 0.23277383648125272
100, 0.8405978605091795
-88, 0.2199366319101933
-50, 0.6726770991646712
-50, 0.6705620939001189
14, 0.059784429903697145
10, 0.8429663182274428
-57, 0.7771542480753759
-35, 0.09965050122436392
-12, 0.9216772608162218
-100, 0.1466765106366037
38, 0.7063322311377969
56, 0.5320223383539536
35, 0.4228137797019329
55, 0.1733405115835237
77, 0.27395201686080284
28, 0.9451064411044111
-32, 0.2342733056866556
5, 0.17501842519564192
-32, 0.6417937148352263
8, 0.8065888833630978
-82, 0.17682829480254636
91, 0.34388081758713585
55, 0.062042445234911536
2, 0.15950308089748477
-10, 0.46032401134171796
-8, 0.01582382467434429
-32, 0.5783239216059549
-67, 0.8449035862282009
57, 0.7897694780495095
71, 0.43162726196982615
33, 0.35582106101670397
-90, 0.1472122798307497
9, 0.20347609533062427
-97, 0.8281647467455374
11, 0.43006605860299485
-85, 0.11161217835303028
20, 0.7924893663745265
26, 0.05255693352892776
3, 0.5106472195929483
-36, 0.6461308664580196
87, 0.36007097224765316
-60, 0.45507596350267654
-46, 0.4036235447792955
-2, 0.35956594396498
64, 0.38997624216281535
44, 0.4609743909361267
-92, 0.1405248127215999
-45, 0.17986702297855994
-20, 0.49259070013952944
46, 0.4039888053767965
-97, 0.444440398594935
57, 0.38530007158418234
-82, 0.46387952690259193
-69, 0.32392360239517926
-42, 0.6803372151544127
-30, 0.5603102990064261
17, 0.8550083923899371
65, 0.16606354600657136
35, 0.15736273274483348
-59, 0.30729656012071904
89, 0.37232880665201185
83, 0.9359163340230281
91, 0.08424870549782226
-59, 0.8250911939563476
89, 0.22435008317725513
-37, 0.8937679843016767
50, 0.16474072546192609
-86, 0.5090052230746432
43, 0.5329277868863022
-7, 0.299816077090194
-87, 0.9767078177487989
-49, 0.7530003025166114
46, 0.8414836889928917
-17, 0.5239377125091502
-47, 0.31197364344048495
54, 0.0067667949691231355
7, 0.4256252987701864
-75, 0.3552033544603601
-75, 0.318055856617077
-16, 0.2707420545601825
19, 0.9984712381208191
46, 0.6293139011119333
-39, 0.5144946477164775
-86, 0.8769712276328867
6, 0.8118158559689439
90, 0.30406861960665965
-23, 0.02924129042996293
-20, 0.7130644062920773
73, 0.23183743431177872
51, 0.061343218955275836
-56, 0.4302510657476526
79, 0.556882670027652
32, 0.7161480568039675
41, 0.6267913894120772
76, 0.18329709585436504
-79, 0.11457984279507838
70, 0.48372177327090093
64, 0.030116211132166892
73, 0.25634770494745174
93, 0.22575927417737685
-58, 0.5449933029611217
2, 0.3568237795526866
70, 0.462180768505808
-86, 0.11893747805565136
74, 0.2928409988973316
-73, 0.05904230779064601
7, 0.258402182915626
-36, 0.685828266915929
57, 0.03437124274545933
5, 0.8460992301499889
84, 0.19158064319719836
-29, 0.5920787628105479
-67, 0.013242412103287693
-75, 0.37714861529778143
4, 0.41528150397490227
40, 0.7390898069837865
50, 0.8746210462697962
59, 0.7938534767698249
-32, 0.2232545051701148
-76, 0.8585449018092126
-43, 0.9406555464983636
-87, 0.06487236012991249
-4, 0.8151621847136695
-73, 0.4508824890093084
-78, 0.6584161506906173
-77, 0.02856688163811505
-2, 0.6963297355218363
19, 0.4482657260036489
61, 0.9409646692404645
-76, 0.8097190675841357
-19, 0.27760229404330383
86, 0.18309681853252824
43, 0.555289233159997
18, 0.8638581526916848
-91, 0.5494127132135124
-30, 0.17792246310945892
-100, 0.9280354980110481
9, 0.9820161925390469
82, 0.790971809824403
-20, 0.7667845191691399
82, 0.41321399957659244
-59, 0.5148701173016035
-94, 0.2385103662387471
30, 0.16866543677511292
-50, 0.7485375499085957
-73, 0.8611699932767485
-46, 0.7280533136370505
-98, 0.9203671298985586
44, 0.9321002470158608
-86, 0.8867275903354108
-89, 0.052324473349639855
21, 0.14180617476254143
-97, 0.9138888312128758
-47, 0.24572914037787041
-40, 0.9673555431850736
-29, 0.7312334981432129
-61, 0.7543409321927079
-48, 0.23669017739427922
-1, 0.45379176145759237
87, 0.6324615081569841
-85, 0.8801489500052379
17, 0.9421248129293224
-33, 0.2886209759762427
96, 0.48578177184260707
70, 0.11983656960293587
-89, 0.08548502556278792
-90, 0.503465440202135
-22, 0.6055236862661652
-62, 0.12616793634994827
-79, 0.7235138961684655
53, 0.031134439246047085
-68, 0.17907990723563083
13, 0.02909668618552841
-10, 0.33457033746054254
-24, 0.9824910408351057
-79, 0.9428688636327561
86, 0.2607888912281341
76, 0.6640529324292979
-99, 0.7602245461564585
28, 0.892971969615577
22, 0.8843018777571505
-21, 0.013787513952183916
41, 0.030790616246514357
84, 0.9449485616066121
-93, 0.07237515566891128
10, 0.3007014335943796
-65, 0.6232787443087129
-53, 0.9660254276447646
-86, 0.7312227086902172
73, 0.698782616347189
-41, 0.020544461609811493
-12, 0.01226275398562815
25, 0.12983396239824807
83, 0.4416406241454045
-18, 0.5742397709619298
47, 0.6368214011557749
76, 0.3233252421181275
-14, 0.45465664234039926
79, 0.9376513383660524
31, 0.6710129769648462
-41, 0.10304681733823873
-79, 0.14976947541556296
34, 0.3002026553205459
-61, 0.9081003313403727
24, 0.7339826402858634
15, 0.8248344430304462
96, 0.5119642850065085
21, 0.007835820247583003
35, 0.958705977687116
-51, 0.8915253377310746
5, 0.7805709394726246
-48, 0.46590859075381985
-6, 0.9053917367848879
84, 0.04660769265303255
90, 0.022960998533814503
65, 0.7296923411819882
-4, 0.21412562961903836
62, 0.4606753096196595
10, 0.3991581394115685
-77, 0.5669830852587486
-69, 0.8299725094426778
60, 0.2532983879636749
55, 0.4264597491838298
52, 0.35767189094896756
44, 0.4862434587291631
-69, 0.6575360533234701
46, 0.4574118182335677
-83, 0.3544320490211592
19, 0.21673499487530012
-70, 0.5863343829476904
-74, 0.8472720375906517
-64, 0.015981223775445086
18, 0.7860179712448846
19, 0.769374028512081
-24, 0.5004911831441907
-49, 0.29961648669576146
78, 0.4601895294510103
93, 0.7239455822494293
33, 0.2878481512214567
61, 0.14543079784221358
94, 0.0689300569630944
92, 0.09538033768555387
-13, 0.7488104497315307
-44, 0.690098011716665
99, 0.13594918707760406
-81, 0.19856243443752108
-27, 0.7676633160952092
28, 0.1900912102793364
57, 0.5588176867181376
63, 0.9002577307688457
60, 0.8382151406131532
36, 0.36419741378202286
-68, 0.8272422940281885
92, 0.12152803436605042
-37, 0.5471418842228096
-47, 0.37650292175488764
-38, 0.0854339313718605
6, 0.7821441591160831
7, 0.9522647748882769
-93, 0.7153870682776954
-40, 0.3157967575089484
4, 0.6902366730372317
-96, 0.592966290283779
-23, 0.41902369874678014
8, 0.9272971092685327
85, 0.2639905665058524
72, 0.9473310984480775
72, 0.10701667306009532
-41, 0.10818985501038225
74, 0.5713163179160632
-57, 0.0345195159609305
-75, 0.34886568335069934
-2, 0.924104111811938
-22, 0.20098816703842226
18, 0.3643693788045045
30, 0.36868356308975825
11, 0.6557690543452945
32, 0.3792516629128406
75, 0.17862447706018725
-56, 0.20392061392459226
-77, 0.31131963286504094
-87, 0.3523115604185987
-10, 0.5760435296385469
69, 0.05228577372797183
26, 0.6380625311267426
-90, 0.32262427102916313
-93, 0.993939377546295
-35, 0.004214465599789996
40, 0.24117286678764338
-52, 0.8620715827335371
63, 0.2878652407529292
-99, 0.6514759350009255
68, 0.8212471096441529
-46, 0.4720972465985176
30, 0.7582932629690629
-42, 0.5965588756564654
33, 0.1368791319439825
43, 0.7223642743137173
70, 0.9681607622903377
-70, 0.17470282702504725
-40, 0.11683797365939719
-41, 0.05082444622786686
-61, 0.1064802040900723
-1, 0.9920172694177181
-43, 0.44358587784869374
53, 0.23705718367560769
-29, 0.1797214607607509
-57, 0.5603910235399144
-30, 0.8534530434666636
10, 0.9567432368598215
-42, 0.48716366195668415
1, 0.024721783587916768
28, 0.49505735071299506
-78, 0.47701723303564225
-93, 0.7748327161541737
100, 0.4128411234624779
-13, 0.8613799670878163
-91, 0.7419195119583378
1, 0.5949425607191349
12, 0.9318224925720786
9, 0.23325121188725195
-15, 0.704514870123941
62, 0.8787619632955148
47, 0.3095357350422894
-39, 0.2660660531762934
-78, 0.7482237765418863
80, 0.05022361155877686
49, 0.9749558408467905
20, 0.24748966623692703
-30, 0.9876695260006472
-47, 0.9357801072484309
96, 0.7871204252871248
-15, 0.8024390789826118
-91, 0.20850632621428744
43, 0.6687074500477487
90, 0.5478696572372691
-97, 0.7122906994663482
95, 0.3167206887081787
33, 0.5168063523228127
2, 0.8618818881505868
88, 0.012068575609893828
86, 0.5457002537273646
50, 0.034730475797457805
46, 0.19185617685266942
22, 0.401841488506924
-5, 0.6156702478828703
4, 0.9041144410689096
20, 0.21327927060116847
-50, 0.38753856089475824
-83, 0.5627606045208414
78, 0.21378496261757474
73, 0.2969960094163705
-47, 0.9013213685361685
-89, 0.885570395474142
44, 0.2369718947993914
37, 0.9215493177600965
-69, 0.5820392897261157
-72, 0.4712183685568929
10, 0.5210444480892524
92, 0.12019849693031615
58, 0.6302217219800219
-10, 0.6526147081906419
63, 0.5414178642563091
67, 0.7294790761699113
-70, 0.9257762766966788
-79, 0.7668943074542477
18, 0.21653275391950422
65, 0.5660452350222636
78, 0.7946804489258369
-10, 0.037078230390254596
84, 0.5181369615456647
10, 0.14998039774219396
57, 0.6097940709528352
-51, 0.3638345155930184
67, 0.2761679839739385
-40, 0.15571771105186483
80, 0.35570674889666165
-49, 0.8888726690300285
-29, 0.41079593349411136
-99, 0.5840434458989996
-88, 0.37483863328493505
-30, 0.7616907849382182
8, 0.5499132527202536
81, 0.4564390409989012
96, 0.3547776502885718
64, 0.9878318093890727
33, 0.9137423104402076
-37, 0.757430671966773
-34, 0.6800921439078397
31, 0.6296175703943168
-29, 0.4960383622738235
25, 0.5466227730454535
30, 0.3021857781018118
92, 0.8139543913385037
79, 0.33772344150110034
11, 0.3542148630955726
11, 0.18908107316782452
67, 0.7914324073658512
-52, 0.41365465795412226
87, 0.4822113712206736
92, 0.2277041300250795
61, 0.0337197548763406
-75, 0.39944049779182733
0, 0.9133614653789146
-60, 0.17323615488809185
49, 0.4122161497944067
-70, 0.14536119241029244
-12, 0.5568640024290368
-33, 0.5154791735984301
23, 0.07577102032544158
71, 0.5586501134204819
26, 0.8720654579707009
72, 0.5074035000846905
72, 0.9001455453106733
-94, 0.7753842698054738
28, 0.19670051114221876
32, 0.47634604865346797
15, 0.13962833036633315
11, 0.5766068099934298
-99, 0.7442155311956088
-52, 0.3064889291763697
-14, 0.11465374069147649
6, 0.6909919705368657
-30, 0.6020843906151606
-76, 0.4047652389362679
-68, 0.4750594551343521
-10, 0.8601264769425374
77, 0.8034249870733763
-21, 0.7567063908256935
92, 0.017914279514962717
4, 0.7611463581276692
-25, 0.7775386397109403
13, 0.7730689754883597
-83, 0.014814870433179306
6, 0.8441558026515164
8, 0.8148554069331123
-22, 0.6655323061988623
-86, 0.1636184866758449
87, 0.7737259940507517
18, 0.2730760754212711
11, 0.1496460165318313
86, 0.288819807723281
86, 0.7312352061798234
56, 0.2746805722871958
-3, 0.34833693910417274
-67, 0.8839103352372483
19, 0.26129561003660473
-36, 0.30425970399395763
-46, 0.08351934047007159
-86, 0.3966175887275456
-44, 0.8267275882813215
-9, 0.5116280653608395
-98, 0.974174047271503
36, 0.7599864269654464
-67, 0.04091522270400949
-15, 0.14618751346043413
81, 0.7191649854871951
-28, 0.13904372029578194
-17, 0.34530430472353213
16, 0.8567334588193481
-24, 0.9741666944895867
-83, 0.9180015323391835
5, 0.7700472709773782
72, 0.116226011947835
-68, 0.2866627246983545
6, 0.3354044660256581
31, 0.47768436315353624
11, 0.004619702086993582
63, 0.886045338510039
-58, 0.5561703486639232
69, 0.23833097698312455
83, 0.7082470730351058
61, 0.6297076909515177
14, 0.5562924734907848
-52, 0.5491909112607787
59, 0.8851121452303645
-93, 0.2954417230876285
-30, 0.10777677570640876
-48, 0.46504606959639516
1, 0.3267124590502678
34, 0.45601910747097074
-50, 0.13414492305383985
-69, 0.17189121955720355
21, 0.05565005252136135
4, 0.9942266671663663
-67, 0.9606464429163054
-90, 0.8325099156226756
-91, 0.4100974104747731
-23, 0.4026412119892778
-96, 0.4423169868117778
-44, 0.9506499868494287
2, 0.31126377471970446
63, 0.6600054569650521
-51, 0.31393074836103885
44, 0.5163420667568904
96, 0.7238030542711857
16, 0.6345735275512225
69, 0.32552970008708415
76, 0.8970595754542675
33, 0.17474931038116504
34, 0.4949971741712714
-50, 0.8837825508134751
4, 0.6402934940123634
11, 0.5176416343236303
49, 0.46202387307284987
-58, 0.8405661816109283
-91, 0.5371998011702037
90, 0.6586994543748329
-62, 0.3458670779446199
-99, 0.14833086545367302
31, 0.9547911209971243
70, 0.4223372256381138
-39, 0.7544096705104153
59, 0.11909851834681184
69, 0.16249163537286426
-42, 0.9047244420319767
-69, 0.295527863786868
-53, 0.006012898786683429
17, 0.4614168115528856
-37, 0.7407139939563505
-44, 0.6336000633051463
37, 0.26261926206629915
-30, 0.7148334476913889
40, 0.7161014803212115
-69, 0.9306732713352224
-94, 0.8035789214929752
-81, 0.8541789745122551
-14, 0.17934445998425685
86, 0.44394109623111455
-92, 0.9134812204782745
-54, 0.6248693189899679
37, 0.6014134763769974
-78, 0.6370000324916162
5, 0.21540884432083918
-75, 0.1949544711426463
11, 0.49087960594291347
38, 0.1360331314680172
-21, 0.32478745493980277
21, 0.11901658879541499
52, 0.6978053919139903
-73, 0.9826887492591068
87, 0.2897842829825358
-60, 0.3914489202464154
-60, 0.6384797640313884
4, 0.9839957203261349
-64, 0.7862941850320324
73, 0.14885024547453063
39, 0.5422745478329454
50, 0.018465793851626944
-56, 0.8038446132335999
-53, 0.06297110979883846
-92, 0.8888563003210729
-34, 0.8533612379260922
-12, 0.021383759523658563
70, 0.8621055591145032
82, 0.5023687533715445
52, 0.43070420902508255
4, 0.7362511597728759
-98, 0.8141401370464997
85, 0.08264521164340688
-15, 0.09001704361778518
-58, 0.3750698165790227
-4, 0.5855349678179963
-44, 0.02825703898851928
-14, 0.8864996294583112
-77, 0.38546407171854524
-95, 0.184154373803743
55, 0.3686180178704198
3, 0.43623289369666496
70, 0.4160242089200147
-77, 0.8542611647759764
36, 0.18082977090260566
13, 0.49797926136876336
-73, 0.319543577860918
-77, 0.7913317762127157
35, 0.6546040828654265
-33, 0.7728678136969139
97, 0.6250508589657405
-7, 0.8204667812883416
-41, 0.5955541934296796
7, 0.2995404114930945
-14, 0.3317269813280115
-54, 0.6545031065461115
65, 0.13346811202935782
-99, 0.5262646145964404
23, 0.7766168888562501
-17, 0.26141791041660967
13, 0.7994020092887398
-13, 0.820386465661805
-29, 0.3311155987516332
-88, 0.8137341691873857
-50, 0.6483765623157043
34, 0.343334265032329
-26, 0.03161935523005188
100, 0.7072645540668047
-46, 0.6832545922619203
46, 0.6879418015786001
23, 0.6139940512567957
-93, 0.1126068663096278
-52, 0.4799464567781426
80, 0.6335219220414806
-60, 0.06506064471036954
-87, 0.49732598694695185
42, 0.7577529283596259
-85, 0.2937225745719386
43, 0.7196486869239807
-45, 0.9963104131943653
39, 0.7942924926957144
-13, 0.7750841663497104
-11, 0.5048356170815687
-67, 0.9659738803153666
5, 0.17599208243710285
50, 0.8966820898597518
-49, 0.042877305507848074
19, 0.5606635398328088
46, 0.6894564661934859
48, 0.26586196926236694
75, 0.0823545102258404
-76, 0.1860507870630259
87, 0.047447206308545486
78, 0.5714906138690162
69, 0.13192853419040884
-16, 0.3094103049235526
-20, 0.13130938529444447
7, 0.6196087072267763
-2, 0.3774035741483077
-10, 0.3588073459878194
-44, 0.9046319761932309
-28, 0.5737190071670196
-19, 0.48044197633291397
70, 0.1509428357211201
-22, 0.09941126549875201
26, 0.12861574565967848
-62, 0.9399109820914068
-46, 0.5952665913229344
-91, 0.4720762893336019
64, 0.2246167821395867
-78, 0.15154550655486876
99, 0.3614620062149977
-60, 0.16567983137929787
82, 0.2739932907136705
-52, 0.8092316807808909
12, 0.28462681008487056
-65, 0.12337774545698388
5, 0.5879864985658805
-26, 0.800281493403026
-64, 0.23003941042207376
-52, 0.030338192444870016
-18, 0.35079463798314103
45, 0.25604303068590706
-16, 0.7755458854502437
58, 0.9692824131360547
-68, 0.19186850877056305
17, 0.24033478104729156
70, 0.4525762941607868
6, 0.6887663389342868
24, 0.6771428436280281
-78, 0.39522887760780745
-23, 0.7277069510221446
-95, 0.2014978143912961
-35, 0.5765798113107321
-49, 0.08129882190072457
14, 0.9566089877069465
57, 0.011925234147672659
33, 0.056543558986510534
-42, 0.6140498729475997
58, 0.4217716044127441
94, 0.1901964349716293
-57, 0.8341581894630132
65, 0.5060102975929726
96, 0.35108967246563283
-86, 0.5285324860140249
8, 0.12274273952686965
-63, 0.3923868616171674
-61, 0.17860051987540837
51, 0.35616603912625333
73, 0.299563104647369
-64, 0.08918797238909382
-15, 0.02815715422182108
-17, 0.958063301852099
13, 0.009003268010961962
-24, 0.9732503311820678
41, 0.8647289761512759
-24, 0.6146145686403915
68, 0.9511625275466578
-6, 0.17354967910253993
15, 0.568413366802019
-30, 0.8890913233088821
16, 0.09834573655777379
19, 0.5189815923759937
-9, 0.906300815040021
-57, 0.6274375374078117
-99, 0.6282765354626713
50, 0.6370923455698219
80, 0.8912151443641786
66, 0.1371662310575067
-78, 0.11805662268349826
-25, 0.24207321755969258
24, 0.7355191625335792
35, 0.76696189987511
5, 0.5810115274216162
-54, 0.43156445177837166
16, 0.6632716487826927
-39, 0.1256208543463042
-96, 0.3475297936280899
58, 0.17096969547513485
-42, 0.640015549272607
88, 0.7086338820380362
36, 0.18960315833387353
82, 0.9471469534828402
93, 0.601842982385176
65, 0.26889059422922257
82, 0.6931028565277535
74, 0.9704973910764227
27, 0.048175305230898635
29, 0.9386050870058468
-72, 0.9135180596138173
7, 0.45176632776199654
-79, 0.9400782181067338
65, 0.4889797080020766
47, 0.7585551676735579
27, 0.8975294444487182
40, 0.45074265460902607
34, 0.2693486080823059
-4, 0.8040064295734125
-47, 0.7074592437529585
67, 0.3214824723175699
-61, 0.06576817046989503
6, 0.5307907699457304
-75, 0.7529911351931683
-46, 0.06987769604133509
-3, 0.1298494856886786
-26, 0.846581815717905
87, 0.17364304433708766
71, 0.8817566685067791
-52, 0.46871721504997566
58, 0.20669948555919027
-17, 0.22891798902793303
95, 0.3977096039198219
16, 0.20590379599263642
-70, 0.4417261303588642
100, 0.9083308659876039
-55, 0.6861161004836093
-48, 0.980099428542532
64, 0.33248495228769126
71, 0.053115482132372605
59, 0.7865732085280361
88, 0.20576732300295886
44, 0.10394443405051446
-46, 0.7142686992498708
70, 0.35435713243411693
22, 0.2815159014334869
-73, 0.5582073315696586
-36, 0.2759107594068262
-97, 0.6916741772801551
71, 0.5353078855303399
20, 0.6785629283262824
80, 0.46938282860441194
-27, 0.9077542325365846
-32, 0.8284079288291102
64, 0.9889478001544462
-79, 0.37971769561317903
77, 0.1578874959337927
-88, 0.5869676798949207
-22, 0.0012010394934507396
-14, 0.9906911597161417
-41, 0.42424195983407176
-97, 0.2600601759107707
52, 0.7164430015461519
-6, 0.16408714140802216
-63, 0.9321842441073421
-14, 0.20543808473513592
70, 0.08412436835171355
15, 0.7149868364390825
2, 0.5747171274760347
18, 0.3893436494383058
-17, 0.4085287690595675
40, 0.09006197682542438
90, 0.7224988408400339
-38, 0.32662976817299594
52, 0.05769671046241498
11, 0.49598703733105975
21, 0.9660006813100335
34, 0.4228338069857942
-59, 0.7834710947908127
-33, 0.22554306016162817
-42, 0.739213628410735
-20, 0.6938979229020632
-83, 0.2917701402074522
-47, 0.5059773338633319
-49, 0.44047192806201485
53, 0.9217979031494379
-5, 0.634065144471592
93, 0.18133264333185994
78, 0.6903007773397095
-14, 0.03663538578243075
65, 0.2028041355303829
-13, 0.00511302638621447
25, 0.8351356247048574
-77, 0.23180025590348396
-66, 0.7467960039752739
-62, 0.19143404079961335
-48, 0.5658144566723107
-10, 0.9954439635155937
-85, 0.14506517065943447
12, 0.4717633641287773
44, 0.5015232391637677
-32, 0.1444279781457144
78, 0.3398660962943706
97, 0.3976237676174874
26, 0.8402240167987086
-58, 0.4241057818913202
-60, 0.005562270135277325
-68, 0.7803522836587622
-97, 0.7519077987186114
3, 0.23286249315384655
-6, 0.5157695807997318
-90, 0.05297915382016094
-43, 0.5220893127958928
1, 0.4014124524898053
71, 0.7945420662514079
-71, 0.9438426371503714
-79, 0.07670194473784098
57, 0.5192161318653543
-30, 0.4152898707100269
2, 0.8161138913422565
-63, 0.08966198110495549
-75, 0.5487270403915347
-95, 0.202199061753094
87, 0.3181915343698207
-55, 0.9731242190524292
-60, 0.15818385015260317
-60, 0.8320939151263342
-3, 0.2761211231343619
30, 0.27483414844817333
91, 0.7531342669960693
42, 0.4956778432243042
-64, 0.38716380793268623
61, 0.6766791098526915
23, 0.2719361751083259
-42, 0.608808964230192
-61, 0.005856439147157166
-63, 0.8895819730531198
1, 0.3324194265155477
61, 0.04544864408122129
25, 0.4023671857467309
48, 0.5303834222432678
81, 0.5291793207386601
72, 0.08416083208691016
77, 0.18418439487598992
44, 0.8127215410150032
33, 0.1341773432138501
10, 0.5871320760687684
75, 0.8990403041102883
38, 0.722260714581464
80, 0.9532545444337672
-23, 0.9963330647201813
47, 0.5267499364751157
60, 0.6483092798886101
35, 0.9660616898579834
-83, 0.41537160397431994
60, 0.8782207110433551
-35, 0.3633801651535503
30, 0.6785197897429356
24, 0.157510001015843
18, 0.376904705695971
-94, 0.26987922864286085
-23, 0.27018066730616275
-35, 0.1575796401688656
37, 0.4800169170145896
-61, 0.3190683790824438
-63, 0.8991310265371343
-20, 0.5267438812878471
-8, 0.4361471389170013
92, 0.07892334648826216
73, 0.3454327763528946
71, 0.7453349288127957
88, 0.1724354849947617
8, 0.501541126604815
80, 0.9033742019248073
-66, 0.18862444552082736
15, 0.3478458030039965
61, 0.8931898302030656
77, 0.18168504850728462
-65, 0.07950239484805854
95, 0.3525501162723417
25, 0.6408882323886339
-48, 0.44497378616584315
-82, 0.761921683638395
76, 0.7558955764956454
-6, 0.7427334792421513
-12, 0.7969313990237137
55, 0.8599503522369885
80, 0.7660370369907614
-93, 0.9256208341275091
-50, 0.2471016383088389
15, 0.4999403496483974
53, 0.7978801990375748
27, 0.45301478805919737
-50, 0.07179896313715162
99, 0.2237204456806191
63, 0.44191681157359186
92, 0.12482637153852483
-64, 0.0961677204598369
-8, 0.46781834528685984
92, 0.09047830808677715
-1, 0.7503270766428245
97, 0.4386878458584712
60, 0.5559280790866558
97, 0.4035846286473257
-2, 0.012177121490134502
15, 0.5890448421564256
3, 0.950374535606718
-97, 0.3886832326984999
-43, 0.3310802377970461
-63, 0.5700743329720027
-76, 0.5403183641976154
13, 0.03552881503679162
89, 0.5229427820703623
56, 0.3650575220217779
-39, 0.7240629081445067
62, 0.17927211695039147
93, 0.0005433958146336959
55, 0.06687421814415673
-83, 0.9814805738805314
-100, 0.35717969608246136
64, 0.16382247460845667
-63, 0.582601836161047
-37, 0.6500493472809151
-32, 0.7271763907024323
53, 0.22495229703310748
99, 0.715178110134283
25, 0.31768985082599577
70, 0.6676380463436137
24, 0.09770515102383148
31, 0.11837181482962456
67, 0.0821736711354667
-49, 0.30975212904098437
5, 0.6042763340245842
91, 0.6346527047109537
-64, 0.2300483479199411
68, 0.8367883204477232
-85, 0.8287286670914507
-26, 0.09708729275007755
-11, 0.6532145258976447
50, 0.7992432069040657
30, 0.1466074714521617
49, 0.4056600777461996
-97, 0.1847922847282264
61, 0.24520858215560992
-98, 0.7063135170428118
-13, 0.9750614622396009
81, 0.5071420557370704
-77, 0.18263784435014196
-53, 0.17016324601805366
1, 0.7419163243869801
-52, 0.5859255924088147
59, 0.8500700055060288
50, 0.5950191355740505
-19, 0.7095241971270693
39, 0.10646968954002722
37, 0.7196617454228883
-78, 0.6620339312745586
81, 0.7279230830155224
74, 0.37747606840132664
82, 0.1531727722125782
62, 0.7656512396304423
-46, 0.5173027043087717
-91, 0.9821144366825328
42, 0.5053142593651309
-76, 0.6573416748902255
82, 0.6798389246229257
-97, 0.9516492959592839
14, 0.10714030148043541
66, 0.36289736279288576
77, 0.833571081727654
70, 0.9941590039512913
-3, 0.013651602807399854
-70, 0.27429853558964956
-11, 0.2836313225597289
-8, 0.5930376270544905
18, 0.22281691932087178
95, 0.1660905776432018
-28, 0.33617620015112637
-60, 0.21983292204547678
-73, 0.5888964339864863
18, 0.9482225794129927
-1, 0.1743383451686178
-100, 0.9125363734438136
98, 0.29949158451738334
-48, 0.37680996913315823
-26, 0.441515411869988
58, 0.20853819605976676
-44, 0.556309102854375
27, 0.7990677569982289
92, 0.006741014741902918
6, 0.135328378208881
74, 0.9253607744157968
45, 0.05311269969691923
-78, 0.7399791160679176
-75, 0.6355007174954841
-20, 0.5482924316028729
4, 0.24667442198315714
44, 0.6350336111940016
59, 0.4396898997231736
35, 0.04288263187472818
93, 0.08348574168438261
-59, 0.44400037387067426
-34, 0.15125163480135384
56, 0.8176630147535472
-95, 0.910889215007905
62, 0.8596521224334648
29, 0.7985519991318111
80, 0.29014114810681046
-73, 0.8041601708306909
53, 0.6666951495234806
48, 0.7825734490452012
-93, 0.13229352678408735
55, 0.41148994931260285
17, 0.13865200263323885
-64, 0.37240963165211816
-28, 0.5214531563756526
98, 0.7820053368299191
-26, 0.7766099851091262
49, 0.03141182838282475
8, 0.33496950724033925
-38, 0.4408214699284815
-19, 0.9405974954235787
-80, 0.02807072700932467
51, 0.5814865828589917
-78, 0.7079067982267241
9, 0.4568880221065835
-96, 0.295842607239701
-88, 0.38244364649220897
-80, 0.8221387194699119
4, 0.8410602300068697
-17, 0.35060703347675304
76, 0.6592800603145105
31, 0.8186786102954692
45, 0.6940589457516084
-40, 0.39943195805468223
0, 0.7492016689144246
72, 0.7473010750269888
-73, 0.3439743375647274
-57, 0.8692836261135758
-65, 0.35451483239988835
-71, 0.3723000633255832
10, 0.7935343074496058
-38, 0.9480272996530456
16, 0.39331323711441846
-73, 0.38931848627802834
32, 0.4730039548142715
-68, 0.9288963421061539
99, 0.8056611033105654
15, 0.6038015103160991
-80, 0.18445252839857762
96, 0.24857349835710563
-19, 0.2075552147939954
-55, 0.5123592700685063
85, 0.10217214241258743
-62, 0.2377176146916128
-8, 0.6300156016031161
27, 0.25655252582449006
11, 0.0733526376017345
66, 0.19605741140316513
85, 0.7513577280452629
-45, 0.9089152467696988
91, 0.11865398466956412
-28, 0.947858675723122
21, 0.8767447941351002
16, 0.7722490413262725
-41, 0.18874284744546221
-53, 0.8875281480161662
-42, 0.7645591530657614
-48, 0.22069305872732803
-11, 0.5616567834219285
-39, 0.24872444679750827
-68, 0.3296774868066623
-74, 0.5925004290888142
-4, 0.7726237283882322
86, 0.3983539996528126
99, 0.5807577939589448
-79, 0.9033533231756995
-24, 0.9754167873757329
-35, 0.8797242146141924
-74, 0.5258224635577325
-52, 0.141204301303816
-70, 0.7531885523401977
-56, 0.3193489922725853
89, 0.7771818214548692
80, 0.30775494417456883
-43, 0.3275301137685126
-20, 0.10062980709268488
-90, 0.09294140798315464
58, 0.5593510405546607
-74, 0.37571535501772324
7, 0.7539092856086292
41, 0.18046620738580166
93, 0.29973627752786935
-24, 0.6423545820061388
23, 0.8462709753347241
-89, 0.6353643221217572
-91, 0.9190888043402744
48, 0.17282802419348864
59, 0.18321904459702754
11, 0.5364401658348072
92, 0.7302690903214362
87, 0.5657681617652007
61, 0.371121805307114
-42, 0.549612985369951
-40, 0.26707190958615057
-96, 0.41531129561401126
93, 0.9489094410716584
-50, 0.5676925891106721
-42, 0.6616888857776481
5, 0.4644588910919044
-38, 0.18812512789037528
-80, 0.6888217094034659
-24, 0.8429215995509822
73, 0.7759773518920596
-42, 0.11276919812029063
-6, 0.035034880695604564
70, 0.18123857381996955
6, 0.39887425345551
-94, 0.4782055355130421
-31, 0.5309394349198032
-57, 0.13010553152040727
-43, 0.05595352475181681
88, 0.8044454642963298
-28, 0.7488855945206692
-25, 0.8476550624639574
-99, 0.40298378346062536
69, 0.1710649023253149
-89, 0.08435058635442683
39, 0.4006383808196512
97, 0.06715956176158877
-58, 0.1453396929216605
-36, 0.993124507575108
86, 0.7000374715362155
-11, 0.9284866338088662
16, 0.15547809412632474
-2, 0.47494190072139475
-68, 0.8803612307188657
95, 0.5736955602235694
-38, 0.4997471338618059
89, 0.99524294464065
30, 0.31619321756924434
-75, 0.4563684411184017
38, 0.3052414850301427
57, 0.6313434743821511
57, 0.08418714800009308
-53, 0.8796187707171698
5, 0.7444049419916141
-67, 0.007935927367550999
-57, 0.49081289570661235
84, 0.9935654630280927
54, 0.10766142149711289
65, 0.27925069891572973
-12, 0.890333265078922
1, 0.17793834023481137
-14, 0.9115016940364605
-21, 0.877836487185014
5, 0.9690486470112543
-70, 0.41719069583610635
-63, 0.33973081186844345
-74, 0.9851600790991212
38, 0.7647128141589015
-16, 0.08119074810421578
69, 0.4840590972062936
-65, 0.4979377961813698
-4, 0.8237385027996953
9, 0.22026668722491427
93, 0.8042007130338897
-30, 0.8862879693808364
49, 0.5300299366047971
-31, 0.16067217143201384
85, 0.019663829222499762
-35, 0.3034677071280486
-17, 0.7746294896481577
90, 0.30611392281692895
73, 0.29562680691354526
79, 0.9447496430959041
26, 0.800424765481599
16, 0.045897682113068994
-96, 0.13629776263194593
-95, 0.8497557282807632
2, 0.20459417133898217
30, 0.44864806831952364
43, 0.3387964071219651
-11, 0.2805763626602368
-48, 0.091769848062914
-22, 0.36808186403696586
30, 0.3012532163165811
14, 0.2976969748211393
-55, 0.8916531090319102
-18, 0.07674011723919305
3, 0.4502966311719856
-79, 0.6773352725514779
52, 0.6625081485855775
79, 0.4911624271735434
-60, 0.09674211054548487
26, 0.6455848106779557
57, 0.8928999941609894
-13, 0.09217078875616735
78, 0.9365560401372014
32, 0.4139035878998082
-32, 0.8533110731790258
97, 0.621613779004336
40, 0.5940422238203541
-99, 0.43235381468674705
-18, 0.3934463065264474
-86, 0.8077761610973607
90, 0.9900287287614179
5, 0.06745820350885079
81, 0.49103667810927265
-73, 0.5670065442059693
66, 0.3814833200399633
-86, 0.8555058853171641
-81, 0.6040250079411068
77, 0.07113115404002102
-77, 0.5845594935602094
6, 0.8553993768796304
89, 0.1054018619572219
82, 0.6216793700353169
70, 0.13037295098304758
-90, 0.8133298575373064
-92, 0.09110529908473253
-20, 0.981259409318521
-25, 0.2514647081396719
-42, 0.6712477084469125
76, 0.41111376733089255
-71, 0.9509659015768182
7, 0.08983698955013963
-72, 0.5262846988030698
5, 0.01515784273976617
75, 0.7835125294717115
51, 0.34386757865511675
-81, 0.6307650196585117
30, 0.031934751836986464
-92, 0.77149837621479
52, 0.3386254713131309
23, 0.8173727205351043
60, 0.6773045965809799
-6, 0.3068357221648301
14, 0.8983403558040737
-24, 0.16517598698985103
-58, 0.3964588697817677
4, 0.131493671020375
8, 0.27272331616303536
-8, 0.7787814120229
73, 0.22199216391545984
-82, 0.22945073916299674
-71, 0.4852861912018177
40, 0.6718430900138064
24, 0.025721022672539173
3, 0.7592809735315583
41, 0.6411192575466101
-60, 0.3106647123211904
45, 0.4169968172296925
81, 0.7840670821070334
98, 0.7647634038862406
87, 0.4512766088434548
20, 0.8949961176393053
-69, 0.6989368182410712
70, 0.23715240909997803
-20, 0.7748814735347564
-82, 0.7924436376898285
13, 0.7295277130767223
44, 0.0870537773596941
-37, 0.3080169711768278
-34, 0.1955972593903963
47, 0.8910068942278547
-34, 0.35912312557225645
-16, 0.6322739512549034
-64, 0.76535471157639
99, 0.7977007433118831
-80, 0.6594037998983908
-40, 0.4628993663336952
-99, 0.7842390867313723
7, 0.541902839506756
3, 0.9533391874360662
51, 0.4155827187406238
-64, 0.5941825803688529
51, 0.03843165681259053
43, 0.44299033283438105
77, 0.9272289498938779
41, 0.5263237143694535
-23, 0.2795801821326803
-6, 0.7234382292006948
-6, 0.43338623539221177
89, 0.0045858331054265955
-89, 0.6470566610446555
66, 0.8762702451838236
-74, 0.7607360729779432
61, 0.018172294428094538
-35, 0.24168508891169005
49, 0.24026332856377997
-76, 0.8401862646027125
23, 0.9576798775260326
-91, 0.5923987249245511
23, 0.734743345048842
-16, 0.16541471115987816
-99, 0.617702766317836
-82, 0.49302625537092537
16, 0.6188164347774657
54, 0.2682659490455557
69, 0.41737872680351773
-72, 0.217338032105171
-82, 0.7220910053313531
65, 0.27841663467890054
67, 0.8452199426386595
-48, 0.8882155162081614
-75, 0.5446609302225894
1, 0.9390418222125335
-51, 0.40415177606794495
56, 0.21861051448981772
85, 0.5206793970167283
49, 0.8362006976638876
-75, 0.8509439157038142
13, 0.6790248164813479
-54, 0.8938358452308458
-90, 0.42153608630797834
-7, 0.9848128993997348
58, 0.650690448779624
75, 0.6984245284083292
64, 0.7551870798856382
-7, 0.5077269590338167
-26, 0.14221612584418775
67, 0.31287496214709043
10, 0.9563978939052477
-21, 0.9545759502912112
-53, 0.7354787649120675
-54, 0.16193485586309775
81, 0.3223139581071799
-73, 0.45184745651726055
-44, 0.940967568133135
100, 0.5948923550862757
21, 0.14082332602364445
73, 0.6358400470213909
83, 0.8172982018972116
-59, 0.43975179993910773
79, 0.06688840995857248
-42, 0.40010574727050296
-52, 0.42290045146816635
-53, 0.1647780989971076
61, 0.5741814151215319
-66, 0.17925645253211042
26, 0.9358667759191392
77, 0.7064470597207363
75, 0.9318384046909161
23, 0.8112967654497907
35, 0.6616488791504466
31, 0.44862216960443113
32, 0.7834475136863407
-3, 0.78875403598157
78, 0.36907605877419736
-45, 0.676306260475335
-5, 0.7417173398197592
-50, 0.602058471242368
-16, 0.890663585829676
37, 0.8465401575078877
62, 0.40000721883571033
56, 0.888980367296865
-26, 0.5714572001695221
-18, 0.014539570078627606
57, 0.013324713884294459
-53, 0.6531546693092866
-43, 0.20816789726658436
63, 0.20212052584008122
-71, 0.22867037682512836
23, 0.3059760544407596
-93, 0.14674997100133402
-88, 0.5185310256747089
0, 0.7645719247196943
-51, 0.6802158752642664
-23, 0.567098836423669
-2, 0.12638744333039498
42, 0.27917279576838827
39, 0.36126825886148184
-97, 0.6981746833730375
-82, 0.5458021207938362
91, 0.3932999657278592
-80, 0.687802980827183
49, 0.886437336157158
23, 0.9975319188488431
7, 0.08205747801678343
62, 0.799222110477849
-47, 0.5080909619628603
96, 0.38013746200752896
64, 0.19783353948891536
85, 0.9259861460106906
-22, 0.9643575180793941
-98, 0.2147843308393016
51, 0.1912491240970342
25, 0.6311607629913996
28, 0.5839569176062082
93, 0.3653853125023224
-5, 0.23107874900636383
67, 0.9087345365055458
40, 0.34880787386186274
-84, 0.15090896064994674
-47, 0.281621114184884
-20, 0.18018844023435254
-51, 0.9696419687202419
3, 0.04917556127923817
-64, 0.8958170519830021
-97, 0.09784681548089424
-48, 0.2972228036728466
80, 0.22821497369748978
-99, 0.1172228174878096
66, 0.7405430759011284
-37, 0.36542857729646494
75, 0.021477372525679495
6, 0.6671990599981996
62, 0.7999208203322216
8, 0.4380281627703836
-72, 0.7082356756426059
-87, 0.8361031413850812
-17, 0.19142793110844514
72, 0.3346681714856681
98, 0.1524460960256967
-5, 0.7542369220889132
-84, 0.8549423104489002
-15, 0.8182667074580209
2, 0.10533780315213659
-93, 0.866743764761819
-14, 0.5523062956715752
7, 0.9846404857954054
-28, 0.8453691410655836
-44, 0.3218630904117681
-19, 0.07867015973422775
99, 0.4382001591239314
-65, 0.7904503840882712
61, 0.2153078886064933
-45, 0.2895213062585952
-49, 0.23945747323452937
72, 0.4014598513927632
58, 0.323856593108406
-26, 0.35318803130910326
49, 0.32892492248862026
86, 0.28860608660574194
-77, 0.17471489577980426
21, 0.7814119402478653
-17, 0.1693267267165156
30, 0.012800039272676589
41, 0.14767826661464656
-47, 0.7358974891052661
91, 0.675172476994135
94, 0.8396841696803539
0, 0.5892931981990167
5, 0.6834651173359992
46, 0.3512623535123983
79, 0.8250951872550626
16, 0.0424003306663977
45, 0.30531018625794604
-35, 0.4336443853608224
80, 0.3670076872240918
-97, 0.29467221300546653
36, 0.4346200645027777
52, 0.7407575287372355
93, 0.6681555931504773
-48, 0.48989738554717976
-39, 0.5379216678962953
-55, 0.6057096454434564
34, 0.4190144117008947
-43, 0.048456151187013186
79, 0.9066489512476034
0, 0.49727283231859776
-68, 0.020013662715993363
72, 0.4165617682672229
-24, 0.9937463417412861
-60, 0.26320289155980336
61, 0.5497711771340731
26, 0.6685184291055353
10, 0.4124924508877481
-72, 0.6077432861661177
77, 0.5440889238349114
56, 0.5173279306175685
39, 0.8478970493869424
-79, 0.6563610297496474
9, 0.9966992170791682
2, 0.10666521993354028
-60, 0.3207090131625049
43, 0.9402416625401866
63, 0.9191715150029178
27, 0.475285847153438
-28, 0.5694900598341761
83, 0.36019173078304634
-94, 0.4510714604572448
5, 0.13601812826263737
-77, 0.15473295509644858
83, 0.1574685282336249
-100, 0.7313705254178338
0, 0.7345756872565223
-76, 0.3209420557386795
-65, 0.013035043926493128
43, 0.3262370825567793
-4, 0.4971916403935558
7, 0.18296758763706455
19, 0.1056218875720567
-65, 0.5687156589641863
95, 0.40559508215816253
83, 0.26978051698258765
-59, 0.2602669821841611
10, 0.8884140798383563
29, 0.17124693409356762
-47, 0.36705765488770836
-8, 0.9401773058975393
-25, 0.7148903445405591
42, 0.018346546207304915
36, 0.14063039380416031
80, 0.24731978027819856
-12, 0.7259104093942119
-2, 0.6601615180437871
-10, 0.15708791465017613
-90, 0.2276535622910706
-63, 0.21378505552489335
11, 0.42530137248039634
-42, 0.3617233677118108
-17, 0.4455750048669781
39, 0.7562824025301651
27, 0.5361423688800389
10, 0.7912529949206478
-19, 0.5337765903491075
-39, 0.241394070498417
0, 0.4149538527490788
-67, 0.019333398530574253
95, 0.2135290243013136
71, 0.8648855528338059
-74, 0.45416534819597276
79, 0.638049151245169
-48, 0.27762167414096106
77, 0.5978144697947647
16, 0.47505867976923954
36, 0.4174801387966858
-44, 0.39342487707859164
-68, 0.6543413551195371
-13, 0.7514692665818593
-65, 0.019941820576335534
42, 0.9076405930446707
-13, 0.5773433212674162
100, 0.35273107654970803
84, 0.5247942286850101
-89, 0.5293382263078426
-66, 0.29224530216194944
12, 0.02180168992950271
9, 0.9785445252295242
20, 0.0004397981608372792
89, 0.48770684173064716
-70, 0.6952014473573209
78, 0.5510297701046895
-91, 0.1263720844666898
18, 0.6649781294754903
30, 0.8281342281871688
-12, 0.7273296312908882
-91, 0.1267720341607862
24, 0.9729207543961056
-31, 0.9581108251279643
-29, 0.8797271544288049
-24, 0.7915937054175078
-76, 0.7338734601835051
68, 0.6943972380201546
-2, 0.08599512161202905
2, 0.9886053406304153
29, 0.38666026069168136
-82, 0.320209108862358
-34, 0.8835218570017112
17, 0.428938960846742
-92, 0.8637259649049552
61, 0.0533246512475104
-94, 0.3244573859397488
38, 0.8586844915755838
-94, 0.4886291266850713
31, 0.4258293658540071
-57, 0.34775678308270686
10, 0.860024017986342
16, 0.80754038251498
92, 0.058306452380276874
-26, 0.5647783882711677
-90, 0.6323638963943173
23, 0.11343980692089439
92, 0.4550771592287326
2, 0.5617706662217585
74, 0.15926548169601418
74, 0.9862922535379205
61, 0.1131038169077514
16, 0.6363380032001744
-65, 0.4009349614597477
60, 0.9787196872823809
10, 0.026342886507424
-42, 0.5158825681471718
9, 0.14810210752832487
-49, 0.8695923552096383
5, 0.03594814081513498
85, 0.2087155155979492
-20, 0.9490214046291198
-86, 0.9206872102878364
-5, 0.695799087500139
-54, 0.32551658770030656
-27, 0.5808139978555398
-98, 0.31089116997307764
-54, 0.8365273238506489
-28, 0.16032386416101918
2, 0.2184260322901952
21, 0.043834136836282234
24, 0.6390744595828954
76, 0.3005016326065866
-13, 0.0894399325952514
-86, 0.3888497688154581
73, 0.12509162229285764
-100, 0.17139228863873412
88, 0.8485612315112333
-81, 0.1206722370769483
-93, 0.736217236284943
59, 0.9632198509567832
-43, 0.4454569647728619
-45, 0.04143672888098848
69, 0.5182914778257051
74, 0.09565464512157562
59, 0.9911475592233284
-5, 0.33148461934114215
-29, 0.3243277172135063
-22, 0.5918696745097878
-96, 0.8509633478942026
9, 0.8189752946926835
-28, 0.231595310054299
-64, 0.3876412203580879
-30, 0.28104062786483275
63, 0.29667896142929684
86, 0.6349041380581386
5, 0.8859374286546817
-67, 0.7566601763825024
38, 0.6033193477336029
9, 0.7001769487930075
-63, 0.8035799383789413
51, 0.11026501924129128
-72, 0.559697444989135
20, 0.9260734339717583
20, 0.5370122718280669
77, 0.9940363664330535
-66, 0.6874432143142061
64, 0.9816105918959561
39, 0.05106075763122231
-10, 0.27728590239469697
-18, 0.35682381635693805
51, 0.13498956434333453
91, 0.5160665139700155
-54, 0.3978530957755644
47, 0.7575542776051416
57, 0.3178813396751349
-31, 0.921511655168236
53, 0.40097473785688187
6900