3900
98, 0.6173370753647429
-92, 0.16549450561943713
94, 0.5288341806994359
69, 0.6818066716903582
-56, 0.11390414791710712
87, 0.3215919714279364
-73, 0.26949976315297874
41, 0.2109590726153593
-56, 0.7596582908689635
31, 0.5178983503981058
-31, 0.2846338641190205
-68, 0.7176261089907969
30, 0.48778064280206224
-43, 0.20644247311942043
-96, 0.3461008073607018
-60, 0.9453312524426832
75, 0.5717549779640917
-91, 0.7677439545608109
69, 0.8950301352926799
-53, 0.3840819158345431
41, 0.11572082677680984
-78, 0.8218115822239072
98, 0.18975009860394287
90, 0.8878319440948689
-70, 0.9395550659722578
31, 0.7070016967053913
67, 0.6688204192428622
77, 0.4570938383828812
-87, 0.7994939095526954
52, 0.704611627748849
-48, 0.32824700653012817
-59, 0.6532999076070999
-2, 0.760171681577297
-36, 0.9241805434157773
-87, 0.4949366387556505
-95, 0.7845428726999736
49, 0.8590273233618784
-70, 0.036581151452172
-89, 0.3485190303029714
-31, 0.23846163342588633
-16, 0.31004440544510004
-32, 0.5416941514683705
24, 0.8678772216347592
99, 0.6455474672931587
16, 0.8700767237668809
-81, 0.34160767468856434
-95, 0.6420965820939672
-10, 0.3020162061870507
90, 0.4867926132054611
-15, 0.6868954724981197
-57, 0.24924522369664626
40, 0.2937604999717208
46, 0.6336740980719489
30, 0.2895877227989798
-100, 0.30269462195116703
-39, 0.5563432458523278
-17, 0.9724949891219183
-43, 0.3154129588478144
77, 0.2613725385146204
93, 0.7743904616170069
15, 0.9307970986790661
9, 0.9358341215780746
12, 0.8979507825131371
21, 0.419270375226531
-35, 0.30893504593735277
-42, 0.6775295318203014
-4, 0.36965248822088537
-58, 0.2795675304981433
68, 0.10904199749848942
-20, 0.49892548014937965
-17, 0.4722925527979287
-66, 0.4512984171039949
-68, 0.7365624089164222
-34, 0.9490023419688249
100, 0.5185334095553035
-38, 0.7045718112877172
30, 0.5777965659053838
-2, 0.4187317101204693
-28, 0.5865604493223494
-59, 0.9138429107593299
-50, 0.9958862707793896
-14, 0.046982056981692666
-32, 0.1769894877908017
25, 0.6413645532811774
76, 0.3812937157607582
-42, 0.5637275698563942
-30, 0.00823411578529576
-22, 0.3742681475945744
9, 0.551119073849873
46, 0.5718086196509816
-26, 0.3741732462108056
82, 0.7199642912744375
55, 0.5734781604764919
74, 0.30517247027019356
-29, 0.7917239812575926
47, 0.4289498548951727
-62, 0.21233464641395516
92, 0.7947962186180811
-7, 0.7827388925276091
24, 0.40907655292021006
83, 0.8148333386343505
27, 0.7331617665304779
64, 0.012449114046689136
-14, 0.4704601749402255
51, 0.8873577135840257
1, 0.9116555883092454
-65, 0.6534163671437582
-76, 0.0011412035126460163
50, 0.8445417698707919
78, 0.248581308132108
-36, 0.9862461981635238
-98, 0.7912979506879841
66, 0.45505700453863185
-35, 0.992977035821603
-11, 0.7469396283674694
48, 0.4705589825293911
-3, 0.16812360946867666
-18, 0.10825525098023936
96, 0.963480993933573
-64, 0.8986566009798276
24, 0.7766047788070843
76, 0.5130954828402297
45, 0.40025162102192
-3, 0.6294941298914801
6, 0.5059490216589525
35, 0.44295922557111744
88, 0.752669374738079
50, 0.4587930384301313
72, 0.059705613608546204
-59, 0.48025129569112524
40, 0.21669456120470598
48, 0.8397501142864304
-10, 0.38681389940043587
67, 0.5299813255593726
-71, 0.45814858948772286
77, 0.5602399721958469
92, 0.6565744697200777
61, 0.27567455838526833
47, 0.9126679170983489
11, 0.44423683798048563
-47, 0.47889516632197315
4, 0.32255447453586583
14, 0.18904712979760052
-62, 0.026148498048360946
-69, 0.7473649881840175
24, 0.6714895176292527
82, 0.26941550731315256
41, 0.9349030015306481
-84, 0.43795869478307237
-34, 0.11376851356410245
-13, 0.6305169732033924
-59, 0.7631087357212533
-74, 0.7214034556116491
78, 0.33553534340130464
-75, 0.8038669861284689
22, 0.270057147305386
-56, 0.3755449157330606
93, 0.09760473749331278
-5, 0.39512735014056677
-8, 0.022174028753591313
-72, 0.5513913671787175
-82, 0.011778168788319276
-60, 0.2798914830197543
33, 0.27772541422156904
23, 0.9271508946612271
68, 0.3022351367593755
5, 0.6021749241715204
63, 0.5036934328482999
-3, 0.20143749018577706
-10, 0.9551248301065999
-39, 0.6403732116028573
-26, 0.7203513822189347
-74, 0.3491498081086406
-53, 0.6441897962649307
13, 0.6266176567042493
81, 0.5799227412138057
-20, 0.4139433551373095
-42, 0.15556073083311828
69, 0.682581040222395
23, 0.7859057023339099
-6, 0.7934802140596164
-19, 0.9254384685360341
32, 0.1046108169175286
-29, 0.3094526128251698
-84, 0.09545056155651077
3, 0.9984241282749869
-89, 0.7127687612057229
-54, 0.4489722168205612
42, 0.8944210334041168
-7, 0.34483679949828117
23, 0.09246917247759712
19, 0.29305899706475724
-6, 0.04060585319747079
93, 0.21819978262327477
72, 0.3798265220553487
-99, 0.5464786826364203
89, 0.622779983126718
71, 0.17102002583363618
-17, 0.9444765691610066
-83, 0.012184082594957957
23, 0.12288027811964408
48, 0.24425605694399366
-61, 0.15083417579777347
45, 0.6610557474624095
56, 0.054757036820133664
-83, 0.9310320260523509
-94, 0.07411666920642213
-81, 0.22191815152898664
-48, 0.16550689592402879
32, 0.6308214104706231
78, 0.8214411502301162
97, 0.9405497723882124
-87, 0.3970092987712728
-40, 0.6355644263745246
-1, 0.3319536874315909
3, 0.8324570729687756
80, 0.9983466613518625
15, 0.7740708024121162
-4, 0.6223967950883983
29, 0.961294960205625
-18, 0.47009604223907986
25, 0.40476939932807066
-52, 0.8608613059505892
-51, 0.972756796154852
-69, 0.5188294789472621
-19, 0.20638597211263643
-57, 0.737652859208355
-42, 0.8843424099368995
72, 0.10155670130059347
18, 0.1074722103416983
-43, 0.8332971619851113
-74, 0.5231007478140565
-61, 0.6176292210238259
-29, 0.20228918599294876
70, 0.0890808107980644
13, 0.12332031444244984
-19, 0.13495293929318686
44, 0.338136128070336
-56, 0.46033394468206024
-4, 0.5246119473765652
6, 0.0502934113254222
56, 0.18974249115146935
26, 0.2860230147579449
-94, 0.7937851628399611
61, 0.6745797311119683
20, 0.6412439060753388
24, 0.6748203907957264
23, 0.7294294220802662
6, 0.14967642944629744
8, 0.08002769508827212
27, 0.09773711934468421
48, 0.839049502777458
-14, 0.8612415928078189
18, 0.5582859290039479
-36, 0.321060619754843
-44, 0.05433583478239801
77, 0.297667067863016
-54, 0.1066711442143028
-81, 0.31836675572029516
-90, 0.16604837938232464
-12, 0.9231068843648547
-62, 0.6248953319537981
57, 0.4472321327977371
-81, 0.8670718289571909
78, 0.11538386242984511
68, 0.22673085219485956
-84, 0.980916224378291
25, 0.9568782909723685
65, 0.26813134216863654
-29, 0.616705940667976
55, 0.6982317589717479
17, 0.3925954985733854
47, 0.5734580195833294
73, 0.319692869676407
-43, 0.7110943061475643
21, 0.07598586457301615
-81, 0.8222502566516358
40, 0.30551432144318513
14, 0.7739195737335373
13, 0.7997606187599811
-74, 0.8530109400790066
-10, 0.11653906295376426
4, 0.22105686085412302
-21, 0.31424167462965946
-96, 0.5500510090729422
-25, 0.8790458338822896
50, 0.8222771903597176
52, 0.15962219841719716
-24, 0.8036305559422815
49, 0.040992444918663495
-87, 0.12348716880942967
70, 0.33055045333730015
66, 0.5600075723549107
20, 0.9315775457399533
-58, 0.17667552181665858
40, 0.9866288633884923
72, 0.15359620293763898
40, 0.5057369681595731
31, 0.44669263340096066
-94, 0.6306639065791467
7, 0.5030571037143985
50, 0.42142530308378756
89, 0.9567249568427679
73, 0.3495671183488428
-98, 0.7792732324501893
94, 0.010421328890927839
-92, 0.5389003237459866
-30, 0.40696800067247774
-68, 0.6959629735384829
18, 0.39398268916993506
14, 0.7751516234910012
-25, 0.3795438197314135
-31, 0.5540740704521345
-28, 0.008012529183827777
-50, 0.7732066318790937
-35, 0.6006268581788603
-52, 0.7889131099291693
-77, 0.6168993619844514
93, 0.8094351134065795
-63, 0.3392179473278679
23, 0.8897071561839724
86, 0.6476648791267177
-9, 0.17660970680840604
-40, 0.5755904953650278
-4, 0.25498711769369675
-20, 0.6867934267174967
10, 0.2857556392480619
-55, 0.578090914980329
-60, 0.19888347781294025
72, 0.02263807509610194
7, 0.8723507001210382
-64, 0.37493116439348173
-45, 0.2649867790007494
-45, 0.06596466049748362
-71, 0.1384728778455694
-65, 0.13212403689094188
-19, 0.45543834650962234
-25, 0.19120698220935006
-76, 0.10204548862736562
-62, 0.6225394813765097
-14, 0.23704605347641527
61, 0.02114216522342338
-20, 0.2320820815776723
99, 0.8380574346004066
16, 0.030149038087321167
76, 0.8718363960143641
-7, 0.11431447907227443
87, 0.19775723005683066
3, 0.5315573590674861
-92, 0.372940462707155
-45, 0.6834960274376239
-66, 0.14138359146197277
-53, 0.7480581823280291
13, 0.7806363870842341
-29, 0.36558329291581126
79, 0.8506402071078155
97, 0.036828786531499236
24, 0.528555439169217
99, 0.2616702475364615
-47, 0.18089309378650664
-76, 0.2926085685763379
70, 0.2983756288679458
-32, 0.6269791074326752
-73, 0.7861847202316089
-58, 0.9249508484530237
-71, 0.21939013356760007
-54, 0.563365363645237
-80, 0.44131372514051104
-42, 0.8677277324763031
97, 0.5116855480546463
-33, 0.7176581694680582
64, 0.5544569595722718
0, 0.9646939500240136
-19, 0.924763378002193
87, 0.8007166997179797
-17, 0.7562099798518238
78, 0.2795076099524567
27, 0.4291284442073028
-90, 0.37529791916027266
18, 0.9503422272326292
84, 0.9969343169026649
-59, 0.13852606827119907
-12, 0.6546898494574219
-46, 0.422450443360358
-29, 0.04043685574288125
-89, 0.47905514413159045
-89, 0.006229339658800237
-22, 0.8378954783370057
59, 0.21566719714352767
74, 0.4681687865838914
86, 0.011520198257578662
15, 0.1701152653262229
-74, 0.6769148663191504
60, 0.24039667635942974
-32, 0.13396730942878832
-50, 0.43156676623418067
-25, 0.6061465589945934
-91, 0.0563309486043464
80, 0.8132937383885761
95, 0.7979597484982566
56, 0.175435970418773
-94, 0.5164538975627063
42, 0.9196794783022719
-63, 0.07263963057236034
32, 0.23741711786793396
30, 0.40755024220142366
84, 0.05035816437742058
68, 0.029924558336329343
-20, 0.5961304583548425
-12, 0.8033880300404754
-52, 0.6291426403722757
66, 0.11373787004598435
47, 0.7056788868062086
-52, 0.7180527625810078
72, 0.8908867645190661
-70, 0.6484606203409805
-53, 0.95782487460388
-30, 0.03736353553444938
-59, 0.7482411406063016
-92, 0.689479319384938
4, 0.7551204644270069
-20, 0.537673828449268
-42, 0.6986665615353194
97, 0.3070010760561951
81, 0.6774249894805127
-4, 0.2128158199418967
98, 0.5273956966804765
12, 0.7655741711417676
36, 0.8137757077175661
-1, 0.9986971875892766
-8, 0.8067830731746979
-91, 0.2912612964777972
-86, 0.7129216214019791
-53, 0.10942884944311193
-75, 0.8860781139525599
9, 0.8855869518224503
89, 0.597789494738403
75, 0.7540978667048626
-76, 0.5754321050660917
-90, 0.935689624808543
75, 0.40952800237006814
27, 0.33641380164560974
-83, 0.6647311031202013
36, 0.5623666474812841
33, 0.4456398534946119
-34, 0.19923738280883052
-15, 0.4816859745498635
85, 0.019087937790901455
99, 0.29393061215247585
-38, 0.11668259302517703
57, 0.795374736992877
-29, 0.11197371374644072
78, 0.9035546404995995
-86, 0.9196127221745262
43, 0.04193180600680868
-68, 0.8247058261196826
-76, 0.6388776244134932
-55, 0.8022254751432839
-2, 0.8005640303022208
-8, 0.343852358802222
69, 0.49850356180607125
-81, 0.8887596937392431
-98, 0.6260750816901703
61, 0.7157099690562198
67, 0.11807765027109463
-29, 0.26994142067780547
66, 0.43155005847323635
-48, 0.07719808399762429
72, 0.9028299877176676
3, 0.6232983891264451
-10, 0.4533811406205399
-20, 0.28715689026894176
-80, 0.3226668616523901
6, 0.5681825124646969
-98, 0.5334427498358035
-15, 0.28429324880960016
-35, 0.09961069163671554
-7, 0.9455526588781186
-29, 0.43815824840351514
83, 0.4960698413166661
93, 0.7383595122082119
73, 0.49204825047407164
77, 0.13330441848648655
-42, 0.11819289909382458
-12, 0.49111992728175746
-99, 0.06615001457102498
8, 0.36169509067983485
-88, 0.0243808303240578
23, 0.10551122202794327
48, 0.16257346361013691
-25, 0.07601421775846473
-26, 0.08402826256561757
-8, 0.6664278387964928
10, 0.7480710462284076
-49, 0.04374061850743216
-10, 0.22978384716423372
17, 0.42200790502263963
91, 0.8969303553099115
16, 0.5779757038106264
76, 0.31747910611728736
68, 0.010336888025794688
54, 0.7753762631855723
-83, 0.3475181942514165
14, 0.6135700152803448
-21, 0.9998889471324474
-79, 0.2737573493605444
62, 0.9234823685540309
67, 0.5680824244498586
2, 0.628526264905097
48, 0.15625785510730084
94, 0.6359017518542892
-75, 0.2877914019516211
5, 0.7694060192044403
-72, 0.8863271509644038
-41, 0.909843246993842
0, 0.6900605216004515
79, 0.8710383252758749
-32, 0.03164662832118781
81, 0.1355954827694048
-17, 0.31765348554907835
-61, 0.9960193457120028
-32, 0.6010858901901259
-84, 0.6160186041670049
-14, 0.008588818598670556
-19, 0.06919005604944028
86, 0.1678533574159654
58, 0.14632669520158403
-45, 0.3398472018771681
-25, 0.4512576836401688
-88, 0.49888906411907197
-4, 0.11671916345638345
-82, 0.3590856299060087
-95, 0.1045771566569691
79, 0.6468483924205976
-56, 0.7148188447767272
-46, 0.6058398154702755
73, 0.7527510616102632
51, 0.27925111006179226
14, 0.8967636498660074
75, 0.6936669369640182
-4, 0.04210571016776632
-1, 0.3217069782661698
-27, 0.9731339485031001
89, 0.8693024402446206
-90, 0.3118979394756042
-34, 0.24733228827424125
89, 0.7930576528882247
82, 0.6685008645761856
-90, 0.6814457065599238
-4, 0.5275746535718661
-48, 0.05950696346992146
-47, 0.6334292171435494
78, 0.13331851039378673
40, 0.286679532876592
100, 0.8890688813015162
96, 0.05320472284527056
-8, 0.19996679006820073
-33, 0.47581020418099496
-83, 0.5074885548730858
7, 0.43557547909185057
-19, 0.837111339782713
52, 0.9076023390980354
-5, 0.438787875658213
88, 0.28769750873881583
-92, 0.2983784962099585
-97, 0.7590034900672432
11, 0.445506668819313
-17, 0.13650224129654176
-40, 0.617004809781486
22, 0.8749392660408333
15, 0.6693084868758391
-26, 0.6941788432924417
19, 0.7218497392903604
-40, 0.2822027112085428
66, 0.558865704001349
-85, 0.2844430002731756
-60, 0.25319770718383494
7, 0.07212220996014618
-3, 0.2625197179579455
39, 0.7681286506840774
91, 0.1413405082909449
28, 0.8136797425466412
-88, 0.5581786635466368
59, 0.06812336476163983
85, 0.6535369934729788
78, 0.8312994514538674
-81, 0.8399344980697087
-56, 0.5772255276708883
-19, 0.17126962384860334
13, 0.2898168848707391
93, 0.3064149090563316
-65, 0.7972788267172372
49, 0.25351699696188945
-73, 0.3468908011775129
91, 0.1522445687297287
-26, 0.3646947786321154
-81, 0.36025628813243904
16, 0.39581896686822093
44, 0.13213417675103756
-61, 0.2228564390775215
-37, 0.12411668750730764
53, 0.11490340236915042
81, 0.38250018100495975
88, 0.8868894373665781
10, 0.8568953420848248
52, 0.25985347565002503
73, 0.596485920302107
-17, 0.22252777559017123
13, 0.12730092073274335
39, 0.7227731504044569
77, 0.9147700735635035
-38, 0.5454494446041185
-92, 0.6101516718396565
49, 0.2982076611184835
-76, 0.9065136781173602
-87, 0.01424405901878445
-36, 0.15631832503700593
-74, 0.13987285583769782
68, 0.8797286553126108
18, 0.21742093164983944
35, 0.4728937595859226
-73, 0.5342137900490487
58, 0.1423717719370583
94, 0.8868419730303618
-14, 0.7408026918136258
-58, 0.7387478912741838
-67, 0.29359504338331277
36, 0.6119454493519496
55, 0.9054443771508964
58, 0.8300719137543225
-83, 0.3611032820933886
-99, 0.17049031912820434
80, 0.7907229760233819
99, 0.9446625079577818
-67, 0.17957760868754136
-28, 0.3100606364255275
97, 0.5921945947925634
-88, 0.9518057750992691
-88, 0.9513106324163567
-30, 0.11421753021544379
36, 0.36526855211316733
-13, 0.7382289502293794
95, 0.09174322653563838
-80, 0.890021906427963
65, 0.5907811380932599
86, 0.7239991624505394
-75, 0.7320488442510646
-12, 0.7049516053284273
100, 0.4134555720590575
20, 0.5669097689546451
-31, 0.13421150489622247
-81, 0.7697515288391932
48, 0.9881312530015585
36, 0.6670448745429101
-35, 0.8162749172696177
31, 0.7400970778612147
57, 0.3638829829116653
-26, 0.562382565701299
93, 0.8979773890598839
-88, 0.04744464493697853
90, 0.6608898040423646
-27, 0.10790650962493753
43, 0.42317831068786194
-27, 0.12332578524761428
-93, 0.6511135559333542
4, 0.29951820994157063
57, 0.6486935360587198
-48, 0.3869844820675705
24, 0.02059280812408626
88, 0.647961281622776
24, 0.5501423695191309
-99, 0.05019778737832736
-50, 0.581407666410502
-23, 0.1746017353989766
-25, 0.8931699432111109
45, 0.5870179073917654
-34, 0.8967189758973777
-97, 0.857284126950657
45, 0.09893242062638785
69, 0.8504170948709336
-1, 0.38076008292368035
36, 0.7877511197526702
12, 0.2066905410502562
-58, 0.1564852966335486
-73, 0.38943492028126425
94, 0.22178196562730257
-7, 0.010768901130070674
87, 0.19587211472896227
88, 0.8313439697689714
8, 0.9012114046879108
-57, 0.47647872166748584
-47, 0.3331282177047392
-96, 0.059339342338977974
59, 0.18201445605486588
-74, 0.13119013072108743
-90, 0.40517952843030847
56, 0.1481815441655634
55, 0.16493045245320015
-28, 0.2875075486542642
-52, 0.06516202234024782
21, 0.45659738691535146
-99, 0.34324863274896433
8, 0.19345634586439675
29, 0.8622583224441436
-78, 0.27356981573938133
-95, 0.7051170071093678
9, 0.860191336596549
34, 0.0971467290971827
-16, 0.03390598042348303
25, 0.7534923022824953
71, 0.7604537244920893
53, 0.8140218838218155
-34, 0.4298175384416776
-50, 0.35306563575988303
45, 0.5562377074313507
-4, 0.28681373805951105
-60, 0.5553075536980984
-34, 0.9826080481820446
22, 0.4694104785180311
-54, 0.3255231642053328
9, 0.7425789266782087
-58, 0.6055227712530737
0, 0.4096345693772431
49, 0.8816486715904207
99, 0.1597577165202292
-99, 0.6830396901211274
46, 0.40876748481714076
-39, 0.46047027477531444
26, 0.9326567316962999
35, 0.8954918879091968
-58, 0.19935338149324688
-98, 0.16542537691470738
20, 0.2849145088319438
73, 0.38518072029815964
-6, 0.4726058963728408
11, 0.026355925447380413
-33, 0.47059833035550214
23, 0.9076046411957126
56, 0.08531910408932875
-55, 0.5964003141797101
20, 0.17587064939358277
30, 0.2775852189055845
-12, 0.026654002502010887
-94, 0.044684438923087266
-92, 0.8690684823537835
76, 0.6989506148398754
20, 0.885319789007032
-80, 0.35836134120755836
25, 0.5976877841618617
-84, 0.45280929405088444
72, 0.5149505269331435
36, 0.262333976104281
-63, 0.6402120185310719
-35, 0.8743345308508033
-87, 0.8979899785377584
-86, 0.23712301939967506
-13, 0.8539080588344067
-35, 0.7687426702890714
-18, 0.8078100677943831
-79, 0.8491345711303868
34, 0.714298255871313
97, 0.875140414641963
50, 0.2462034182383136
-72, 0.21206767750247235
3, 0.9223483554483348
-97, 0.29318413886074424
91, 0.5227987482367841
-59, 0.9719556236054439
-16, 0.7933867194841194
-13, 0.013160141441628692
-24, 0.6470360897397747
-95, 0.7156036793689414
23, 0.7837452856920818
-88, 0.8779954318844023
-33, 0.19080196574907238
-98, 0.3087582918497611
29, 0.3728902123157116
53, 0.040601245066868685
97, 0.20217510199033384
-32, 0.46801079722362193
-83, 0.766465753631737
66, 0.5285582204448801
6, 0.4792215217057011
97, 0.24396294008192854
20, 0.8720344201291425
-29, 0.14335538868314934
-27, 0.8131152758529525
84, 0.8743243910081118
-91, 0.4596505110126653
54, 0.5478653881204756
-1, 0.4797057100850891
-56, 0.26405177863463103
-66, 0.4908828068720682
-3, 0.3342418107885855
-35, 0.11867649893217147
-72, 0.4095992998135497
-6, 0.2006207289915235
66, 0.5566769235558828
-1, 0.8388236820921813
14, 0.03873363281868336
-7, 0.42613788585271695
31, 0.5755245752472685
-20, 0.9956294141732485
-69, 0.8191392917370062
-14, 0.6838612446386167
-2, 0.9924267653438307
-46, 0.33700916783514256
-22, 0.6221209438730619
-60, 0.44693279490140003
48, 0.38822472363654303
-28, 0.5525886248429451
-8, 0.7578252272908091
14, 0.49185119021799983
17, 0.2727520385103751
94, 0.8780277687843787
30, 0.9409232070216347
-63, 0.6558816393890113
64, 0.22193424069534784
-77, 0.45026909882013966
-34, 0.18326289753221636
29, 0.47722142296778847
94, 0.5073862417256767
-62, 0.9328327028056326
26, 0.10584499855099816
0, 0.9313178899693182
-67, 0.8778031224839421
-82, 0.13810862165044968
38, 0.4792571358310763
85, 0.6485937999178433
-38, 0.5687473954548012
6, 0.37523293374296995
-3, 0.8197785300896363
-63, 0.8278697522176646
72, 0.9419340185183843
-55, 0.11633118355385874
63, 0.6987357760617326
31, 0.916847421606133
-92, 0.4306457504236372
45, 0.9580975861441937
-23, 0.8352299886429005
33, 0.7552840751459545
-9, 0.09752074789457077
62, 0.2875872224358068
-52, 0.5803094125692846
-12, 0.42557119203036053
79, 0.2901088623174546
12, 0.7717529590882506
-35, 0.1491771653881644
-82, 0.4763537867411165
-9, 0.2582006117118253
65, 0.6045439031157503
-3, 0.9981061228064054
-88, 0.5589190127436752
-87, 0.42156228138433605
-71, 0.021724546008059065
-3, 0.20766661787489105
-45, 0.9721166362759011
48, 0.9425602839552615
14, 0.9917312564763483
9, 0.9740856365839843
-63, 0.6857100827733693
63, 0.9063403974030957
-65, 0.8704902276685315
-73, 0.8429004713085706
-82, 0.5838536257285972
-90, 0.0796676201971489
95, 0.5067308715972296
9, 0.2231985488469187
-42, 0.8153105982116956
-16, 0.8461265144766965
-77, 0.8695847803625386
-97, 0.05333603659372965
-93, 0.5385355708346986
-35, 0.5311575536843104
-78, 0.639202354433463
-74, 0.3035562029833262
-73, 0.5839457876508627
83, 0.03952383098386536
-55, 0.3368017803046949
-48, 0.44039329380358916
-10, 0.8970370270717384
32, 0.5988768753898507
83, 0.32650022127738054
-11, 0.68217145841978
-19, 0.9992937873029791
4, 0.2162525588573031
-34, 0.8795462110470642
34, 0.9523270160833771
52, 0.8367680699260784
-2, 0.4137519832173293
-88, 0.929764449861607
46, 0.29899895810070054
20, 0.8691633151179521
-7, 0.8288619312437807
-57, 0.3044147997076332
-25, 0.4295432608437182
37, 0.165456640641377
19, 0.31586475825511484
81, 0.9009680568911552
78, 0.6161042578971813
98, 0.40332645117266763
3, 0.23600903329232625
-11, 0.05922877103322155
-91, 0.8163377066924704
95, 0.24007639986661133
87, 0.6738090139678633
-40, 0.05647363188188237
-65, 0.207139571733867
30, 0.1692580261190314
2, 0.3536092706917128
82, 0.5207981392371988
20, 0.959897614597492
-4, 0.22007496078165123
83, 0.10947410946116298
12, 0.5586185845271517
98, 0.22709609862803337
88, 0.7289832306988325
99, 0.25647276093906934
-79, 0.8542593747313898
25, 0.5848998892070667
-85, 0.010863039000720387
-88, 0.8708739573613821
90, 0.6923737994442036
90, 0.7671057406615336
-85, 0.32300573028562407
-97, 0.10565663870031472
98, 0.72840272858574
-42, 0.41320772233793224
93, 0.3146007298021787
62, 0.9924577210324984
77, 0.5655245159212584
42, 0.5597175219129641
73, 0.0733735151031002
34, 0.307887991520272
98, 0.7027875916370945
80, 0.026377865127970357
87, 0.12616512518790768
-53, 0.8774370867896458
8, 0.6343470533979508
15, 0.30150586863884743
75, 0.12316707326811815
2, 0.42982240624933243
-50, 0.003073663045926711
-82, 0.09762369965695683
69, 0.3018691694509832
11, 0.6674794367117549
86, 0.45334363377854514
70, 0.9674330759615606
54, 0.6799116762860785
-13, 0.5837368812092405
13, 0.6300753117792908
-85, 0.5581884948302364
42, 0.3193756621818067
-6, 0.9829780579052045
77, 0.469595966161775
-52, 0.559468709139111
49, 0.9803744267583061
45, 0.5415358219847042
-69, 0.3715490435438237
99, 0.31640805956910734
81, 0.9666255160813775
58, 0.45616690593743936
21, 0.7526512577137824
51, 0.7340403047142106
58, 0.8092924386342929
32, 0.3862100003253921
-82, 0.08854828297884931
67, 0.11863263575564964
-66, 0.9074711377249561
-39, 0.11909419613528205
43, 0.36846656954672097
56, 0.34500561250155315
12, 0.48347987358616884
41, 0.7959724160001098
-36, 0.5249360368112791
52, 0.5587992316896141
51, 0.2818673315541831
52, 0.47709527783681105
33, 0.2654227725886652
-83, 0.21855748560681498
62, 0.9770378457608153
79, 0.6578629197677933
-61, 0.32685618508124303
31, 0.7937167171879572
89, 0.07001640518779984
85, 0.7381812590438526
-21, 0.6342333973562782
-8, 0.42545568903651865
-18, 0.8774545033298319
-48, 0.3043845531962097
-25, 0.3526327264094974
-18, 0.8875163418309976
3, 0.36745972943259164
-36, 0.35607730273092786
69, 0.644550484578977
43, 0.9291811759533073
33, 0.14327453378987465
29, 0.16342516363935045
-23, 0.5719561898151293
-85, 0.6302978641086704
-84, 0.1482614864018903
6, 0.3882668941208812
86, 0.9040084698662932
-57, 0.9568753490404173
-73, 0.6242138317132048
-34, 0.2916532692057153
-21, 0.29034994840655637
42, 0.5954037077062836
-86, 0.2973150533009772
9, 0.6351546499245102
-19, 0.36163454227357217
21, 0.3072287742091533
81, 0.7734514502544225
2, 0.7291212198600717
-87, 0.10646540311807418
60, 0.10775036841236496
39, 0.95774774424151
43, 0.30253900193436833
13, 0.22680787263642188
64, 0.08549136766208587
40, 0.8835457229501911
-73, 0.45255427467526255
-50, 0.05610761989860369
42, 0.37525820585391734
-30, 0.5943949316587889
18, 0.8020465169190126
52, 0.6709260220228234
70, 0.596721045184793
-21, 0.1956904054670212
-51, 0.920045063183447
-59, 0.17410501943110035
-77, 0.5391225466136799
71, 0.9029224867988777
-33, 0.26837955380335377
-24, 0.5694395806463732
-75, 0.5238457676712492
-17, 0.07784828441301961
66, 0.9215387181975225
-74, 0.717668339158132
57, 0.5033519892981898
41, 0.12312523749262938
4, 0.3643384377876433
-51, 0.6342368244183644
-67, 0.009730302039056116
31, 0.17059347315135598
37, 0.6128566664463921
-49, 0.17923179926180455
-51, 0.007959877649882041
35, 0.4032775996376916
-95, 0.07379446174691573
-64, 0.8777965264624099
-66, 0.2543399944860686
67, 0.3044750725044132
9, 0.6863448272007017
57, 0.8305149134549611
37, 0.35892230613490494
-7, 0.021337883948606695
40, 0.5860326912488758
58, 0.3972970473493863
-51, 0.24512178773851034
10, 0.720459939615286
-17, 0.8707976026178771
4, 0.3189636409295239
-47, 0.9933463506132783
-6, 0.5985861956885205
21, 0.5199816463844702
10, 0.7091791943104938
-63, 0.18814552749943758
95, 0.9897892555013382
4, 0.7370267383789773
97, 0.7994525795481675
-20, 0.5497897345893049
-33, 0.30389554645726136
100, 0.05528758935151368
-5, 0.025098287901182292
-36, 0.38049218425851816
52, 0.2909714198002554
-1, 0.3544624927029889
-89, 0.1164228466653302
84, 0.9843399214032539
100, 0.9804803002645688
14, 0.2087556417354004
-20, 0.7935039572923578
-66, 0.4285636844116536
-17, 0.2783655998196163
64, 0.3469234341209505
-16, 0.34458146992774297
55, 0.6275709242949723
-39, 0.00653013635941857
56, 0.9976381015102886
-68, 0.6932569824089433
-94, 0.6311117972110174
87, 0.35790548527121613
-53, 0.9839828435837915
52, 0.15973071638942582
74, 0.518265985595234
-28, 0.3616145353370638
34, 0.6664881609200575
-9, 0.7027593917100737
53, 0.7151078757070476
-19, 0.9164296834339568
-100, 0.5223198222050986
-54, 0.6468604589829637
-89, 0.7785861609819577
83, 0.5880467551212223
24, 0.006546004878017042
-15, 0.44469063120835606
-84, 0.032718953933334904
-50, 0.5132448625926369
-40, 0.8806208562698297
14, 0.3475423730803253
84, 0.2234476459929855
-83, 0.6594424400654444
82, 0.7350219347091673
-7, 0.37235873051948076
86, 0.057022079088733024
-53, 0.6492174482701624
-58, 0.064083842261491
-29, 0.2727121720983753
90, 0.812103140071302
100, 0.7619937748304603
90, 0.3004428516654081
-47, 0.7642250448441831
-1, 0.7494228193186305
93, 0.9988946216260861
66, 0.5590824117026865
81, 0.2852451362272913
-71, 0.27985234600922604
65, 0.04142371347691898
79, 0.44637280808813384
43, 0.2839502162699121
-22, 0.608838536470333
11, 0.09354627873173016
-29, 0.9841110657346441
30, 0.4877581732564068
58, 0.16728765112938504
-52, 0.22662561059604658
-48, 0.5363360727723917
-72, 0.6615762207245339
98, 0.05616874719180187
-8, 0.7532562584162967
-79, 0.028655755315700304
15, 0.3467670957224984
-13, 0.3991662640580823
-92, 0.809368120023788
65, 0.31520515210608346
-61, 0.34894205676613843
-61, 0.8579380453606223
86, 0.4189255375844685
53, 0.011628335179763027
89, 0.7904058525524277
38, 0.22944889400193935
-72, 0.16841714337268732
97, 0.16896775689589594
-45, 0.49609209536300103
-23, 0.2805998138117337
17, 0.6731381471158346
89, 0.8002895750010405
-6, 0.30817188696895625
76, 0.6697644363332609
44, 0.6976235684627433
16, 0.865378689711331
35, 0.07065505066724731
80, 0.6913013322439774
4, 0.7165722818435805
1, 0.629116706457506
-13, 0.30950951252390524
-66, 0.479104597218442
53, 0.955737748904182
-6, 0.9533699412474461
-16, 0.8668764401985969
66, 0.4325435240009087
97, 0.30388692342647616
79, 0.40106863758656675
-24, 0.7180660609492882
97, 0.549988021833019
-64, 0.19610243098447455
26, 0.6632599874398398
-33, 0.900260930699371
-42, 0.8679973757432625
49, 0.9879005070705205
-13, 0.15035459841352872
-94, 0.6445100638765346
-74, 0.36534881334316827
62, 0.424170269403784
-11, 0.41833000029925504
98, 0.6937497170726149
-75, 0.583717563886597
55, 0.794189588579169
-94, 0.024583940948789795
-85, 0.3872230072151942
4, 0.5620249280479781
93, 0.11465796438587583
88, 0.29017281660502625
15, 0.1612707700380317
57, 0.8471631525504141
94, 0.013174362189833255
73, 0.5187229929964124
-36, 0.29462776165565074
-64, 0.40860504803621
-30, 0.38427124776081745
-67, 0.5410693611238946
-10, 0.529102719278736
-29, 0.4091169905892468
17, 0.253613766686394
-62, 0.7182079335416583
-76, 0.6198870612569775
-22, 0.5735326794547642
94, 0.5203626871304263
13, 0.5296400860906177
100, 0.6270117016804441
57, 0.6054623872496399
-91, 0.39288984015112505
-40, 0.8041952610228819
93, 0.8786068575407131
-54, 0.4077820909792911
20, 0.10256536972555141
-34, 0.06410472831111502
70, 0.7176589049376453
28, 0.9599150758378144
-8, 0.326929745321473
-31, 0.45150592772322695
17, 0.8301186495187275
91, 0.4819502830317366
-56, 0.9278735705780747
41, 0.29030721503634527
-46, 0.9687937900103407
-13, 0.13377992543212391
48, 0.8762673766777492
87, 0.36067466805853476
-23, 0.5296735734195429
53, 0.9584161750350023
30, 0.38296058204535355
41, 0.12533184877961134
-34, 0.5728744792686021
-68, 0.6875085888478721
53, 0.3735708569081483
-10, 0.7624155974372865
82, 0.4326985406325681
34, 0.011374619201087288
-92, 0.8591186192275482
65, 0.2586382507268832
-94, 0.34213941255455693
-100, 0.9140149166691263
-74, 0.7827651532785675
4, 0.13072385791852625
46, 0.41700995670032115
-24, 0.2837276211934793
-65, 0.3348426648277696
88, 0.7255633627783662
47, 0.4701466439975672
61, 0.17773867385633602
-26, 0.16041705209366608
20, 0.6444207137621212
-79, 0.3501176847579306
-13, 0.8828824694426037
-71, 0.9044858808604849
95, 0.18224752697141555
62, 0.423284333306882
67, 0.6429828609781638
-24, 0.8532986461416968
-15, 0.5733321105952723
96, 0.9895166031323241
48, 0.3181645114379199
-9, 0.1540714009769184
86, 0.45930535393055183
-11, 0.4705515245220643
1, 0.5030973919944454
97, 0.804281441184868
-86, 0.4029132080994474
62, 0.2793477850080023
-64, 0.9654973073095059
-15, 0.3935401208414212
100, 0.44017086966771135
-88, 0.7541765611077975
-16, 0.7279022088367998
49, 0.006065957025049973
7, 0.5184829404688357
50, 0.3097463964409892
97, 0.40159896868978484
76, 0.43115725993968945
84, 0.06240470591282121
48, 0.1575454672029083
-32, 0.1715771012760895
12, 0.48342537920508133
76, 0.1032616062728634
-8, 0.4711456135515829
45, 0.9619618150349516
-84, 0.3718094828015923
-63, 0.3324539192458653
-65, 0.35162238435027426
-18, 0.4277428600454344
7, 0.8142374567416161
97, 0.38620833405223776
-88, 0.6135244018227806
-96, 0.34304717374320093
51, 0.12168191764849678
-86, 0.5030198553252082
86, 0.8286593422238502
-51, 0.35410990692057287
19, 0.29774722583734303
-46, 0.6147500479975178
67, 0.6815274940789525
53, 0.8847537743065663
-53, 0.08423041786875529
-49, 0.24669317999095697
43, 0.2772625729719336
85, 0.9133102927042476
47, 0.5741543890500201
-18, 0.4352200191883704
11, 0.9109487741643918
-85, 0.7167292243011889
62, 0.8909617445323144
-74, 0.95927330191252
-71, 0.14078970791942125
34, 0.8580530008335251
-36, 0.937054824417073
-51, 0.5287632339539158
59, 0.7213534374661441
-43, 0.5308064031500621
-59, 0.06731091130422129
73, 0.6496452904997528
-87, 0.30273244992898074
-45, 0.24545351873646304
-76, 0.12742925535680438
-59, 0.4707489846768097
-67, 0.6613575819236237
14, 0.02770514488500364
95, 0.3969504026694942
-15, 0.850181253509512
-78, 0.2002169742472495
-26, 0.9627696863154545
-61, 0.08162081992998615
63, 0.4138248811645482
54, 0.20689808135516197
51, 0.8119897841740575
4, 0.4466476889072373
5, 0.6220031912472233
95, 0.5822553155421
5, 0.6545594676375911
-46, 0.5475642487310108
-52, 0.6978039259293507
6, 0.1735400253634648
71, 0.0644811030695207
-8, 0.543667969277039
-11, 0.7468173611285601
20, 0.33862172838363946
4, 0.3620407833806527
-82, 0.08107456440981686
71, 0.569167784316861
59, 0.41224607919493106
-41, 0.7315200938016233
-53, 0.05733932743170511
-3, 0.9595217455048879
38, 0.8444932803156608
94, 0.5999114111976663
31, 0.5287768557531844
-33, 0.4964201828057515
52, 0.5894266552371404
25, 0.509137189991254
60, 0.5824312775104906
19, 0.6749069881009022
28, 0.07456417201459653
-98, 0.9680644282386125
20, 0.48214773919577514
25, 0.1693833305276714
7, 0.8936128741619486
80, 0.7505778969086581
-26, 0.1544548983941072
-24, 0.7814956439689961
7, 0.5796305943277442
39, 0.07355718464670136
69, 0.8054626371185215
-28, 0.4002975309221941
-63, 0.9687811800805141
-19, 0.43150624022354744
-14, 0.8656356714976827
-97, 0.9170285302892435
14, 0.49817569041681
-47, 0.21762524456273846
-13, 0.4818606222246574
52, 0.6376131039777406
20, 0.6054552929054456
7, 0.5701572878737382
-53, 0.14739825979800392
11, 0.20900460453662517
-98, 0.4279098946416995
-68, 0.4317313395019793
17, 0.5748354971097311
2, 0.9410576879975286
97, 0.766184965637483
-90, 0.13658791255989022
-40, 0.18458872096972856
-40, 0.6940540149345289
98, 0.19052502860300735
32, 0.10820729447177835
-75, 0.17752078832573226
15, 0.13073672832123617
-8, 0.7228029947404805
1, 0.10908554777245805
50, 0.052263919197139574
92, 0.5441097903931446
-39, 0.8609138488935841
-1, 0.6818967992182398
82, 0.9402629745740813
-92, 0.886032926427279
64, 0.22937099925570847
84, 0.6969809309088967
57, 0.43947395608724593
-92, 0.13989205725448262
-87, 0.024509079523729937
49, 0.593829761589792
67, 0.3328304868408666
8, 0.8393275747354254
4, 0.9923602968163959
-27, 0.01111716244566685
-92, 0.6605472465923448
100, 0.6302222951065966
55, 0.9237626103250557
99, 0.08422015736763777
94, 0.06545649162234624
-70, 0.29567683915041343
-38, 0.47860127408856723
89, 0.06635142768666658
-48, 0.17642405928644977
-48, 0.5642993452320455
-86, 0.9459338698891573
90, 0.33798665995936084
-73, 0.3199963623603752
-37, 0.711904319197789
43, 0.29639656434377026
93, 0.03093344450665758
-95, 0.10704211445578216
-28, 0.8903291028711453
-64, 0.12183412814661487
76, 0.8813534864770269
-14, 0.3388322529869746
-96, 0.18672590216766327
-62, 0.3842790316452678
-97, 0.007586159826853067
53, 0.027846700489588927
68, 0.9168830486991159
-26, 0.40083960216568826
-100, 0.19557665295139004
43, 0.3192523000585167
51, 0.2744929111259776
-24, 0.6519817904058185
-14, 0.5698276439711302
-61, 0.5993602246062923
31, 0.39416141249471615
-85, 0.43938547719455257
-82, 0.44268155471210546
23, 0.5207488295786471
-25, 0.6844817964620491
8, 0.7872471795603122
5, 0.5392047860619645
97, 0.9336787697781918
-5, 0.07116759156201014
37, 0.4830566385321503
-58, 0.19022142683362042
-60, 0.3569506525248718
39, 0.7087648659960637
62, 0.35384401428160395
93, 0.8357230939456795
43, 0.5094977923502988
63, 0.4670964789613149
-87, 0.8382023574205112
48, 0.5203707921638501
-63, 0.662779050257106
55, 0.8550270857626591
-86, 0.3313652823614607
15, 0.7832653059413575
-69, 0.26578141393838794
94, 0.7953492257073171
-54, 0.9356856433422293
-36, 0.657685329940315
63, 0.5019919169501651
14, 0.8551562725057408
-27, 0.9477611805239214
34, 0.6360088521868622
50, 0.37402809789851643
99, 0.2884815185575975
45, 0.3343483934777798
20, 0.3127185773547919
-5, 0.7032195239343656
21, 0.4923767929795215
62, 0.21685052167222518
-50, 0.5333357575311287
44, 0.8277464414393755
4, 0.48696411289566477
18, 0.8037251150163433
13, 0.5175568337723454
54, 0.05537569194182912
27, 0.14908410592055477
37, 0.13166595265290548
53, 0.5857873297162725
67, 0.46025823152072665
8, 0.09239440299429624
-30, 0.4820415018073714
-11, 0.5025871720446976
-45, 0.39765191028263325
52, 0.5182387039430911
-74, 0.33342351853253993
-75, 0.018710681786237138
6, 0.2153291456978259
-35, 0.5546727254083451
-65, 0.5254088453249601
85, 0.3507884395197419
-45, 0.2805947770673668
25, 0.1688059281627191
-66, 0.7220995175226117
38, 0.24323853431350706
-55, 0.24334284853068167
-66, 0.9429763604383015
-17, 0.009441273020901364
-22, 0.9962482914293523
-86, 0.9902630022177052
-39, 0.1360203089768267
84, 0.9334262106670302
43, 0.0703024103449208
77, 0.7348774358779894
16, 0.15504899993485943
63, 0.6819785694849368
-31, 0.16766467937331853
40, 0.8181747749645207
40, 0.6627706421133116
-52, 0.3459995791966938
-99, 0.5697613956522782
-50, 0.11195007628684583
-46, 0.5995572816231459
-6, 0.5908248460455696
-31, 0.5984475887446933
66, 0.15482847468300864
92, 0.25659158322260245
10, 0.03010395317423531
-48, 0.6600364157429007
63, 0.6458613136139719
-7, 0.7753852845684931
76, 0.30649667172027717
28, 0.2913532534760951
88, 0.8562915287387013
-76, 0.6568109725598158
71, 0.16272849827960845
8, 0.9013042824077895
-96, 0.10464580699190296
-65, 0.4958163163450934
-53, 0.251440280463907
-78, 0.22759520195858518
-92, 0.26165850980730554
-77, 0.5273956809009693
-57, 0.6390638591650042
-20, 0.6431111401480044
-21, 0.05289757833612507
5, 0.6369862533903213
-40, 0.9293788383905555
-69, 0.6418057997004485
-79, 0.7437847963743222
-8, 0.6161707648466451
97, 0.7044040411472106
32, 0.4795102180463334
-42, 0.7417055235346217
-31, 0.6908109269143585
13, 0.7149332569656184
53, 0.312848095719095
-48, 0.6958824453307594
-36, 0.4755389932346702
-98, 0.9385954476991114
-99, 0.32527914044104766
-67, 0.9862109634435232
-70, 0.738519593836909
-26, 0.7913951847675895
61, 0.7864594468194455
95, 0.7462627844551145
2, 0.429839701858974
-26, 0.7102428274426265
-86, 0.7484421536217961
-60, 0.7665029880390756
100, 0.41500695959572864
-76, 0.19054081936494094
46, 0.06445002310674075
57, 0.12025496242821432
-82, 0.09683710685863145
-78, 0.4639391674720523
-29, 0.7410745261009333
-1, 0.8168917670408227
47, 0.7939177754142006
10, 0.8982862799417923
-32, 0.6249726663984719
68, 0.03203690389231262
-88, 0.3927462602179975
43, 0.9331311438021972
-82, 0.15614652339780055
-81, 0.5821579803698547
28, 0.26057344658194503
-7, 0.25958648999271894
-41, 0.9960448315994334
-90, 0.21390885718596286
93, 0.3913824293862107
74, 0.17345136745584466
35, 0.6484435012169593
-68, 0.09827607299140595
-57, 0.6315968946822178
-74, 0.4263749892691263
26, 0.3928932802201992
-45, 0.6018202739034757
-98, 0.9324374074908636
1, 0.48207579824281344
89, 0.6799460008866638
40, 0.5920619942795734
-65, 0.5321574215368506
59, 0.8622718736053392
-87, 0.45460672767712207
98, 0.5766630429384898
20, 0.44095915069536407
22, 0.8549027059379946
-61, 0.9845121099614896
-22, 0.3456225451720307
-85, 0.29288001195808866
46, 0.29154382011574065
58, 0.2710813004832606
-5, 0.14114483996769078
-36, 0.6854309644372534
84, 0.7849041530603109
12, 0.05663374916158359
12, 0.9814491672289009
-17, 0.1447785664274388
82, 0.38719157743080224
-7, 0.05747204061251565
-61, 0.33573665917786166
36, 0.9080223682017527
-89, 0.7949422373727986
54, 0.7888947863633513
64, 0.023938072932367827
32, 0.8747647559157311
-27, 0.2833243317224228
-31, 0.6996977191616172
-27, 0.5792384813285715
40, 0.5730465039361244
59, 0.20889052644746775
94, 0.04689591944741023
82, 0.8031104011441471
23, 0.6407948265455375
90, 0.8674588262347862
-31, 0.9174605898495443
-46, 0.4727729227586749
-26, 0.5122402903372221
-81, 0.3598208850851313
-53, 0.8470542711781389
-45, 0.7885691256269779
-53, 0.15468109363291127
29, 0.43481041850437974
78, 0.32034181440019094
86, 0.8049676537706526
-22, 0.848462579217678
-19, 0.83422086444454
-42, 0.7761389023786931
81, 0.24020279872990935
-95, 0.08360963791118659
34, 0.057368083770311884
-59, 0.6124740103380217
-79, 0.37880631056656533
-100, 0.7716545070542514
-6, 0.1782503849657039
75, 0.26396845105465094
-14, 0.6478012747668183
-64, 0.34019412783423353
6, 0.5400980677611534
5, 0.9635864234478099
-97, 0.331370990725367
92, 0.04366069072371248
62, 0.7937406500169042
9, 0.9196915753616316
-63, 0.6390519273481569
23, 0.9055280176918898
44, 0.5721178442823044
-40, 0.10405374259675282
16, 0.5925490505405216
60, 0.4968838431105854
-56, 0.49182872139463407
78, 0.47234088873295277
32, 0.30138279293998693
5, 0.3915400602748601
-8, 0.9555521067380673
76, 0.3447444156595607
34, 0.8873763283093141
-25, 0.592847136796651
-43, 0.20945376834634066
-23, 0.8850598200516286
45, 0.4759079329645465
-66, 0.0412252087995596
56, 0.0001792784590408658
74, 0.1853892748564533
96, 0.4154015590419017
97, 0.10374365332861513
-98, 0.16096089531715851
73, 0.8540910142178162
82, 0.5507561799623183
-53, 0.7813660887599372
-35, 0.2516940631579536
49, 0.01026761470298998
-86, 0.09662850837009629
86, 0.09853089271575288
17, 0.687604696268375
32, 0.2998683504713773
-44, 0.18362161456329473
48, 0.12973003872066868
-42, 0.7604157199579811
-70, 0.5117388510922407
-43, 0.35254492340521726
-74, 0.7751482630957308
-68, 0.8172600261849048
75, 0.09514855159813129
10, 0.29446499113383007
26, 0.24102113406176207
25, 0.34930028292303184
-35, 0.8750524280480911
-40, 0.2353657101448441
64, 0.2588565103292667
-6, 0.6941048382557983
16, 0.1693924416434932
0, 0.05437232117888524
-10, 0.5486974966749
19, 0.6629499853810452
-61, 0.12117607864314084
56, 0.13029703051649866
-72, 0.36377819989750115
-72, 0.4267084727595992
28, 0.9443571657945546
63, 0.829096634519959
86, 0.4878808761208926
53, 0.9978400677107269
-100, 0.7301371652998964
78, 0.4939094620461115
-17, 0.03950334917735088
66, 0.7312808154183668
79, 0.7569480748813961
18, 0.5527505987471982
-4, 0.7955538661751607
32, 0.30105802479646426
97, 0.6973049791855768
15, 0.2287057891437967
23, 0.0631905668204934
37, 0.4895159560413167
77, 0.6972801655236368
95, 0.944090604104496
-21, 0.8537200462377629
-17, 0.6084173090950694
-42, 0.5227314630389791
31, 0.8141151747784501
94, 0.21246488459245083
29, 0.9153164650504491
-3, 0.04011416208786911
40, 0.00569837099641346
-33, 0.3595172800029295
45, 0.76030463954759
-37, 0.15298431313456573
-4, 0.438915087913329
-32, 0.17709285156388033
48, 0.2635516652889628
-10, 0.400488942555955
-34, 0.298356108193795
-3, 0.36543077078737185
-18, 0.23285782010956446
-54, 0.4454950725526229
25, 0.42168913394038
91, 0.39194872992145036
-42, 0.1822649915355029
-89, 0.11482350682206732
-82, 0.05018390361631453
-27, 0.051952420135206956
47, 0.05717934274415182
-49, 0.28559580679223007
-82, 0.7067482463822691
-84, 0.3486383226455291
33, 0.9905690622571874
-22, 0.8444005515568592
-28, 0.05146657646470554
3, 0.6203940294136384
69, 0.15273540342862324
-51, 0.735069457743472
-74, 0.1774808588990533
-44, 0.5742797755496487
92, 0.20033213801112737
-38, 0.10972709959642424
-22, 0.258684547424466
-4, 0.6249794319220998
86, 0.2348130496815115
-67, 0.676970253181255
-68, 0.4694061765701014
-95, 0.6751607912610972
81, 0.5480648782221822
49, 0.17624203570406882
3, 0.21110022279569807
-45, 0.20157250819489725
88, 0.03874350326389575
26, 0.30764660653582565
61, 0.5295778914681534
58, 0.028714854697846515
-25, 0.6396822523071536
21, 0.37869722074826817
2, 0.410201229302252
78, 0.39302032557443656
49, 0.19311092617927517
37, 0.30270300086611335
-82, 0.10244252218333327
36, 0.41841449573825895
-62, 0.14656476414861086
-60, 0.2081743006646387
-67, 0.6223115691868379
-51, 0.9920736041295435
22, 0.3579466641424194
44, 0.015033096705361793
53, 0.11470192156796877
57, 0.7213270362375416
99, 0.34797664796930894
-83, 0.9087958338115306
61, 0.41114181921279924
82, 0.6036049622107027
-32, 0.2819060640753024
-78, 0.13850448758316825
-28, 0.8778769523135285
55, 0.0405043692548287
10, 0.7023193230428243
-80, 0.3152169561708362
-42, 0.058319086129976494
-17, 0.11345299391476349
12, 0.7559949030812878
56, 0.8066490889464358
-90, 0.26828767159331046
43, 0.6161277539921921
65, 0.4190392630592863
29, 0.41080203356543077
-3, 0.40163552239541667
53, 0.045669020314363484
-18, 0.8601241532157919
9, 0.8889372675367851
61, 0.35078155955343493
-1, 0.027392385301828637
-16, 0.3974125252422306
80, 0.7075157983207241
-86, 0.1877458280735087
-95, 0.6728983596665276
17, 0.21004462190042272
-1, 0.551822032802212
-77, 0.3006403023957419
-15, 0.20709925326955558
62, 0.10658613178065268
-58, 0.7507528900607747
-86, 0.43884504851574857
63, 0.8859167853183044
-8, 0.7190952880279299
-34, 0.2978591141878777
-21, 0.945489354282444
62, 0.7472352935302672
76, 0.9117065995511564
38, 0.49268543425162237
-78, 0.7038045641244219
-38, 0.6707113679451105
-58, 0.9592085607227704
68, 0.1862232140140514
32, 0.9155625312627409
99, 0.22860600139649778
-22, 0.22030223518954994
19, 0.9211237445167548
-3, 0.5312461061555286
84, 0.013926134377591715
-41, 0.5679806268864509
2, 0.17387014596356376
24, 0.32315842957611596
77, 0.25670171222205374
71, 0.417255374471974
-53, 0.5464012911836152
59, 0.20557484312740126
-29, 0.5901093040263043
78, 0.408087370871445
-23, 0.24402057929915044
-85, 0.3471134281885192
36, 0.8557631457733545
-46, 0.12425606259051147
39, 0.417760857810051
-6, 0.9417495044203921
-79, 0.5710166573027523
-79, 0.6651490126474957
34, 0.9530804020051636
73, 0.5114501005481783
-38, 0.7896510821327577
53, 0.24878055838030977
49, 0.7836178335309655
52, 0.572412973777652
-82, 0.3301921360573684
58, 0.47637649941150795
-65, 0.8578281270913873
-100, 0.1981209553908203
-72, 0.6732639956449015
90, 0.6315250205095799
-80, 0.01910710278970129
-2, 0.4196593203147424
8, 0.8189606769227914
-50, 0.7680705940536365
-72, 0.8353932667047781
-32, 0.9705871427801829
98, 0.2195144090242237
31, 0.5484289099247004
-62, 0.014966082731865171
56, 0.886279474515253
-47, 0.3299267864119748
48, 0.5408559430702695
-55, 0.7519576297706527
4, 0.2500700155223198
6, 0.9390431650007343
-27, 0.5874846062141751
-99, 0.6908689507768291
-83, 0.28667508628871663
-100, 0.9781265891888596
34, 0.2851876256547391
95, 0.3575153259047227
-93, 0.8229098236878124
-10, 0.21363040376189146
-58, 0.38279000573296473
-32, 0.259827945282161
20, 0.6148762644406873
-71, 0.8274113579568252
100, 0.4005668883042304
43, 0.6635249308480977
-40, 0.46522938412474235
-57, 0.20498563712458073
-60, 0.128754511238371
-2, 0.9671747322442021
91, 0.6407292593881401
99, 0.24115746537941707
60, 0.13039815544790156
-96, 0.7340892214739309
24, 0.4845239023490405
-12, 0.6622395519056881
-82, 0.46790936671686756
45, 0.344213947018002
-3, 0.741553374701239
79, 0.1164321269873041
21, 0.16518040204189133
12, 0.950181196340309
-28, 0.6185481140006226
96, 0.2697971698572139
-60, 0.9062793139716644
-32, 0.6732979976198452
-2, 0.8120385171829735
-27, 0.44634715738195585
-54, 0.5557654621849706
-54, 0.030593477906058486
-76, 0.5820251472387857
-22, 0.720523697386404
-81, 0.9673936756206272
60, 0.4466636717296517
-33, 0.6280640928570402
-11, 0.8124732525795983
35, 0.48014668128073745
-43, 0.467346295101447
17, 0.9574015461563112
79, 0.1814619735217039
-62, 0.24305390293896
-57, 0.5070297475209685
100, 0.790321527068663
-54, 0.7012767737291549
-16, 0.8240012667072939
-76, 0.8718568594659155
88, 0.859543087083394
95, 0.3156641830553507
-96, 0.8588117286786621
79, 0.807328833240722
-30, 0.786072755800047
-91, 0.05410674793269632
77, 0.5016804680018575
-46, 0.5572436177957387
29, 0.9495127430030753
-54, 0.14765679076508653
61, 0.34852898046082803
5, 0.1738186378550235
-12, 0.6539473930274657
61, 0.7414467404688533
38, 0.13168476364546977
-97, 0.203696991355528
-14, 0.4572864682651425
49, 0.7505680941556679
-44, 0.5609887402502624
63, 0.7972257966433439
11, 0.7404003277211206
-1, 0.5056723060018886
56, 0.22887233204698665
98, 0.8987337285509001
65, 0.7798970704040545
-3, 0.9287027233116765
85, 0.3363141546260614
-53, 0.9023948839809407
-45, 0.9200468962925127
0, 0.8433747364577279
86, 0.8923505966898894
87, 0.6902845595664584
-39, 0.17592780760115823
-99, 0.49067517483445067
85, 0.6829418316101568
56, 0.3516707872865463
-22, 0.6058446391774288
-51, 0.5791550965614956
7, 0.7620376666000689
14, 0.25641894482616956
-49, 0.7588142832671241
-71, 0.32834791168502
79, 0.36817514156917797
-59, 0.03229825583393109
45, 0.014596468705217247
37, 0.4486046232656109
-56, 0.00041669513933106916
15, 0.0267251389797728
24, 0.21815050575493622
72, 0.6694467119353914
-58, 0.1999534319941677
-12, 0.13295980305229915
-9, 0.41840367109219223
12, 0.7709882379480097
-71, 0.5446778265029008
30, 0.06498473450082387
88, 0.19421317481879607
-64, 0.2013737771653451
71, 0.48716677452379087
42, 0.44691978662699416
96, 0.7467478250673866
35, 0.7331433604949511
-41, 0.6472362220917852
-65, 0.1521203467231964
73, 0.2868157954027195
-19, 0.08010575518615681
-44, 0.10626158603767999
43, 0.2323024387781294
30, 0.8791529081531617
-50, 0.5253366296233148
87, 0.5766396127827834
36, 0.5445424914127961
27, 0.057914401837934504
-87, 0.46062716338364307
12, 0.806633055210505
-90, 0.8881317435925004
6, 0.22236928310477688
-14, 0.07980627500959148
41, 0.5393032070448383
-87, 0.7930698913726552
99, 0.550865415310221
-55, 0.04935713259463059
-53, 0.4131889586609244
-56, 0.7836112883804569
0, 0.8218073423077252
4, 0.3436910733798204
8, 0.6496879885588335
88, 0.07405935333255942
92, 0.9959971925314423
61, 0.9075372780087664
25, 0.9461602002725816
72, 0.2610871328718385
-36, 0.16782582239087773
95, 0.29068077058972286
-87, 0.009123776686893903
50, 0.37390449689841276
9, 0.34469305297613473
-93, 0.7354872624493026
0, 0.8008574812851175
-27, 0.4370294654878032
-20, 0.23832161716550238
-28, 0.2401367329363997
-76, 0.6105917259983651
-26, 0.35379241640860615
-14, 0.8619451628606266
-82, 0.6356237083763785
9, 0.16778598336349126
-89, 0.5830953972986755
5, 0.16593731793365418
-59, 0.8180882887089319
-10, 0.7130586855899489
-72, 0.612634768582702
74, 0.8040218087968896
-86, 0.9516077519444478
92, 0.602865715901225
-7, 0.9636823015288106
-43, 0.8750043176605593
17, 0.24653851029614182
-32, 0.38557599076105
62, 0.5117214030159615
-13, 0.6268658671788948
-63, 0.39511683196540115
-32, 0.1276630419276582
-76, 0.9045397474182679
-5, 0.0515738299029046
-9, 0.47620499083737944
-83, 0.7630431250673109
-33, 0.6766350625593176
-91, 0.03836071199361191
-29, 0.28926492030641293
31, 0.18489130034831125
-71, 0.6938252817357405
-39, 0.8130085655639461
-48, 0.6516104107965531
-46, 0.5143513056668723
89, 0.17977587026373143
-3, 0.5384793728123423
-54, 0.17809348626674293
-29, 0.9752844823981243
-23, 0.5420095958034894
77, 0.94522922814745
9, 0.3172173581762061
95, 0.7448690819259116
15, 0.0012579542889910034
8, 0.06256157929479744
23, 0.7198118799937486
8, 0.7425909553249723
-19, 0.3563587764213503
-34, 0.6762159472862926
-6, 0.001859495648824372
-92, 0.19038635461534636
-65, 0.10584454434633206
53, 0.9625228702952514
91, 0.0318025244945781
71, 0.11500375991734257
22, 0.6983639962521574
71, 0.8526882703219756
44, 0.5676887799452095
51, 0.3272345020146229
54, 0.20123236862650207
60, 0.14077332639536344
47, 0.9603388013326797
31, 0.926641752932628
-95, 0.25036001934640206
52, 0.3416382960276302
37, 0.8372638484433869
66, 0.9604514195913718
65, 0.6283620379251798
-55, 0.3730125312340904
-59, 0.23437644931644697
80, 0.9939271524096097
22, 0.14636420624493163
-21, 0.9889661712045105
86, 0.9920954793067419
11, 0.4516559568298274
28, 0.7066768697479788
95, 0.45420671338002794
-89, 0.11093951277502678
-65, 0.7745839216300379
7, 0.978029092111443
-99, 0.2762405915689423
23, 0.5138615034380969
-14, 0.09946621485128782
-19, 0.2977512214358523
-21, 0.3882353333639178
64, 0.008136576461773015
-7, 0.48272276805005443
-78, 0.9470207751150406
-70, 0.8012399357403962
59, 0.45345522355730206
-81, 0.4396409363618756
64, 0.9038931951460796
-80, 0.3785738251960773
-59, 0.8787566279030549
29, 0.9546537884096149
16, 0.638623607417959
55, 0.4767420872689411
-96, 0.6958935555429406
57, 0.15335563800260688
68, 0.45406383698874175
-28, 0.4703723034110705
-27, 0.8491339046193905
74, 0.30889260794408446
92, 0.5297702828590197
1, 0.423030475467953
-62, 0.08668656659418938
66, 0.6743212162832296
29, 0.7983307596968201
90, 0.8787793371341834
-42, 0.28087735553906235
-5, 0.07729344957319984
35, 0.7393189268101715
89, 0.83119562938526
-36, 0.2927655224692016
-27, 0.6068621527888074
-9, 0.2166735214131531
-76, 0.05919798349845662
15, 0.8464019532349687
84, 0.7209314368524378
-79, 0.5689097632101031
-16, 0.9615238791174261
33, 0.0586264250486318
-27, 0.28587330174163605
98, 0.4416801841209683
22, 0.9099196621626437
17, 0.7779866881054839
-66, 0.6759920238644543
14, 0.2893858285867291
30, 0.9244363540697162
98, 0.7294122649447358
-11, 0.062331952447771566
-76, 0.5566674360277607
3, 0.532905090546491
-4, 0.6930054402575447
20, 0.6615708640033983
-2, 0.4226535566541987
81, 0.13823613577912885
-85, 0.9354344449747029
-27, 0.10735303071858027
17, 0.07378434207781481
94, 0.34256587728598
48, 0.7156470239864822
52, 0.7823664165918014
14, 0.5495587588828429
-39, 0.5778412426068225
-41, 0.7146101353747544
38, 0.21300920927187472
76, 0.20531585752303672
26, 0.048489157525907545
37, 0.532177321924109
-50, 0.7355556129353455
-63, 0.03620367566002247
-72, 0.655579570616104
-86, 0.32470235526907887
96, 0.583682163024534
13, 0.27155222190792516
-8, 0.16148862955027
1, 0.3791441993881679
-23, 0.31912240371223943
97, 0.8552482140584331
-18, 0.28536471933908725
-83, 0.055018936124249906
7, 0.7430856996062912
-79, 0.8456258998290054
-1, 0.3513798452786334
19, 0.9093943759381241
-48, 0.3343848090024818
62, 0.6182817779420707
-40, 0.4256434272580508
30, 0.00948530479083165
-7, 0.6583702776226262
12, 0.465910983761214
32, 0.7859636754019439
-62, 0.9516578892851876
99, 0.639830861371605
-27, 0.43342992864493646
60, 0.7906825158974353
78, 0.21518446666471736
21, 0.0005888190905115609
50, 0.8370162966430559
-51, 0.6597656495936247
-20, 0.8467428938967957
17, 0.7849976337191422
29, 0.46159488850652575
75, 0.6350295391918788
-25, 0.2870630318112145
8, 0.8900690978710301
-68, 0.7168968714977199
32, 0.572777668142601
3, 0.010283772068283792
-41, 0.6057269914971722
9, 0.6279761122680635
97, 0.916723677120512
5, 0.20491841868507876
-3, 0.5351420621864827
7, 0.47180795669795816
6, 0.7634818386733695
-81, 0.9345602535436321
53, 0.9398320321800339
95, 0.4322454503901838
-59, 0.8029940193802144
-16, 0.022724105726834365
73, 0.22046213451816266
-84, 0.092765389293048
-66, 0.4174106562755471
91, 0.6312939068689494
51, 0.6089539818934991
-35, 0.5781393790220138
-23, 0.4283960956072328
-46, 0.13112184352675982
77, 0.15825110474527082
82, 0.31584610229640997
46, 0.874389201601134
43, 0.41023298276961206
48, 0.25845883920621837
-23, 0.8203253738517097
19, 0.8664844708870006
85, 0.29608298626870455
-44, 0.3630962231390179
-44, 0.6083974663139534
92, 0.9088754615548154
-32, 0.8397943742058688
46, 0.18902309870038425
-24, 0.5335535101664896
60, 0.417893399915905
89, 0.44048496366555234
-44, 0.9117981508454507
98, 0.5142137978959881
11, 0.6669368675045331
-98, 0.5148214256060097
-99, 0.4747167070330597
-65, 0.9841181378735365
18, 0.5751086914425544
7, 0.6413873090302804
28, 0.2145008101666418
0, 0.30628604098588574
49, 0.17848132769323777
73, 0.20124336966879552
14, 0.07484678641678699
-97, 0.15690251161025015
-85, 0.24950358241602
-84, 0.6285625498563019
97, 0.060036091137843584
92, 0.05530286995021827
70, 0.5752603779576598
89, 0.8818673230539356
-31, 0.6177013669303931
12, 0.9418950696565032
60, 0.6310717543555032
-6, 0.30152989929692753
-26, 0.5969824989236632
80, 0.9910121326704604
40, 0.27307931547355024
-17, 0.5604487621579677
-41, 0.10540814973583035
91, 0.36448220646832785
11, 0.986302609169698
-49, 0.5265301072562605
90, 0.4247299690735771
-8, 0.21919926147449686
9, 0.9982818829023219
83, 0.08300290159396417
-84, 0.5877532797950343
-44, 0.21019468667884522
60, 0.14958202505379048
-57, 0.0821090239846689
-68, 0.7297706190100853
7, 0.31885724154319617
-58, 0.7067965501461391
87, 0.6558829184060655
61, 0.8563164668619879
55, 0.7930054781481894
-11, 0.37728391643866543
-27, 0.06828041964623077
26, 0.7573902116521484
-9, 0.8558853171847876
35, 0.48763737593886725
-42, 0.47007196886923075
-27, 0.9223508892722116
45, 0.6521160281425472
-79, 0.7537478141257298
79, 0.8041758321751363
22, 0.4698918523647112
-89, 0.15499789347961235
-26, 0.28801038479102203
38, 0.2634220159570575
32, 0.9482822893526818
-48, 0.6727831150712819
-89, 0.1738087378317963
-95, 0.36739821807829565
-22, 0.9883619121393507
85, 0.6595492237950026
61, 0.48488643734527537
8, 0.4391435534229545
-94, 0.9994495923813272
58, 0.062070801467568826
3, 0.9163405916911697
14, 0.1921112581648169
-48, 0.11555525341159856
-29, 0.5644170422503448
-41, 0.08973177787603548
-84, 0.6308356115030718
-68, 0.6041974367171248
0, 0.6830607622697957
-23, 0.03215480750812083
-37, 0.41741024964808926
100, 0.782065641619806
98, 0.48957012249813636
-6, 0.5038248856624316
92, 0.19501161537670175
-13, 0.9852043213972607
-87, 0.16005224948286068
88, 0.25279988086617555
-52, 0.2944414676419549
-85, 0.1485350121068526
-87, 0.9232573689154786
22, 0.5555049443520795
32, 0.09887008685736942
38, 0.10443697200036772
-9, 0.004537517685395898
41, 0.513172349558669
-81, 0.9626581010045461
-92, 0.6830833825986163
-2, 0.11723995311224766
78, 0.5156044131459019
43, 0.6315592606695719
33, 0.23490489235604461
90, 0.10075644331643818
29, 0.19476895487188683
-80, 0.44503247831796044
-41, 0.7300133690235936
-23, 0.07414680922738404
-5, 0.4022238353853398
77, 0.3840416519692126
-99, 0.7046961503591913
-70, 0.3443625651079747
82, 0.862429500899984
-87, 0.6875253090060962
-43, 0.37860395711164185
-13, 0.2331386439820009
31, 0.4076216647330667
38, 0.7388748876456355
-46, 0.34646771733902604
82, 0.019426471684149127
-42, 0.6550549951324462
50, 0.03313520735039721
56, 0.2991385195106203
79, 0.3273048456884262
-28, 0.8899220376784396
-38, 0.5247354986085497
20, 0.10629612533467514
80, 0.9116391210844018
-93, 0.5517036002314984
-42, 0.19289850819781418
-83, 0.9859095714235371
22, 0.8169020605537654
48, 0.8410394613308488
-35, 0.9104869047062161
-6, 0.7104280942682234
-38, 0.8344027127579247
100, 0.5347697181702317
-79, 0.13077207079198705
-24, 0.7149072610638374
-52, 0.8705937607598921
-66, 0.2514084204800838
55, 0.21985534277194874
-45, 0.4245913846281023
53, 0.744184080348466
-6, 0.1321529818056172
-40, 0.6846120793397044
-41, 0.10899356868670518
78, 0.19129492114659918
71, 0.9066187911130098
50, 0.05360882543341805
74, 0.014260636048532116
60, 0.19643610692460878
-94, 0.8312079338457609
37, 0.5085728972677154
69, 0.583827653215247
77, 0.21548679954273942
-91, 0.6495526752580474
21, 0.7137926929403544
-62, 0.2562701646621327
5, 0.7201555558044851
-94, 0.10099464239480205
-31, 0.3037325564152985
27, 0.35014664789093075
49, 0.845670768444952
-73, 0.021915761216386054
74, 0.4220505351690971
19, 0.44263876882913156
-17, 0.8088482543563384
100, 0.6483445492526538
30, 0.688366563710061
-87, 0.6865605052576157
-29, 0.24686522270622546
-13, 0.40166725253510027
84, 0.17818172524725429
-31, 0.40059454228267155
21, 0.18479497486754648
-77, 0.409395945769067
-69, 0.9157670875000946
93, 0.781252952995343
36, 0.22773373559049304
5, 0.6876590792702147
92, 0.6993261300119569
45, 0.1013551237293695
-66, 0.26532564783218415
-52, 0.23040661063177315
23, 0.9101441639823106
7, 0.417979329388246
39, 0.22235589816073564
62, 0.2918777269084063
-92, 0.22849782350666037
98, 0.5408173833800558
70, 0.11005032651548419
-80, 0.24096214116184544
13, 0.37665503081322627
31, 0.08724264860024677
-42, 0.3311580714291077
-43, 0.23637854202200437
-14, 0.14600269705453472
-50, 0.39116608883681325
62, 0.5909205609308337
85, 0.9659919536208218
2, 0.1499581021973322
-25, 0.9066980051780322
-55, 0.23061271161932928
37, 0.7084528603886707
-98, 0.028846895610933232
-16, 0.5760202273999468
93, 0.2341671200277139
97, 0.9306295508596918
4, 0.8800363776043011
-100, 0.8052572086283062
-88, 0.6435723786872661
-95, 0.9065392289763894
-58, 0.891969388014173
-76, 0.3456218808284882
84, 0.6521462734078297
24, 0.43454299383170014
27, 0.21421309109905762
-8, 0.0953278537036748
91, 0.16620142381818148
37, 0.39251678015211744
23, 0.5906073003605112
-64, 0.38415776514438826
15, 0.5545895159599191
63, 0.8404082616530019
92, 0.3543857805175965
34, 0.10181196794063363
-99, 0.2898627012718711
95, 0.207411081613754
-82, 0.07870894567850151
40, 0.04962582388182468
19, 0.6042434663438808
-18, 0.8684482158313839
14, 0.0010329555062768003
-33, 0.5736556021135658
-55, 0.7856777468307959
-95, 0.2503126190300563
51, 0.9841586565322085
-26, 0.7291920043984759
-16, 0.9137449892236065
55, 0.5480886040271489
-20, 0.37720159395079034
-17, 0.2613652373452049
-55, 0.25317686731216715
12, 0.7527277860302055
41, 0.4998935483956456
33, 0.7587185583902615
-2, 0.8868913118866353
-64, 0.3849304822102315
-82, 0.340358277905353
-26, 0.697713796158337
71, 0.3465005836405032
-11, 0.7324545329696954
-27, 0.939717105450396
72, 0.4616532184401664
31, 0.1858532416335995
-45, 0.23758495348832398
-95, 0.06781781774895934
-8, 0.673676611189981
9, 0.5981123286877199
75, 0.8345697285603962
29, 0.1768382865268835
-74, 0.5967094874973176
-56, 0.13842667174771095
96, 0.47918145315338956
-92, 0.5565616061725733
54, 0.43559106596757824
-41, 0.8586100567925613
76, 0.6676925550342528
59, 0.6131025668681299
84, 0.680429068621843
-66, 0.6790038130179569
32, 0.878716200612348
89, 0.8477024409793823
-39, 0.6513820980500281
95, 0.5249006647297791
45, 0.8048570664248075
-31, 0.9702504849612327
-31, 0.46376474886717456
100, 0.7965752206133989
-75, 0.8278752204226435
57, 0.56628036650513
74, 0.15488397370045626
50, 0.9227564543689837
-92, 0.9930440634137332
-68, 0.5215829492683782
80, 0.6192915813901335
58, 0.2627100994588605
8, 0.886581096028108
-65, 0.41431745097442874
-38, 0.45918865781928864
-60, 0.4197865883858073
52, 0.5310804953033388
-91, 0.012288475510675911
48, 0.672286586539798
34, 0.2771609443250884
10, 0.3015413257134496
20, 0.8796152142314818
90, 0.41172687146687637
-67, 0.9868107817010774
-30, 0.735535508714251
-4, 0.6797896122697678
-58, 0.20399809536340008
-74, 0.6914956036908299
-83, 0.41260120660294974
30, 0.032031486909790186
94, 0.6163602375520877
-65, 0.6652398519024146
-85, 0.5853193300862903
-64, 0.8433669449312112
-18, 0.646371051341425
49, 0.09975351519016729
53, 0.9299843285401341
38, 0.2336411388452716
-90, 0.3410908752228712
14, 0.7637012993831833
-39, 0.5087033275921256
-96, 0.25221383482482773
-7, 0.6254093158230589
99, 0.165824308027678
73, 0.7343279743646853
53, 0.12589987413357318
9, 0.41156801200526527
-91, 0.16692768215957965
52, 0.20624763131126111
-6, 0.8649694636825864
78, 0.9366286855661419
-80, 0.5336699856943372
-6, 0.5108051042049722
80, 0.9299105897328374
-91, 0.48160122447883724
-15, 0.2016512891542248
-2, 0.874993587560183
46, 0.34550620528028786
31, 0.5649560128542404
93, 0.6137550028256111
-17, 0.3420501362775612
-81, 0.4995827974995378
-56, 0.4352669716788865
-69, 0.8363069863903738
-44, 0.09390261668203759
49, 0.09492867970127739
-41, 0.4226563320638367
-68, 0.8429469515808058
30, 0.7964987003564129
-63, 0.5117137130440175
64, 0.4696641138902974
27, 0.522969157184105
-20, 0.08157355164379587
85, 0.1149977045526217
93, 0.08869222350419093
-83, 0.7232392261640891
-71, 0.7519161262765793
-81, 0.8182479636016069
-12, 0.486273764375175
21, 0.28141545746970253
-80, 0.5476352869791846
86, 0.7873778729679476
38, 0.5009756222140976
79, 0.04115591407414798
-2, 0.6876364849767695
15, 0.8757792877804833
-62, 0.4070458053175289
-100, 0.3657333219076223
11, 0.48883372214345355
20, 0.8392500820637857
-49, 0.46510401674402335
12, 0.7685213632115628
-33, 0.7295537838869908
-11, 0.8164927269839668
-7, 0.9903662158178969
-19, 0.18392102693972712
-40, 0.6022416066456346
12, 0.41058200009786616
4, 0.02650686915293532
55, 0.7449495094811703
-87, 0.7817813788787584
-98, 0.497396139259939
-43, 0.36953724597105997
-90, 0.5638431885936138
59, 0.7413734530851256
-47, 0.536566822369929
-24, 0.7201239215807016
95, 0.6523618828235312
-94, 0.7006332282184241
-97, 0.6203489296994128
66, 0.38559864283248124
15, 0.1497948368600629
-66, 0.7545211960037157
55, 0.5471177471871487
-78, 0.4875727432014183
-56, 0.8751116114985573
76, 0.036396557592633716
-18, 0.663347444410537
-33, 0.3093613350463855
89, 0.09550225761304854
-31, 0.5099419498286385
-94, 0.315150555355171
68, 0.20773756195329196
-7, 0.8396105429527944
-72, 0.641022468188557
-50, 0.46289366367097273
58, 0.21885587251816352
-72, 0.2812639887695193
-92, 0.19505018361756177
55, 0.8659340319197636
66, 0.41704035267251416
70, 0.2224759960937197
78, 0.1737900454673288
95, 0.9471068933264901
-93, 0.3464003005702222
-100, 0.6413511147295241
-99, 0.7495771673422
63, 0.837854664244506
6, 0.41056997417466723
35, 0.4647050323504197
57, 0.818195319499381
-75, 0.6961716188110626
55, 0.34090507189581865
-53, 0.7546353845647068
-99, 0.917610316753141
-53, 0.16976510571747805
68, 0.1881174110022492
-84, 0.03524281989864875
-77, 0.21239485478186948
4, 0.35529997612481
-76, 0.6071188548559479
59, 0.8003519577874896
88, 0.22765679351870416
-40, 0.8984128472158025
45, 0.21022374544556421
-16, 0.664269997724043
57, 0.5236068057705079
66, 0.33860611413989183
60, 0.3868479067084941
5, 0.23735029975885824
-51, 0.6600139378647568
56, 0.8261417360121456
25, 0.8585520797478564
86, 0.23867810657264243
-2, 0.3359235260353619
64, 0.9514449171085502
-69, 0.9739236603374947
-18, 0.3714381316546649
-65, 0.39241415380601974
66, 0.1556035785694384
45, 0.8259595618389665
-34, 0.6620643297354665
-42, 0.47814137448323246
8, 0.7764735199736363
1, 0.605809776832919
-65, 0.23496127682023216
56, 0.7201196094868227
-30, 0.10231425405822026
78, 0.3567359105019988
33, 0.6440539258734792
3, 0.75241057889977
-9, 0.9578234535386818
-62, 0.18126910750963676
-15, 0.5056104291209403
64, 0.37322621620353913
19, 0.12194311447878148
5, 0.939535932890328
25, 0.5753494010705471
-61, 0.013506276832561337
12, 0.4307522986575305
-81, 0.7795626555190116
97, 0.6637372814880635
-48, 0.08712588687715961
71, 0.3156125275518996
-85, 0.1461909711830992
38, 0.7995311965790227
-81, 0.8475130170585236
-63, 0.08867859221804875
58, 0.4029158779394152
79, 0.4911355228333132
55, 0.7115442888100577
61, 0.3960919825676553
35, 0.2348670520947973
13, 0.5180809833178834
17, 0.5209707474110654
45, 0.5852520020195618
96, 0.9473434554743935
16, 0.17973686675363432
-35, 0.6171425998826627
-42, 0.0663243160604372
33, 0.5558668253075357
-99, 0.6540587773971572
-94, 0.9239600037277463
86, 0.06203526732052245
-56, 0.29650385337515084
-62, 0.2263695604907735
51, 0.1801730964201803
17, 0.0635541673090051
39, 0.2946038193458479
10, 0.2440355544044437
61, 0.15304569570621196
-12, 0.9054254107202824
95, 0.9246250650046552
42, 0.25059708921248103
99, 0.9476600018090927
-54, 0.7245036904142337
-75, 0.6180515374856732
89, 0.37901847639210795
-52, 0.48787182920693006
14, 0.2147510824590677
43, 0.17670195679529055
73, 0.26540841883933086
90, 0.6751350633555174
-87, 0.6259409607547444
81, 0.3898220287703351
28, 0.3801236478011887
-63, 0.6333404978843561
-96, 0.20736360567898826
62, 0.039813538667112014
-3, 0.2576103891006237
19, 0.6167078506708975
56, 0.03672251458117648
-82, 0.4325028583944328
6, 0.49483543735630287
37, 0.4839943458601398
52, 0.29684562559551686
-31, 0.3277853416890184
65, 0.7949478218798492
-94, 0.9477932514532107
74, 0.21882961838732973
60, 0.13956250096360423
82, 0.7514452216377794
40, 0.593462302613449
32, 0.8227930985896929
72, 0.29722776805061635
2, 0.990134172668369
0, 0.7370942444425519
-39, 0.3971377707120326
38, 0.06515318208474274
19, 0.15305130942354472
45, 0.5239159244989947
13, 0.15361021042041156
-59, 0.494748756789972
-65, 0.12898161430548338
8, 0.7541209192507426
-94, 0.28351111554698916
-37, 0.5162726768702584
-12, 0.8133485800761426
66, 0.30279134638582406
37, 0.24884546904637406
-57, 0.9130593335801608
16, 0.3377164369695207
57, 0.5637835651927129
-70, 0.8809194375314532
30, 0.9245143141411676
-21, 0.6243117508182222
-9, 0.9284432005885902
66, 0.10668152189461266
42, 0.14097977934283423
45, 0.026385644657305862
-2, 0.3739783100562005
18, 0.6654683827707071
5, 0.7015425659512321
-9, 0.20601804988990235
-63, 0.46035578037533886
-1, 0.23944505494205337
-6, 0.3169346481594053
36, 0.301243455153379
14, 0.8210963845447189
-100, 0.8949003224619965
98, 0.9752330293038386
11, 0.2958437531743606
56, 0.4613439724360173
-46, 0.8079251109138381
-92, 0.1655140276590935
13, 0.7139050400322632
-58, 0.30752997793996417
-6, 0.020129322836177632
14, 0.6035616816771903
-69, 0.8166429742375774
-33, 0.9545460783375554
58, 0.8874441765781734
52, 0.2629780154876712
77, 0.39516966462606373
55, 0.41474498101254076
21, 0.8079438374229586
-88, 0.7724546216924921
-10, 0.5788753531955961
-11, 0.9641943354852965
-57, 0.8415972794147936
-79, 0.7803972361380411
-73, 0.7917687706546248
-14, 0.6492421192588319
-34, 0.5356296728547973
92, 0.7614797990867692
32, 0.914282316972782
-60, 0.5590809949443604
-56, 0.4156065947477061
-55, 0.2578390769543494
-90, 0.5324633476057141
-92, 0.1301246128225998
37, 0.7304768715283048
-60, 0.5713495060638696
-23, 0.4797454960009614
-99, 0.12295681163609551
50, 0.25666421276617335
37, 0.11227265305703127
18, 0.29537460412070216
57, 0.631320055825326
-40, 0.07412698087062541
68, 0.4403233299682594
45, 0.3129900145348298
-53, 0.029438028605411892
67, 0.6665843422782094
12, 0.30665877256254814
-73, 0.07870663384406984
70, 0.030474516237589677
87, 0.7102911821958866
-94, 0.10342895876758651
64, 0.77156701476567
-29, 0.4154073095962365
88, 0.4905586966885239
44, 0.027343961125084082
74, 0.45862513510271685
7, 0.6969872927897078
0, 0.4410802370275537
-21, 0.8539377576455504
7, 0.6153463978362437
-60, 0.5098577849960715
-49, 0.4019044675833231
-93, 0.5585362105364341
-76, 0.933099866984716
-48, 0.30124196272828274
-59, 0.6264235377974741
-80, 0.9713701588641167
-23, 0.38046121415365963
41, 0.17185100355723015
-32, 0.4873283951945444
83, 0.3475520160895279
9, 0.6138355832098153
-13, 0.0549496051337206
14, 0.8081512117945918
-37, 0.6721717301446459
12, 0.8191705222102749
85, 0.6610365726799524
83, 0.5079629844845865
-93, 0.15202471544255702
-83, 0.1773415679368695
-74, 0.9772311924804564
88, 0.37029364511755536
89, 0.9958640309331795
97, 0.8332359658829925
-66, 0.5504633785880116
-17, 0.3083139405984533
-16, 0.5393448042695768
-96, 0.7173942715143233
-39, 0.8840318001897969
-7, 0.7059132550819128
55, 0.21124801580927832
81, 0.5310201668934655
-36, 0.17016424214675718
98, 0.380684363388915
-25, 0.7750895593181458
73, 0.6272269655913407
-91, 0.44566336924644323
-26, 0.017029396248321005
85, 0.715181178276408
85, 0.8312703160884196
-3, 0.2554449057488286
-82, 0.5928056737173193
-15, 0.6080247593927821
-65, 0.11699139250343571
-2, 0.27773105437477996
86, 0.2742243871289122
-39, 0.2114511265368929
-99, 0.9699012314920876
-69, 0.9417511747019661
4, 0.31996024639624887
-60, 0.7629112880968507
-88, 0.9179613917242984
-46, 0.47690027058119644
-99, 0.9031581729009268
33, 0.16810332796134886
79, 0.8315658801030994
82, 0.10592242642102156
-86, 0.13887484881819934
63, 0.08551376748467587
76, 0.7701542356629562
53, 0.441489521628726
69, 0.14506605173179876
-6, 0.5849670389250108
55, 0.6380121111313592
-86, 0.18448683838011215
-82, 0.3546445880255463
-18, 0.7715392379447444
-93, 0.012737003381916634
24, 0.2838666671917356
62, 0.8698079599660404
-43, 0.0917100288063355
-32, 0.0746821430441792
-94, 0.9937916324546386
-44, 0.7559308525751147
-96, 0.08067756031262763
-70, 0.03190848512482414
-27, 0.7574284912175852
2, 0.028903467371304226
-30, 0.6586870124739211
-13, 0.8007662578509884
-85, 0.5217324026375169
5, 0.3329383372415543
12, 0.05999111826832104
-39, 0.46359484671503803
-78, 0.7798025121295753
53, 0.8679611198563261
80, 0.37976327300229185
-79, 0.7070793561123392
-82, 0.5505960904121512
78, 0.10261120737187612
-6, 0.31379730139526574
-75, 0.8000969111723099
-73, 0.2078949871685999
-14, 0.5398981332767607
-80, 0.6063484226763601
68, 0.943951229729099
-63, 0.20002243896816418
51, 0.9265049532871037
-71, 0.9413625755689069
79, 0.9124141090798235
-76, 0.861968691346707
-64, 0.8802275970894289
51, 0.38369811212548666
100, 0.16907188481809776
92, 0.950203682176896
-67, 0.34390082779424525
-43, 0.5214015227298723
-65, 0.2928356671412691
-82, 0.9786016436925121
-76, 0.5768895350073173
-74, 0.9189264877852115
-6, 0.8386109433633097
86, 0.3235767122069868
-60, 0.6671587613242493
-51, 0.2688195417763004
84, 0.36724254265281076
-95, 0.8549177491731513
-6, 0.7487646633066444
-48, 0.44742152474180397
-35, 0.4370127191454002
-80, 0.9688171332146135
27, 0.820449119278416
-55, 0.23117837506748184
5, 0.4783671345567383
40, 0.2841572709913939
55, 0.06495708254234678
87, 0.6041250978111042
-85, 0.38859792386539316
-31, 0.7169247467042081
40, 0.5896099229056635
-48, 0.3793680600574463
75, 0.4671580294544375
-88, 0.0669467555266956
-56, 0.06519458205891981
53, 0.2164582491146313
84, 0.27030998391109917
-18, 0.6863287186185518
51, 0.34851984143164516
-1, 0.8833571739172101
-88, 0.3060769781183824
-33, 0.6834344701945086
-74, 0.9071953171522184
22, 0.16417194547810465
97, 0.5843931356870182
25, 0.4431702949305999
-2, 0.19560693460203893
-38, 0.7314252479054739
48, 0.2011463963693344
70, 0.6074384135361792
-90, 0.21799310991800291
-49, 0.6930968549685701
-7, 0.07461982770299991
96, 0.9146002457532268
-62, 0.8965893199000128
56, 0.36744624032588535
-56, 0.5227591195018048
42, 0.3064019353312267
64, 0.859832510330965
71, 0.37321119633107214
-92, 0.021942827895169326
-93, 0.3823427268728773
27, 0.047020139695454266
-36, 0.3964768820737061
67, 0.9581600771115978
61, 0.7346173677777504
79, 0.9182569508027192
-83, 0.42523155650073685
-92, 0.31669804027544
83, 0.1576805652605665
58, 0.09447707030938668
-62, 0.3381275562418665
-80, 0.9576556427668843
-29, 0.2234933333958673
54, 0.23829847756055156
-74, 0.4053907980520912
-51, 0.012392118452097534
24, 0.3953746319709709
-17, 0.8880445604003795
13, 0.3025995506307778
50, 0.21203018526820516
-32, 0.09220455897621738
70, 0.2501632604233548
-93, 0.3343110447468197
-47, 0.998992288934127
-51, 0.9179105074770014
49, 0.6822844432296775
-49, 0.9323328020730183
45, 0.7995257806993241
90, 0.6506273646329319
68, 0.665785269656257
0, 0.5954047299255942
-97, 0.34432324057918384
85, 0.4687611704468152
-78, 0.9433477847807373
-40, 0.7623289332250713
-64, 0.45534314583468305
84, 0.5764004542596046
86, 0.9830039055615191
51, 0.14830780809152977
22, 0.20962313750963568
24, 0.30843965906139015
92, 0.9150395542507307
6, 0.010150947627640794
-65, 0.23894948600748422
98, 0.47267211910211615
-3, 0.47933388657009446
-98, 0.37309148749655696
51, 0.8035166822742893
-96, 0.22558823305563414
-75, 0.33344691270754556
-94, 0.7348846506958614
-99, 0.9904469622561345
-40, 0.16518742291980026
23, 0.20525571388434471
10, 0.7168918701442031
-85, 0.5048477864561105
-98, 0.9123213083938678
59, 0.48878461749141044
42, 0.16272751608022995
37, 0.7559710429192055
-65, 0.6182442590026095
67, 0.31888807191501056
22, 0.6960537434346642
-49, 0.6760028597441826
23, 0.7939257381062771
98, 0.917297426720297
-48, 0.32444056093325635
9, 0.12912555757493127
-12, 0.8060173528568587
-11, 0.602147588784552
-18, 0.689834429102374
10, 0.25212061275339925
-4, 0.9986154343786492
82, 0.38218613776984134
-98, 0.9016672733127391
94, 0.8590761178825708
56, 0.06242649334723971
-29, 0.8360821432113127
55, 0.5073432731669637
-1, 0.11412795771092132
-17, 0.8709093733107995
-22, 0.5826366252245867
55, 0.4306538462559628
25, 0.17164510697075752
14, 0.8475075534313199
24, 0.12954043653754266
93, 0.0642404137077962
73, 0.6477936226221703
49, 0.8981522336217956
-78, 0.7900653308270762
34, 0.9320353788153649
1, 0.8201730085306256
24, 0.5586247664710844
-95, 0.49290720645470965
-29, 0.14924895029916319
27, 0.20206116666266094
-24, 0.6878041259336617
-2, 0.6372889551598993
77, 0.8480665115725137
-2, 0.4089931201509698
-99, 0.996600016434801
-36, 0.28873133276183216
70, 0.03181243033916714
-13, 0.0929707514996646
-51, 0.40899546586982627
-79, 0.2924113330266839
-21, 0.10201590887288337
17, 0.402537254555541
-42, 0.23625845040658155
-21, 0.9824655202298465
-57, 0.08991797541810764
36, 0.18231293513382052
19, 0.4934964027981018
50, 0.1267480814114429
-3, 0.7856728219098928
-41, 0.42874666724888555
-22, 0.39564486396216225
-8, 0.7333743086049845
11, 0.8739097059663091
27, 0.08602522584418881
5, 0.6554139357620541
-99, 0.6770393560745983
84, 0.8741827127417623
46, 0.4499938825019253
21, 0.936240273536437
45, 0.21208936007423862
-2, 0.4225978575996445
-43, 0.3163212591450896
-16, 0.583341738574265
-70, 0.6447576076113949
-53, 0.8059265390838422
-60, 0.5985634043936356
-45, 0.45446267025531817
86, 0.44086001825452736
-63, 0.9826534098281688
-72, 0.04013025611219301
78, 0.6655356255472465
-81, 0.03608951496510615
90, 0.09239486891245596
42, 0.006161172397145198
39, 0.9527042255391306
-23, 0.8195883813645739
67, 0.6703421016624643
43, 0.8461194931524467
54, 0.6220261140881503
-42, 0.08483448057267462
-50, 0.5634212286603004
-18, 0.8272262220315773
-24, 0.843790995495313
15, 0.9074262023882879
-8, 0.4708247443673095
-34, 0.5792576806211864
92, 0.6709168256026428
5, 0.44050455023006185
17, 0.16722556602034744
24, 0.13788897250953658
-50, 0.7557427365960322
-73, 0.37750259275490494
-45, 0.30074598810012065
7, 0.6681812269627533
-76, 0.053681824264187106
26, 0.6356146872016797
39, 0.1239646103904618
21, 0.07205596693311045
-32, 0.11658128954331382
67, 0.7033667313583217
-19, 0.8261354756305167
-18, 0.622140359590458
-10, 0.42193512460316385
41, 0.19537949493411932
-2, 0.6967486515290413
-88, 0.6243198468670174
28, 0.4501571950288915
-6, 0.6273238430886755
-17, 0.215088560158625
-22, 0.4066736725943102
93, 0.6083105813909956
46, 0.6425958406126832
-14, 0.15105451830162786
48, 0.29239299318995293
-67, 0.18861224346413852
13, 0.2667307127024615
-82, 0.1725631775700307
-94, 0.26643172794289227
-52, 0.1653246730318999
97, 0.18866593272076904
-66, 0.35034820526112354
-89, 0.4684839304768167
69, 0.4152975495500426
-15, 0.3034319776452694
59, 0.3588865080377819
-50, 0.8092715337150964
42, 0.9861789543874394
19, 0.9086450658367937
-41, 0.9856135074259381
17, 0.37678097570040936
-38, 0.7712438254906175
69, 0.4113931639477568
-94, 0.8891192942282864
-98, 0.8018432436679893
-9, 0.5411117380934851
-38, 0.37493438668625634
-87, 0.9303688629629496
35, 0.017623528123677734
35, 0.2045161896428478
-44, 0.7772332689628056
5, 0.5353821054203579
15, 0.6441146308233507
-33, 0.43513267812606526
39, 0.6401369985603016
27, 0.3227317306581732
35, 0.9322045682449575
82, 0.13138095529652227
4, 0.015977766868839227
-31, 0.26814099625103294
-4, 0.3165753671564312
-9, 0.832268523929083
73, 0.992805319364689
25, 0.07575757586165521
-42, 0.49239073069021977
-46, 0.3944170939273465
-47, 0.062369094958210414
-10, 0.8281242034816477
-16, 0.1210985938235365
-47, 0.5444459209647808
-63, 0.5568788112995586
26, 0.13608611476339927
68, 0.7987947227489273
-22, 0.771997196876059
-73, 0.3465523183646161
89, 0.19766116632750053
57, 0.7849046199346061
-75, 0.36197147793436957
-34, 0.3131183377120583
59, 0.23574763443190494
63, 0.36441861213400306
60, 0.7536449001785216
-88, 0.08867514978406998
87, 0.15378709558622483
29, 0.9208905141784106
56, 0.5751996986284432
-67, 0.11204119327800799
30, 0.8468328035650007
-66, 0.9615023677266918
12, 0.8576948819641544
-85, 0.10548283380940848
78, 0.1437628166892363
-73, 0.16410259171885966
11, 0.42393843803596076
-54, 0.8544666750641629
60, 0.5244970677417254
-37, 0.09770094806109153
-81, 0.9761894587403654
36, 0.1925811691386845
-90, 0.8946206187735134
16, 0.8525035453520892
-44, 0.9492668602340194
71, 0.44445858510146896
96, 0.738358313213488
-56, 0.1667764502048873
-4, 0.9047191221529924
-16, 0.19774962583975786
-8, 0.7042290729106192
99, 0.1472095770436178
-36, 0.8978640123552483
-91, 0.4123349075247381
98, 0.875853443722948
50, 0.5523772628159007
69, 0.51472248187328
-19, 0.6868594555454552
-87, 0.14279973306039406
37, 0.051186910023104604
-76, 0.37825782266097363
80, 0.3734322261488756
-55, 0.5331390093132217
31, 0.30820203812116553
97, 0.34879052015492307
-63, 0.049822850554978815
58, 0.916448252269995
-91, 0.259001134651774
-49, 0.5152547275446218
68, 0.63687935841728
85, 0.7971130773130743
-47, 0.8038240486666728
80, 0.09422702381568226
44, 0.9883109775576167
96, 0.4341174147260405
-76, 0.19189711330634251
-11, 0.8221143865414228
-33, 0.7196732888608905
94, 0.6220320987293206
-63, 0.30824455801043105
46, 0.5830420542220501
-66, 0.285280971446107
39, 0.4786317737773894
31, 0.9242582900948886
-49, 0.8491452406403206
62, 0.5883136225265106
50, 0.8075194866158156
-66, 0.5261463922716427
-16, 0.8903128905959035
94, 0.4617227286211426
64, 0.6585607132152127
-69, 0.8238660249955859
-70, 0.7685856559651671
-11, 0.2922124659482018
93, 0.8085692840316969
33, 0.20538716228025167
-35, 0.05370292402072119
-42, 0.46759019857687667
-14, 0.6056808216973834
-57, 0.49702811365441935
69, 0.2989419678973876
-24, 0.8522350686725302
3, 0.6966862772735767
78, 0.08549226150882339
99, 0.06801420556711169
28, 0.07045092978288758
-35, 0.5979889989640946
45, 0.8725854308453643
1, 0.7689685561797969
72, 0.2911044073183576
84, 0.46934086654923324
55, 0.792312249237087
-54, 0.39468206811602957
16, 0.6193397663089445
-94, 0.8205602826570435
72, 0.4354353295575111
-66, 0.27802590402361527
-82, 0.14749766240284
-83, 0.4364684260285022
75, 0.27506079837868713
46, 0.0347004551118979
58, 0.9583081476753714
28, 0.5852936183526584
50, 0.13033600814018798
53, 0.1780705752670071
-30, 0.5910444827088946
73, 0.4848771455277203
-13, 0.689787429263729
-71, 0.6864651462358937
67, 0.4798525062914816
-16, 0.5605849054935534
29, 0.8818495619324561
62, 0.4166700778090827
-96, 0.6271720216439473
31, 0.33936671636702787
-55, 0.9235543400913838
92, 0.7470946743709936
39, 0.969359229692173
-18, 0.6792381989933921
-1, 0.05800405819179866
57, 0.25063409485802834
41, 0.07767708285722497
76, 0.885003702459422
68, 0.7184390862266575
35, 0.026287139090969025
5, 0.7319962140459011
-55, 0.16066720829912529
-63, 0.2550971616289852
32, 0.6995734430667151
58, 0.7514433234953223
77, 0.06572827304437379
83, 0.790499837846144
31, 0.2989326634714651
-45, 0.3504060544883758
56, 0.3568640529951389
-88, 0.7618271739427147
-20, 0.5851561146029373
41, 0.1913417020110415
85, 0.10404596348726558
34, 0.797366510996733
-27, 0.6925163696386963
46, 0.9060929148665691
-1, 0.901958620379318
-3, 0.24126235841363375
27, 0.4571374883058058
-44, 0.6677070261461585
84, 0.039778977465095955
84, 0.9534811784845987
-72, 0.7384237105626764
-90, 0.7762410056194582
39, 0.32383260582200035
-38, 0.5700642117232264
20, 0.0181848217682401
29, 0.8466740155385176
-71, 0.8013095081302919
-88, 0.4818436761891899
-86, 0.47110508144309815
35, 0.16258438010559384
-82, 0.9893947608746736
-3, 0.7890460623519655
-79, 0.1297735825643589
42, 0.5715576256618727
-89, 0.5154556137173145
-47, 0.17395753659057844
-94, 0.7942501183068538
-38, 0.004445937908924669
72, 0.6245728738920898
29, 0.8444944452907303
63, 0.25975321270653906
81, 0.14680877017784877
-94, 0.9714012312979631
81, 0.6502655951732751
78, 0.7520352257559495
79, 0.5868784874629569
-11, 0.3523278143938592
95, 0.14787122031126965
64, 0.7883130380471968
-100, 0.21256359542962622
-10, 0.1738845451126132
-74, 0.8614022792413839
-89, 0.00900921106406205
-48, 0.43850318562809487
-7, 0.2817131626481273
-33, 0.7256850273590318
100, 0.04150408736538358
91, 0.23301197312143684
-54, 0.7245732274044281
-34, 0.7920819565719323
-95, 0.12272984135342624
89, 0.4042525175146452
90, 0.09006135646330471
-27, 0.37735653693441784
-17, 0.2864586148385996
-28, 0.5226534188628713
-9, 0.3014781907669738
72, 0.25463516092195204
7, 0.07033957077235986
73, 0.7686757844706752
55, 0.21957694969496588
0, 0.3074320568637896
100, 0.4762603586641626
5, 0.5283498218062157
-45, 0.34966069421496626
-34, 0.48490842430198744
3, 0.2954242937766104
89, 0.9562419587891091
-6, 0.7767257439735966
92, 0.904732287890365
0, 0.6596851780534922
43, 0.990415995574509
43, 0.5244688472547898
87, 0.20642030630486097
97, 0.625587353885651
54, 0.22053975435106066
-52, 0.8338435233814768
55, 0.31937844920831204
1, 0.8267463112805455
18, 0.5454591334476042
76, 0.04458707436538922
58, 0.14989966083651396
12, 0.48023339795686704
64, 0.6867332067879699
40, 0.38320922565047044
98, 0.5874759620546746
6, 0.38592933878887914
-61, 0.6601009746986877
-20, 0.018486380095029564
60, 0.055891204547298234
-95, 0.9392525666862783
47, 0.12776515253520693
-26, 0.313935015666437
-65, 0.4477919479316045
77, 0.10235052930728106
69, 0.7683454505635331
48, 0.19700730969375646
8, 0.7495127834857128
-2, 0.9397699106342472
-97, 0.07101523526705444
54, 0.16359051405856884
39, 0.08613670707067556
19, 0.15303017551287557
12, 0.8480123121088411
45, 0.0019926555096677623
-74, 0.27563236563377336
-72, 0.9767252912836948
64, 0.6745024441905915
29, 0.10462429776022086
10, 0.293418206702604
37, 0.9040345986884544
40, 0.4593743769313813
-2, 0.06554159751504796
58, 0.6513356454586247
-80, 0.1479093984546196
-48, 0.25146215518226234
-42, 0.8272121340892823
-7, 0.2977988497576536
53, 0.2888109123025565
80, 0.060283533629754804
-76, 0.6350751316523452
64, 0.5458643589280333
-70, 0.25155254029645124
95, 0.6369984688986176
59, 0.47730950851662546
-80, 0.7498239407571009
-90, 0.3133638439788774
-8, 0.32494545157755506
-85, 0.27597106793126147
-73, 0.08354500011537513
100, 0.5680777894931106
-93, 0.05562739828500407
80, 0.5828301712012908
-6, 0.5927582866130685
100, 0.7972059903339279
-42, 0.31324180772693755
-81, 0.3055808001999084
54, 0.5526319497759601
13, 0.7205940979388433
100, 0.7365520933614287
22, 0.6616148384687008
-71, 0.31438700405179565
23, 0.29008092668921015
74, 0.838750639220389
12, 0.8182234925862037
-45, 0.4283785033991554
79, 0.3132982391148168
-91, 0.5032967267697112
71, 0.835270135736639
-48, 0.21569763333915803
-45, 0.1549966770043787
-21, 0.0593314155712541
-5, 0.6396053489964089
-28, 0.9365940528429207
5, 0.7975982309951902
-38, 0.9233475346157638
-48, 0.8202646156864565
82, 0.633507758134751
-46, 0.7974390627559181
43, 0.29771269783042154
30, 0.7051716226920788
98, 0.6479473312374382
-93, 0.8530980311926403
-12, 0.3420463958664586
67, 0.7254568959053294
-75, 0.6756173447205102
29, 0.5538332890831014
-21, 0.6888576420220139
21, 0.10224410356666436
62, 0.0502267271067357
-60, 0.6001116263073826
2, 0.8262741233116633
-99, 0.619270976597011
86, 0.19691792002867825
11, 0.390733787284297
-73, 0.8529726662507952
9, 0.7522853190545584
-46, 0.7783500009499946
-41, 0.8789048610918081
-95, 0.2978144784725887
64, 0.9800455857946128
-55, 0.91474842008598
49, 0.8710152413016494
58, 0.4473816207128768
68, 0.5087907033259536
-15, 0.35307563838574463
-97, 0.7250199972415353
-37, 0.9522850435730112
-93, 0.6131851734385456
53, 0.5610889015333148
48, 0.7744706991025034
36, 0.6119173964182536
-96, 0.6847046450231297
-83, 0.4271702868185898
79, 0.9703824725575873
-4, 0.965509253384788
-89, 0.13073769856691653
-16, 0.011852883460095498
69, 0.792289851191838
17, 0.5756772919606548
-39, 0.0729140811696053
-26, 0.3049523122431689
55, 0.9778290057658052
-49, 0.7950732326417923
53, 0.13348817525613865
-97, 0.9582221357212648
-84, 0.7928605809770926
-1, 0.36792654277250736
-17, 0.23079870129416846
32, 0.8669668739747527
67, 0.6258667864590269
86, 0.7368539451061972
36, 0.7689900904978689
-76, 0.5225567671812621
14, 0.40866382226986486
-35, 0.5425479882927254
40, 0.5524211729048426
8, 0.7888908734515856
-50, 0.2384103850001411
-30, 0.951542181575947
54, 0.9009722409313344
-63, 0.5842992616624553
9, 0.6378061683619898
-42, 0.4161452327333428
-19, 0.6263161264007298
-71, 0.060434529737343756
76, 0.4580270782672078
79, 0.11990056584865316
45, 0.3328716774142738
80, 0.667915697374273
39, 0.460043423092933
52, 0.6955239713254044
80, 0.8239380518397329
8, 0.32890132997886234
-100, 0.4162442231491582
78, 0.9872138283493874
88, 0.7238511767690616
7, 0.5887307015364894
59, 0.5388859973207946
5, 0.6050815069811253
-95, 0.7835162685589852
2, 0.2165782037565529
-53, 0.23340243001367778
37, 0.07192247988750566
41, 0.128440252854773
22, 0.2201445981828286
-82, 0.6121758892053675
-26, 0.7439644882789785
-69, 0.827367562310507
-51, 0.8889361286353328
62, 0.06716526790175459
89, 0.377687828464102
-69, 0.24857795461371346
25, 0.6927509449882665
6, 0.5356444335614942
-72, 0.45393149315617454
31, 0.3267383848504566
-35, 0.44426954225376913
12, 0.5802431038145023
-34, 0.4959608985450059
2, 0.6741969585470529
92, 0.8051793860166456
-84, 0.32988397824901716
41, 0.16725837370667362
-96, 0.42926475653431984
44, 0.44058238061437205
-2, 0.2654100102501835
-16, 0.12650081774955557
-64, 0.08211567765387684
35, 0.2860393961907184
38, 0.8652699656676451
-85, 0.07688549351831031
81, 0.24621528816049765
12, 0.44095434528696154
29, 0.0980290465824688
-12, 0.09167047838595921
-96, 0.7475511162943307
-83, 0.5271235741261039
22, 0.6390631341620404
88, 0.7581683596508164
55, 0.8761348915012211
71, 0.07545881240064012
30, 0.06343116756594291
81, 0.07174653653661234
-37, 0.6477872574555742
-83, 0.18621149682012228
-32, 0.5085716106598567
73, 0.059890232662834
-3, 0.7760939559979843
-97, 0.05201220466840217
-58, 0.8900908046355585
-18, 0.22581505837129012
11, 0.5006727154736426
24, 0.8594025841774022
29, 0.7793665985665792
24, 0.7341746664784851
2, 0.2226232397232002
-10, 0.3646401605237388
94, 0.33220563561488137
73, 0.9706955905018537
-82, 0.7431916474679878
-87, 0.6797276443941057
-52, 0.08026144478094621
7, 0.04803092059037828
66, 0.7732664249619352
-62, 0.509235336275989
-100, 0.4362313178142573
-9, 0.3012910133451825
10, 0.005883681680561859
-17, 0.47227106784968953
-91, 0.5649805704055036
-1, 0.7988577753159845
-23, 0.33928768528938746
-94, 0.36993696680650867
-23, 0.5528962097605362
53, 0.1856489375290381
-18, 0.7251818553437288
-68, 0.6410277462986232
-6, 0.7472699815147428
-29, 0.7174268968543271
-9, 0.26855713642966916
95, 0.7771396110840002
-92, 0.24601798556915488
80, 0.36267535048322397
-54, 0.50612252327354
3, 0.12892692068577138
-79, 0.3904490269787806
57, 0.3522452082257399
58, 0.9453032683654661
-96, 0.5824073564554414
-37, 0.15709115894846126
17, 0.9352147882216646
88, 0.6452491025548778
-88, 0.9737179564563393
72, 0.6191848120536084
31, 0.40067051178830015
76, 0.46128745122968273
5, 0.8850826559128894
-31, 0.6714152051120338
49, 0.39895989260601616
86, 0.23741345127930746
64, 0.5087863641827702
-2, 0.0022440730700045153
44, 0.9065262435028288
-29, 0.7269015397722624
-15, 0.7803518492285298
-41, 0.4991620206873816
-99, 0.24697858628234093
-82, 0.33345287051198846
-49, 0.5212363913697687
-26, 0.8448709413369527
-97, 0.4975107145388574
15, 0.5626617620865648
100, 0.6488500286977587
60, 0.8770134559740617
-86, 0.3340413953795257
-82, 0.4197361919468817
-81, 0.49493154042082077
11, 0.7272475327901367
68, 0.30945666228811564
75, 0.45856143995139187
-48, 0.6695012692652441
76, 0.3877755826033411
-44, 0.8607181148532894
-64, 0.7914442640572518
-19, 0.7657489139596176
87, 0.7594444023024087
-90, 0.8013442977100307
3, 0.04655920299588823
-12, 0.8104600988324121
-20, 0.10647868284422168
12, 0.3350316324319301
-71, 0.07134301408219945
-97, 0.20848095734394922
-13, 0.6208455959490635
5, 0.10021943187855664
46, 0.00118994965368735
75, 0.3421110180594882
33, 0.8706531575431604
-1, 0.2205058050121842
55, 0.24337449683832946
39, 0.7308410400125197
-38, 0.9424487551368768
53, 0.278732380961518
91, 0.8346914044038978
-19, 0.05722329431566697
-64, 0.85937139573824
-71, 0.656906043649993
90, 0.4191443319738303
-33, 0.6674036251552629
44, 0.6629957670820453
36, 0.4461580174347761
89, 0.818725655636367
-7, 0.017145818078992625
21, 0.7249301641210119
-28, 0.03457072426622254
-74, 0.7341631284353846
86, 0.7820837086921013
35, 0.6131879609508573
4, 0.38288600688919294
53, 0.6322792705983621
-89, 0.41377725348818084
81, 0.2837771121612318
-35, 0.12476644457835517
72, 0.7048722035068696
98, 0.2567571768623699
94, 0.296243998406197
-47, 0.797699680784202
87, 0.6383151085581074
14, 0.31027063116204556
65, 0.9771699893463425
-55, 0.46897946417042546
33, 0.7310790900693352
-92, 0.005423852006206209
-61, 0.39193170720809534
-96, 0.26424834196693847
-7, 0.9570923139089653
78, 0.4689551437918432
64, 0.6582615341638735
-46, 0.2685664752763727
-22, 0.6354043169888995
-42, 0.6535661159408178
66, 0.8915925469145034
-47, 0.08785515305372782
50, 0.8404093372766641
-12, 0.20853630119757183
-18, 0.7144583794285602
90, 0.193614368582538
-37, 0.11951231640359328
-28, 0.6477189103860242
16, 0.1624015168847751
2, 0.8686456988337433
-65, 0.8265753014631086
-71, 0.07815498256959796
38, 0.29278739756549754
-23, 0.8263426245418831
25, 0.6512471737655104
29, 0.4690842591792057
-2, 0.9824328512063735
-8, 0.10407839368409422
-24, 0.6874123518111661
41, 0.5172871384282534
-70, 0.8647165515546498
-56, 0.6995545406982732
-61, 0.934052678718478
-40, 0.4213265866446819
-34, 0.7460790883000643
-86, 0.7946785032075594
-25, 0.03534597735636069
-28, 0.9616858851285548
33, 0.13358558618488547
-83, 0.8617294589822606
-22, 0.29016698740377134
51, 0.22479410075972783
-32, 0.25004354362869385
6, 0.784311086883722
-45, 0.5456251721167042
31, 0.024950162133961173
50700